Year       : 2007
Country    : CHN
Sub-Region : SHAA
  
Combustion Sources [t/year]
  
Fuel Type           POWER_PLANTS   ENERGY         IRON_STEEL     CHEM_PETRCHEM  NON_FERR_MET   NON_MET_MINE   OTHERS         ROAD_CARS      ROAD_BUSES     ROAD_L_TRUCKS  ROAD_H_TRUCKS  ROAD_MC        ROAD_OTHERS    DOM_NAVI       RAILWAY_ETC    RESIDENT       COMM_PUB       AGR_FORE_FISH  OTHERS         SUB_TOTAL    
HARD_COAL           0.7975964E+02  0.2415510E+04  0.5045083E+02  0.6893964E+03  0.2212050E+03  0.0000000E+00  0.3856373E+03  0.0000000E+00  0.0000000E+00  0.0000000E+00  0.0000000E+00  0.0000000E+00  0.0000000E+00  0.0000000E+00  0.1063734E+03  0.4755240E+03  0.7185420E+03  0.7845898E+02  0.0000000E+00  0.5220858E+04
BROWN_COAL          0.0000000E+00  0.0000000E+00  0.0000000E+00  0.0000000E+00  0.0000000E+00  0.0000000E+00  0.0000000E+00  0.0000000E+00  0.0000000E+00  0.0000000E+00  0.0000000E+00  0.0000000E+00  0.0000000E+00  0.0000000E+00  0.0000000E+00  0.0000000E+00  0.0000000E+00  0.0000000E+00  0.0000000E+00  0.0000000E+00
DERIVED_COAL        0.0000000E+00  0.0000000E+00  0.0000000E+00  0.0000000E+00  0.0000000E+00  0.0000000E+00  0.0000000E+00  0.0000000E+00  0.0000000E+00  0.0000000E+00  0.0000000E+00  0.0000000E+00  0.0000000E+00  0.0000000E+00  0.0000000E+00  0.0000000E+00  0.0000000E+00  0.0000000E+00  0.0000000E+00  0.0000000E+00
NATURAL_GAS         0.0000000E+00  0.0000000E+00  0.0000000E+00  0.0000000E+00  0.0000000E+00  0.0000000E+00  0.0000000E+00  0.0000000E+00  0.0000000E+00  0.0000000E+00  0.0000000E+00  0.0000000E+00  0.0000000E+00  0.0000000E+00  0.0000000E+00  0.0000000E+00  0.0000000E+00  0.0000000E+00  0.0000000E+00  0.0000000E+00
COKE_OVEN_GAS       0.0000000E+00  0.0000000E+00  0.0000000E+00  0.0000000E+00  0.0000000E+00  0.0000000E+00  0.0000000E+00  0.0000000E+00  0.0000000E+00  0.0000000E+00  0.0000000E+00  0.0000000E+00  0.0000000E+00  0.0000000E+00  0.0000000E+00  0.0000000E+00  0.0000000E+00  0.0000000E+00  0.0000000E+00  0.0000000E+00
OTHER_GAS           0.0000000E+00  0.0000000E+00  0.0000000E+00  0.0000000E+00  0.0000000E+00  0.0000000E+00  0.0000000E+00  0.0000000E+00  0.0000000E+00  0.0000000E+00  0.0000000E+00  0.0000000E+00  0.0000000E+00  0.0000000E+00  0.0000000E+00  0.0000000E+00  0.0000000E+00  0.0000000E+00  0.0000000E+00  0.0000000E+00
MOTOR_GASOLINE      0.0000000E+00  0.0000000E+00  0.0000000E+00  0.0000000E+00  0.0000000E+00  0.0000000E+00  0.0000000E+00  0.6842405E+02  0.4245212E+02  0.4219654E+02  0.6033342E+02  0.5870038E+03  0.0000000E+00  0.0000000E+00  0.0000000E+00  0.0000000E+00  0.0000000E+00  0.6341400E+01  0.0000000E+00  0.8067513E+03
KEROSENE            0.0000000E+00  0.8691342E+00  0.3682772E-01  0.2553388E+00  0.8347617E-01  0.5646917E-01  0.5941540E+00  0.0000000E+00  0.0000000E+00  0.0000000E+00  0.0000000E+00  0.0000000E+00  0.0000000E+00  0.0000000E+00  0.0000000E+00  0.0000000E+00  0.0000000E+00  0.0000000E+00  0.0000000E+00  0.1895400E+01
OTHER_LF            0.2691000E+00  0.1781189E+01  0.7547408E-01  0.5232870E+00  0.1710746E+00  0.1157270E+00  0.1217649E+01  0.0000000E+00  0.0000000E+00  0.0000000E+00  0.0000000E+00  0.0000000E+00  0.0000000E+00  0.0000000E+00  0.0000000E+00  0.5499000E+02  0.3510000E+00  0.0000000E+00  0.0000000E+00  0.5949450E+02
DIESEL_OIL          0.1484986E+01  0.4584188E+02  0.8745878E+00  0.1224423E+01  0.2536305E+01  0.2311410E+01  0.5810384E+01  0.0000000E+00  0.5823901E+03  0.1720223E+03  0.1158281E+04  0.0000000E+00  0.6983593E+03  0.8640657E-01  0.3447622E+02  0.6459270E+01  0.2325337E+02  0.3617191E+02  0.2028210E+01  0.2773612E+04
CRUDE_OIL           0.0000000E+00  0.6118899E+00  0.1289820E-01  0.3065219E-01  0.3596321E-01  0.3156266E-01  0.9089439E-01  0.0000000E+00  0.0000000E+00  0.0000000E+00  0.0000000E+00  0.0000000E+00  0.0000000E+00  0.0000000E+00  0.0000000E+00  0.0000000E+00  0.0000000E+00  0.0000000E+00  0.0000000E+00  0.8138605E+00
HEAVY_FUEL_OIL      0.3534000E-02  0.2752040E+00  0.5801107E-02  0.1378615E-01  0.1617484E-01  0.1419565E-01  0.4088073E-01  0.0000000E+00  0.0000000E+00  0.0000000E+00  0.0000000E+00  0.0000000E+00  0.0000000E+00  0.7236000E-01  0.0000000E+00  0.0000000E+00  0.0000000E+00  0.0000000E+00  0.0000000E+00  0.4419365E+00
OTHER_HF            0.0000000E+00  0.1987910E+01  0.4190375E-01  0.9958295E-01  0.1168374E+00  0.1025409E+00  0.2952980E+00  0.0000000E+00  0.0000000E+00  0.0000000E+00  0.0000000E+00  0.0000000E+00  0.0000000E+00  0.0000000E+00  0.0000000E+00  0.0000000E+00  0.0000000E+00  0.0000000E+00  0.0000000E+00  0.2644073E+01
FUELWOOD            0.0000000E+00  0.0000000E+00  0.0000000E+00  0.0000000E+00  0.0000000E+00  0.0000000E+00  0.0000000E+00  0.0000000E+00  0.0000000E+00  0.0000000E+00  0.0000000E+00  0.0000000E+00  0.0000000E+00  0.0000000E+00  0.0000000E+00  0.8105954E+04  0.0000000E+00  0.0000000E+00  0.0000000E+00  0.8105954E+04
CROP_RESIDUE        0.0000000E+00  0.0000000E+00  0.0000000E+00  0.0000000E+00  0.0000000E+00  0.0000000E+00  0.0000000E+00  0.0000000E+00  0.0000000E+00  0.0000000E+00  0.0000000E+00  0.0000000E+00  0.0000000E+00  0.0000000E+00  0.0000000E+00  0.1191224E+05  0.0000000E+00  0.0000000E+00  0.0000000E+00  0.1191224E+05
ANIMAL_WASTE        0.0000000E+00  0.0000000E+00  0.0000000E+00  0.0000000E+00  0.0000000E+00  0.0000000E+00  0.0000000E+00  0.0000000E+00  0.0000000E+00  0.0000000E+00  0.0000000E+00  0.0000000E+00  0.0000000E+00  0.0000000E+00  0.0000000E+00  0.0000000E+00  0.0000000E+00  0.0000000E+00  0.0000000E+00  0.0000000E+00
OTHERS              0.0000000E+00  0.0000000E+00  0.0000000E+00  0.0000000E+00  0.0000000E+00  0.0000000E+00  0.0000000E+00  0.0000000E+00  0.0000000E+00  0.0000000E+00  0.0000000E+00  0.0000000E+00  0.0000000E+00  0.0000000E+00  0.0000000E+00  0.0000000E+00  0.0000000E+00  0.0000000E+00  0.0000000E+00  0.0000000E+00
SUB_TOTAL           0.8151726E+02  0.2466877E+04  0.5149832E+02  0.6915435E+03  0.2241648E+03  0.2631905E+01  0.3936866E+03  0.6842405E+02  0.6248422E+03  0.2142188E+03  0.1218614E+04  0.5870038E+03  0.6983593E+03  0.1587666E+00  0.1408496E+03  0.2055517E+05  0.7421464E+03  0.1209723E+03  0.2028210E+01  0.2888470E+05
  
Non-Combustion Sources [t/year]
  
Industry [t/year]
  
Sector
PIG_IRON            0.6049122E+03
CRUDE_STEEL         0.0000000E+00
IRON_STEEL_OTHERS   0.1713568E+02
ALUMINUM_ALUMINA    0.0000000E+00
COPPER              0.0000000E+00
ZINC                0.0000000E+00
LEAD                0.0000000E+00
CMENT               0.3853947E+03
BRICKS              0.1824557E+04
LIME                0.2155733E+03
COKE_OVENS          0.1038922E+05
OIL_REFINERY        0.0000000E+00
OTH_TRANSFORMATION  0.5071290E+02
SULPHRIC_ACID       0.0000000E+00
OTHERS              0.0000000E+00
SUB_TOTAL           0.1348751E+05
  
Total [t/year]
  
TOTAL               0.4237221E+05
