Year       : 2007
Country    : CHN
Sub-Region : GANS
  
Combustion Sources [t/year]
  
Fuel Type           POWER_PLANTS   ENERGY         IRON_STEEL     CHEM_PETRCHEM  NON_FERR_MET   NON_MET_MINE   OTHERS         ROAD_CARS      ROAD_BUSES     ROAD_L_TRUCKS  ROAD_H_TRUCKS  ROAD_MC        ROAD_OTHERS    DOM_NAVI       RAILWAY_ETC    RESIDENT       COMM_PUB       AGR_FORE_FISH  OTHERS         SUB_TOTAL    
HARD_COAL           0.6040032E+02  0.3317527E+03  0.8426847E+03  0.3380202E+03  0.1841577E+03  0.0000000E+00  0.2559760E+03  0.0000000E+00  0.0000000E+00  0.0000000E+00  0.0000000E+00  0.0000000E+00  0.0000000E+00  0.0000000E+00  0.2250746E+03  0.3641400E+04  0.8346700E+02  0.1371762E+03  0.5624950E+02  0.6156359E+04
BROWN_COAL          0.0000000E+00  0.0000000E+00  0.0000000E+00  0.0000000E+00  0.0000000E+00  0.0000000E+00  0.0000000E+00  0.0000000E+00  0.0000000E+00  0.0000000E+00  0.0000000E+00  0.0000000E+00  0.0000000E+00  0.0000000E+00  0.0000000E+00  0.0000000E+00  0.0000000E+00  0.0000000E+00  0.0000000E+00  0.0000000E+00
DERIVED_COAL        0.0000000E+00  0.0000000E+00  0.0000000E+00  0.0000000E+00  0.0000000E+00  0.0000000E+00  0.0000000E+00  0.0000000E+00  0.0000000E+00  0.0000000E+00  0.0000000E+00  0.0000000E+00  0.0000000E+00  0.0000000E+00  0.0000000E+00  0.0000000E+00  0.0000000E+00  0.0000000E+00  0.0000000E+00  0.0000000E+00
NATURAL_GAS         0.0000000E+00  0.0000000E+00  0.0000000E+00  0.0000000E+00  0.0000000E+00  0.0000000E+00  0.0000000E+00  0.0000000E+00  0.0000000E+00  0.0000000E+00  0.0000000E+00  0.0000000E+00  0.0000000E+00  0.0000000E+00  0.0000000E+00  0.0000000E+00  0.0000000E+00  0.0000000E+00  0.0000000E+00  0.0000000E+00
COKE_OVEN_GAS       0.0000000E+00  0.0000000E+00  0.0000000E+00  0.0000000E+00  0.0000000E+00  0.0000000E+00  0.0000000E+00  0.0000000E+00  0.0000000E+00  0.0000000E+00  0.0000000E+00  0.0000000E+00  0.0000000E+00  0.0000000E+00  0.0000000E+00  0.0000000E+00  0.0000000E+00  0.0000000E+00  0.0000000E+00  0.0000000E+00
OTHER_GAS           0.0000000E+00  0.0000000E+00  0.0000000E+00  0.0000000E+00  0.0000000E+00  0.0000000E+00  0.0000000E+00  0.0000000E+00  0.0000000E+00  0.0000000E+00  0.0000000E+00  0.0000000E+00  0.0000000E+00  0.0000000E+00  0.0000000E+00  0.0000000E+00  0.0000000E+00  0.0000000E+00  0.0000000E+00  0.0000000E+00
MOTOR_GASOLINE      0.0000000E+00  0.0000000E+00  0.0000000E+00  0.0000000E+00  0.0000000E+00  0.0000000E+00  0.0000000E+00  0.2346538E+02  0.2423702E+02  0.3769276E+02  0.4026675E+02  0.1131099E+03  0.0000000E+00  0.0000000E+00  0.0000000E+00  0.0000000E+00  0.0000000E+00  0.3802500E+01  0.0000000E+00  0.2425743E+03
KEROSENE            0.0000000E+00  0.7934063E-01  0.3400313E-01  0.2266875E-01  0.1020094E+00  0.2266875E-01  0.1254094E+00  0.0000000E+00  0.0000000E+00  0.0000000E+00  0.0000000E+00  0.0000000E+00  0.0000000E+00  0.0000000E+00  0.0000000E+00  0.1170000E-01  0.1170000E-01  0.1170000E-01  0.2340000E-01  0.4446001E+00
OTHER_LF            0.2067390E+02  0.2169613E+02  0.4728643E+01  0.6526276E+01  0.7278840E+01  0.2781554E+01  0.1133506E+02  0.0000000E+00  0.0000000E+00  0.0000000E+00  0.0000000E+00  0.0000000E+00  0.6000000E+00  0.0000000E+00  0.0000000E+00  0.5838300E+01  0.2340000E-01  0.0000000E+00  0.0000000E+00  0.8148210E+02
DIESEL_OIL          0.3681783E+00  0.4503699E+01  0.1871982E+01  0.1069704E+01  0.3756121E+01  0.1981384E+01  0.1329416E+02  0.0000000E+00  0.3772571E+03  0.1743449E+03  0.8770936E+03  0.0000000E+00  0.6424604E+03  0.1492507E-01  0.1134902E+02  0.3875562E-01  0.9688904E+00  0.3139205E+02  0.1421040E+01  0.2143186E+04
CRUDE_OIL           0.0000000E+00  0.2249793E+01  0.0000000E+00  0.0000000E+00  0.0000000E+00  0.0000000E+00  0.0000000E+00  0.0000000E+00  0.0000000E+00  0.0000000E+00  0.0000000E+00  0.0000000E+00  0.0000000E+00  0.0000000E+00  0.0000000E+00  0.0000000E+00  0.0000000E+00  0.0000000E+00  0.0000000E+00  0.2249793E+01
HEAVY_FUEL_OIL      0.1713990E+01  0.1104585E+01  0.2817441E-02  0.3972593E+00  0.2098993E+01  0.2817441E-01  0.1690464E-01  0.0000000E+00  0.0000000E+00  0.0000000E+00  0.0000000E+00  0.0000000E+00  0.0000000E+00  0.0000000E+00  0.0000000E+00  0.0000000E+00  0.0000000E+00  0.0000000E+00  0.0000000E+00  0.5362724E+01
OTHER_HF            0.0000000E+00  0.3154127E+01  0.8045163E-02  0.1134367E+01  0.5993646E+01  0.8045163E-01  0.2544970E+00  0.0000000E+00  0.0000000E+00  0.0000000E+00  0.0000000E+00  0.0000000E+00  0.0000000E+00  0.4020000E-02  0.0000000E+00  0.0000000E+00  0.1680000E-02  0.0000000E+00  0.1680000E-02  0.1063251E+02
FUELWOOD            0.0000000E+00  0.0000000E+00  0.0000000E+00  0.0000000E+00  0.0000000E+00  0.0000000E+00  0.0000000E+00  0.0000000E+00  0.0000000E+00  0.0000000E+00  0.0000000E+00  0.0000000E+00  0.0000000E+00  0.0000000E+00  0.0000000E+00  0.4187567E+04  0.0000000E+00  0.0000000E+00  0.0000000E+00  0.4187567E+04
CROP_RESIDUE        0.0000000E+00  0.0000000E+00  0.0000000E+00  0.0000000E+00  0.0000000E+00  0.0000000E+00  0.0000000E+00  0.0000000E+00  0.0000000E+00  0.0000000E+00  0.0000000E+00  0.0000000E+00  0.0000000E+00  0.0000000E+00  0.0000000E+00  0.7159909E+04  0.0000000E+00  0.0000000E+00  0.0000000E+00  0.7159909E+04
ANIMAL_WASTE        0.0000000E+00  0.0000000E+00  0.0000000E+00  0.0000000E+00  0.0000000E+00  0.0000000E+00  0.0000000E+00  0.0000000E+00  0.0000000E+00  0.0000000E+00  0.0000000E+00  0.0000000E+00  0.0000000E+00  0.0000000E+00  0.0000000E+00  0.0000000E+00  0.0000000E+00  0.0000000E+00  0.0000000E+00  0.0000000E+00
OTHERS              0.0000000E+00  0.0000000E+00  0.0000000E+00  0.0000000E+00  0.0000000E+00  0.0000000E+00  0.0000000E+00  0.0000000E+00  0.0000000E+00  0.0000000E+00  0.0000000E+00  0.0000000E+00  0.0000000E+00  0.0000000E+00  0.0000000E+00  0.0000000E+00  0.0000000E+00  0.0000000E+00  0.0000000E+00  0.0000000E+00
SUB_TOTAL           0.8315639E+02  0.3645404E+03  0.8493302E+03  0.3471705E+03  0.2033873E+03  0.4894233E+01  0.2810020E+03  0.2346538E+02  0.4014941E+03  0.2120377E+03  0.9173604E+03  0.1131099E+03  0.6430604E+03  0.1894507E-01  0.2364236E+03  0.1499476E+05  0.8447267E+02  0.1723825E+03  0.5769562E+02  0.1998977E+05
  
Non-Combustion Sources [t/year]
  
Industry [t/year]
  
Sector
PIG_IRON            0.9809324E+03
CRUDE_STEEL         0.0000000E+00
IRON_STEEL_OTHERS   0.3479926E+02
ALUMINUM_ALUMINA    0.0000000E+00
COPPER              0.0000000E+00
ZINC                0.0000000E+00
LEAD                0.0000000E+00
CMENT               0.1869283E+03
BRICKS              0.1339778E+04
LIME                0.4964109E+02
COKE_OVENS          0.2930329E+04
OIL_REFINERY        0.0000000E+00
OTH_TRANSFORMATION  0.2816009E+02
SULPHRIC_ACID       0.0000000E+00
OTHERS              0.0000000E+00
SUB_TOTAL           0.5550568E+04
  
Total [t/year]
  
TOTAL               0.2554034E+05
