Year       : 2007
Country    : CHN
Sub-Region : LIAO
  
Combustion Sources [t/year]
  
Fuel Type           POWER_PLANTS   ENERGY         IRON_STEEL     CHEM_PETRCHEM  NON_FERR_MET   NON_MET_MINE   OTHERS         ROAD_CARS      ROAD_BUSES     ROAD_L_TRUCKS  ROAD_H_TRUCKS  ROAD_MC        ROAD_OTHERS    DOM_NAVI       RAILWAY_ETC    RESIDENT       COMM_PUB       AGR_FORE_FISH  OTHERS         SUB_TOTAL    
HARD_COAL           0.7477835E+05  0.8634694E+04  0.1616179E+05  0.4191959E+04  0.1223025E+04  0.0000000E+00  0.4481875E+04  0.0000000E+00  0.0000000E+00  0.0000000E+00  0.0000000E+00  0.0000000E+00  0.0000000E+00  0.0000000E+00  0.1838858E+04  0.3474659E+05  0.5810220E+03  0.2330391E+04  0.9926270E+03  0.1499612E+06
BROWN_COAL          0.0000000E+00  0.0000000E+00  0.0000000E+00  0.0000000E+00  0.0000000E+00  0.0000000E+00  0.0000000E+00  0.0000000E+00  0.0000000E+00  0.0000000E+00  0.0000000E+00  0.0000000E+00  0.0000000E+00  0.0000000E+00  0.0000000E+00  0.0000000E+00  0.0000000E+00  0.0000000E+00  0.0000000E+00  0.0000000E+00
DERIVED_COAL        0.0000000E+00  0.0000000E+00  0.0000000E+00  0.0000000E+00  0.0000000E+00  0.0000000E+00  0.0000000E+00  0.0000000E+00  0.0000000E+00  0.0000000E+00  0.0000000E+00  0.0000000E+00  0.0000000E+00  0.0000000E+00  0.0000000E+00  0.0000000E+00  0.0000000E+00  0.0000000E+00  0.0000000E+00  0.0000000E+00
NATURAL_GAS         0.0000000E+00  0.0000000E+00  0.0000000E+00  0.0000000E+00  0.0000000E+00  0.0000000E+00  0.0000000E+00  0.0000000E+00  0.0000000E+00  0.0000000E+00  0.0000000E+00  0.0000000E+00  0.0000000E+00  0.0000000E+00  0.0000000E+00  0.0000000E+00  0.0000000E+00  0.0000000E+00  0.0000000E+00  0.0000000E+00
COKE_OVEN_GAS       0.0000000E+00  0.0000000E+00  0.0000000E+00  0.0000000E+00  0.0000000E+00  0.0000000E+00  0.0000000E+00  0.0000000E+00  0.0000000E+00  0.0000000E+00  0.0000000E+00  0.0000000E+00  0.0000000E+00  0.0000000E+00  0.0000000E+00  0.0000000E+00  0.0000000E+00  0.0000000E+00  0.0000000E+00  0.0000000E+00
OTHER_GAS           0.0000000E+00  0.0000000E+00  0.0000000E+00  0.0000000E+00  0.0000000E+00  0.0000000E+00  0.0000000E+00  0.0000000E+00  0.0000000E+00  0.0000000E+00  0.0000000E+00  0.0000000E+00  0.0000000E+00  0.0000000E+00  0.0000000E+00  0.0000000E+00  0.0000000E+00  0.0000000E+00  0.0000000E+00  0.0000000E+00
MOTOR_GASOLINE      0.0000000E+00  0.0000000E+00  0.0000000E+00  0.0000000E+00  0.0000000E+00  0.0000000E+00  0.0000000E+00  0.3392508E+03  0.3148696E+03  0.3678163E+03  0.2486388E+03  0.1477759E+04  0.0000000E+00  0.0000000E+00  0.0000000E+00  0.0000000E+00  0.0000000E+00  0.3614400E+03  0.0000000E+00  0.3109775E+04
KEROSENE            0.0000000E+00  0.2813023E+01  0.1054884E+01  0.6768839E+01  0.9669771E+00  0.3867907E+01  0.3366837E+02  0.0000000E+00  0.0000000E+00  0.0000000E+00  0.0000000E+00  0.0000000E+00  0.0000000E+00  0.0000000E+00  0.0000000E+00  0.0000000E+00  0.0000000E+00  0.0000000E+00  0.0000000E+00  0.4914000E+02
OTHER_LF            0.3828600E+03  0.9171073E+02  0.3035654E+03  0.1220951E+03  0.7944547E+02  0.1112237E+03  0.6549196E+03  0.0000000E+00  0.0000000E+00  0.0000000E+00  0.0000000E+00  0.0000000E+00  0.0000000E+00  0.0000000E+00  0.0000000E+00  0.5832900E+03  0.2327400E+03  0.0000000E+00  0.2889000E+02  0.2590740E+04
DIESEL_OIL          0.3717669E+01  0.9912374E+02  0.1278767E+03  0.1992576E+02  0.1877554E+02  0.4587321E+02  0.1589372E+03  0.0000000E+00  0.2508553E+04  0.8453611E+03  0.2772071E+04  0.0000000E+00  0.6788220E+03  0.8421750E+03  0.2335874E+03  0.0000000E+00  0.2870787E+02  0.2620550E+03  0.6746350E+01  0.8652309E+04
CRUDE_OIL           0.3645600E+01  0.5957073E+03  0.0000000E+00  0.5684561E+02  0.0000000E+00  0.7668572E-01  0.5611144E-02  0.0000000E+00  0.0000000E+00  0.0000000E+00  0.0000000E+00  0.0000000E+00  0.0000000E+00  0.0000000E+00  0.0000000E+00  0.0000000E+00  0.0000000E+00  0.0000000E+00  0.3080000E+02  0.6870808E+03
HEAVY_FUEL_OIL      0.2183888E+03  0.4137558E+03  0.1371328E+02  0.9263932E+02  0.1374648E+02  0.9174278E+02  0.2775859E+02  0.0000000E+00  0.0000000E+00  0.0000000E+00  0.0000000E+00  0.0000000E+00  0.0000000E+00  0.2861570E+03  0.0000000E+00  0.0000000E+00  0.0000000E+00  0.0000000E+00  0.1349600E+02  0.1171398E+04
OTHER_HF            0.4340000E-01  0.1287679E+03  0.4267807E+01  0.2883093E+02  0.4278140E+01  0.2855192E+02  0.8638947E+01  0.0000000E+00  0.0000000E+00  0.0000000E+00  0.0000000E+00  0.0000000E+00  0.0000000E+00  0.4690000E+01  0.0000000E+00  0.0000000E+00  0.0000000E+00  0.0000000E+00  0.0000000E+00  0.2080690E+03
FUELWOOD            0.0000000E+00  0.0000000E+00  0.0000000E+00  0.0000000E+00  0.0000000E+00  0.0000000E+00  0.0000000E+00  0.0000000E+00  0.0000000E+00  0.0000000E+00  0.0000000E+00  0.0000000E+00  0.0000000E+00  0.0000000E+00  0.0000000E+00  0.4520135E+05  0.0000000E+00  0.0000000E+00  0.0000000E+00  0.4520135E+05
CROP_RESIDUE        0.0000000E+00  0.0000000E+00  0.0000000E+00  0.0000000E+00  0.0000000E+00  0.0000000E+00  0.0000000E+00  0.0000000E+00  0.0000000E+00  0.0000000E+00  0.0000000E+00  0.0000000E+00  0.0000000E+00  0.0000000E+00  0.0000000E+00  0.9496430E+05  0.0000000E+00  0.0000000E+00  0.0000000E+00  0.9496430E+05
ANIMAL_WASTE        0.0000000E+00  0.0000000E+00  0.0000000E+00  0.0000000E+00  0.0000000E+00  0.0000000E+00  0.0000000E+00  0.0000000E+00  0.0000000E+00  0.0000000E+00  0.0000000E+00  0.0000000E+00  0.0000000E+00  0.0000000E+00  0.0000000E+00  0.0000000E+00  0.0000000E+00  0.0000000E+00  0.0000000E+00  0.0000000E+00
OTHERS              0.0000000E+00  0.0000000E+00  0.0000000E+00  0.0000000E+00  0.0000000E+00  0.0000000E+00  0.0000000E+00  0.0000000E+00  0.0000000E+00  0.0000000E+00  0.0000000E+00  0.0000000E+00  0.0000000E+00  0.0000000E+00  0.0000000E+00  0.0000000E+00  0.0000000E+00  0.0000000E+00  0.0000000E+00  0.0000000E+00
SUB_TOTAL           0.7538701E+05  0.9966572E+04  0.1661227E+05  0.4519065E+04  0.1340238E+04  0.2813362E+03  0.5365803E+04  0.3392508E+03  0.2823423E+04  0.1213177E+04  0.3020710E+04  0.1477759E+04  0.6788220E+03  0.1133022E+04  0.2072445E+04  0.1754955E+06  0.8424699E+03  0.2953886E+04  0.1072559E+04  0.3065953E+06
  
Non-Combustion Sources [t/year]
  
Industry [t/year]
  
Sector
PIG_IRON            0.1010176E+06
CRUDE_STEEL         0.2111707E+05
IRON_STEEL_OTHERS   0.2122933E+05
ALUMINUM_ALUMINA    0.1530862E+04
COPPER              0.1721072E+05
ZINC                0.6973295E+05
LEAD                0.0000000E+00
CMENT               0.6855318E+05
BRICKS              0.1123539E+05
LIME                0.5707464E+04
COKE_OVENS          0.4815362E+05
OIL_REFINERY        0.2370951E+04
OTH_TRANSFORMATION  0.2425090E+03
SULPHRIC_ACID       0.0000000E+00
OTHERS              0.2017667E+03
SUB_TOTAL           0.3683034E+06
  
Total [t/year]
  
TOTAL               0.6748988E+06
