Year       : 2007
Country    : CHN
Sub-Region : GANS
  
Combustion Sources [t/year]
  
Fuel Type           POWER_PLANTS   ENERGY         IRON_STEEL     CHEM_PETRCHEM  NON_FERR_MET   NON_MET_MINE   OTHERS         ROAD_CARS      ROAD_BUSES     ROAD_L_TRUCKS  ROAD_H_TRUCKS  ROAD_MC        ROAD_OTHERS    DOM_NAVI       RAILWAY_ETC    RESIDENT       COMM_PUB       AGR_FORE_FISH  OTHERS         SUB_TOTAL    
HARD_COAL           0.2589151E+05  0.1429729E+04  0.3631654E+04  0.1456740E+04  0.7936505E+03  0.0000000E+00  0.1103160E+04  0.0000000E+00  0.0000000E+00  0.0000000E+00  0.0000000E+00  0.0000000E+00  0.0000000E+00  0.0000000E+00  0.1184603E+04  0.2449020E+05  0.4393000E+03  0.7219800E+03  0.2960500E+03  0.6143858E+05
BROWN_COAL          0.0000000E+00  0.0000000E+00  0.0000000E+00  0.0000000E+00  0.0000000E+00  0.0000000E+00  0.0000000E+00  0.0000000E+00  0.0000000E+00  0.0000000E+00  0.0000000E+00  0.0000000E+00  0.0000000E+00  0.0000000E+00  0.0000000E+00  0.0000000E+00  0.0000000E+00  0.0000000E+00  0.0000000E+00  0.0000000E+00
DERIVED_COAL        0.0000000E+00  0.0000000E+00  0.0000000E+00  0.0000000E+00  0.0000000E+00  0.0000000E+00  0.0000000E+00  0.0000000E+00  0.0000000E+00  0.0000000E+00  0.0000000E+00  0.0000000E+00  0.0000000E+00  0.0000000E+00  0.0000000E+00  0.0000000E+00  0.0000000E+00  0.0000000E+00  0.0000000E+00  0.0000000E+00
NATURAL_GAS         0.0000000E+00  0.0000000E+00  0.0000000E+00  0.0000000E+00  0.0000000E+00  0.0000000E+00  0.0000000E+00  0.0000000E+00  0.0000000E+00  0.0000000E+00  0.0000000E+00  0.0000000E+00  0.0000000E+00  0.0000000E+00  0.0000000E+00  0.0000000E+00  0.0000000E+00  0.0000000E+00  0.0000000E+00  0.0000000E+00
COKE_OVEN_GAS       0.0000000E+00  0.0000000E+00  0.0000000E+00  0.0000000E+00  0.0000000E+00  0.0000000E+00  0.0000000E+00  0.0000000E+00  0.0000000E+00  0.0000000E+00  0.0000000E+00  0.0000000E+00  0.0000000E+00  0.0000000E+00  0.0000000E+00  0.0000000E+00  0.0000000E+00  0.0000000E+00  0.0000000E+00  0.0000000E+00
OTHER_GAS           0.0000000E+00  0.0000000E+00  0.0000000E+00  0.0000000E+00  0.0000000E+00  0.0000000E+00  0.0000000E+00  0.0000000E+00  0.0000000E+00  0.0000000E+00  0.0000000E+00  0.0000000E+00  0.0000000E+00  0.0000000E+00  0.0000000E+00  0.0000000E+00  0.0000000E+00  0.0000000E+00  0.0000000E+00  0.0000000E+00
MOTOR_GASOLINE      0.0000000E+00  0.0000000E+00  0.0000000E+00  0.0000000E+00  0.0000000E+00  0.0000000E+00  0.0000000E+00  0.7381374E+02  0.7624101E+02  0.1185680E+03  0.1266648E+03  0.3558035E+03  0.0000000E+00  0.0000000E+00  0.0000000E+00  0.0000000E+00  0.0000000E+00  0.2925000E+02  0.0000000E+00  0.7803411E+03
KEROSENE            0.0000000E+00  0.6103125E+00  0.2615625E+00  0.1743750E+00  0.7846875E+00  0.1743750E+00  0.9646875E+00  0.0000000E+00  0.0000000E+00  0.0000000E+00  0.0000000E+00  0.0000000E+00  0.0000000E+00  0.0000000E+00  0.0000000E+00  0.9000000E-01  0.9000000E-01  0.9000000E-01  0.1800000E+00  0.3420000E+01
OTHER_LF            0.1590300E+03  0.1668933E+03  0.3637418E+02  0.5020213E+02  0.5599108E+02  0.2139657E+02  0.8719275E+02  0.0000000E+00  0.0000000E+00  0.0000000E+00  0.0000000E+00  0.0000000E+00  0.0000000E+00  0.0000000E+00  0.0000000E+00  0.4491000E+02  0.1800000E+00  0.0000000E+00  0.0000000E+00  0.6221700E+03
DIESEL_OIL          0.1004775E+01  0.1454186E+02  0.5108722E+01  0.2919271E+01  0.1025062E+02  0.5407286E+01  0.3628036E+02  0.0000000E+00  0.6510894E+03  0.2921047E+03  0.1513739E+04  0.0000000E+00  0.1076405E+04  0.5527805E-01  0.4203341E+02  0.1435394E+00  0.3588483E+01  0.1162669E+03  0.5263110E+01  0.3776202E+04
CRUDE_OIL           0.0000000E+00  0.3268930E+02  0.0000000E+00  0.0000000E+00  0.0000000E+00  0.0000000E+00  0.0000000E+00  0.0000000E+00  0.0000000E+00  0.0000000E+00  0.0000000E+00  0.0000000E+00  0.0000000E+00  0.0000000E+00  0.0000000E+00  0.0000000E+00  0.0000000E+00  0.0000000E+00  0.0000000E+00  0.3268930E+02
HEAVY_FUEL_OIL      0.2104900E+02  0.1604953E+02  0.3460016E-01  0.4878622E+01  0.2577711E+02  0.3460016E+00  0.2076009E+00  0.0000000E+00  0.0000000E+00  0.0000000E+00  0.0000000E+00  0.0000000E+00  0.0000000E+00  0.0000000E+00  0.0000000E+00  0.0000000E+00  0.0000000E+00  0.0000000E+00  0.0000000E+00  0.6834246E+02
OTHER_HF            0.0000000E+00  0.4582920E+02  0.9880024E-01  0.1393083E+02  0.7360617E+02  0.9880024E+00  0.3125401E+01  0.0000000E+00  0.0000000E+00  0.0000000E+00  0.0000000E+00  0.0000000E+00  0.0000000E+00  0.6700000E-01  0.0000000E+00  0.0000000E+00  0.2800000E-01  0.0000000E+00  0.2800000E-01  0.1377014E+03
FUELWOOD            0.0000000E+00  0.0000000E+00  0.0000000E+00  0.0000000E+00  0.0000000E+00  0.0000000E+00  0.0000000E+00  0.0000000E+00  0.0000000E+00  0.0000000E+00  0.0000000E+00  0.0000000E+00  0.0000000E+00  0.0000000E+00  0.0000000E+00  0.2093783E+05  0.0000000E+00  0.0000000E+00  0.0000000E+00  0.2093783E+05
CROP_RESIDUE        0.0000000E+00  0.0000000E+00  0.0000000E+00  0.0000000E+00  0.0000000E+00  0.0000000E+00  0.0000000E+00  0.0000000E+00  0.0000000E+00  0.0000000E+00  0.0000000E+00  0.0000000E+00  0.0000000E+00  0.0000000E+00  0.0000000E+00  0.4773273E+05  0.0000000E+00  0.0000000E+00  0.0000000E+00  0.4773273E+05
ANIMAL_WASTE        0.0000000E+00  0.0000000E+00  0.0000000E+00  0.0000000E+00  0.0000000E+00  0.0000000E+00  0.0000000E+00  0.0000000E+00  0.0000000E+00  0.0000000E+00  0.0000000E+00  0.0000000E+00  0.0000000E+00  0.0000000E+00  0.0000000E+00  0.0000000E+00  0.0000000E+00  0.0000000E+00  0.0000000E+00  0.0000000E+00
OTHERS              0.0000000E+00  0.0000000E+00  0.0000000E+00  0.0000000E+00  0.0000000E+00  0.0000000E+00  0.0000000E+00  0.0000000E+00  0.0000000E+00  0.0000000E+00  0.0000000E+00  0.0000000E+00  0.0000000E+00  0.0000000E+00  0.0000000E+00  0.0000000E+00  0.0000000E+00  0.0000000E+00  0.0000000E+00  0.0000000E+00
SUB_TOTAL           0.2607259E+05  0.1706343E+04  0.3673532E+04  0.1528845E+04  0.9600602E+03  0.2831224E+02  0.1230931E+04  0.7381374E+02  0.7273304E+03  0.4106727E+03  0.1640404E+04  0.3558035E+03  0.1076405E+04  0.1222781E+00  0.1226636E+04  0.9320590E+05  0.4431865E+03  0.8675869E+03  0.3015211E+03  0.1355300E+06
  
Non-Combustion Sources [t/year]
  
Industry [t/year]
  
Sector
PIG_IRON            0.1475783E+05
CRUDE_STEEL         0.3074527E+04
IRON_STEEL_OTHERS   0.3718794E+04
ALUMINUM_ALUMINA    0.4805694E+04
COPPER              0.4302679E+05
ZINC                0.4425520E+05
LEAD                0.0000000E+00
CMENT               0.2712070E+05
BRICKS              0.3349445E+04
LIME                0.2482055E+04
COKE_OVENS          0.1037836E+05
OIL_REFINERY        0.5986811E+03
OTH_TRANSFORMATION  0.1482110E+03
SULPHRIC_ACID       0.0000000E+00
OTHERS              0.5158131E+03
SUB_TOTAL           0.1582321E+06
  
Total [t/year]
  
TOTAL               0.2937621E+06
