Year       : 2007
Country    : CHN
Sub-Region : JILI
  
Combustion Sources [t/year]
  
Fuel Type           POWER_PLANTS   ENERGY         IRON_STEEL     CHEM_PETRCHEM  NON_FERR_MET   NON_MET_MINE   OTHERS         ROAD_CARS      ROAD_BUSES     ROAD_L_TRUCKS  ROAD_H_TRUCKS  ROAD_MC        ROAD_OTHERS    DOM_NAVI       RAILWAY_ETC    RESIDENT       COMM_PUB       AGR_FORE_FISH  OTHERS         SUB_TOTAL    
HARD_COAL           0.3973218E+05  0.7828891E+04  0.1086926E+04  0.3775007E+04  0.3322503E+03  0.0000000E+00  0.1001908E+05  0.0000000E+00  0.0000000E+00  0.0000000E+00  0.0000000E+00  0.0000000E+00  0.0000000E+00  0.0000000E+00  0.1944537E+04  0.1797045E+05  0.3311558E+04  0.1465161E+04  0.5056916E+04  0.9252296E+05
BROWN_COAL          0.0000000E+00  0.0000000E+00  0.0000000E+00  0.0000000E+00  0.0000000E+00  0.0000000E+00  0.0000000E+00  0.0000000E+00  0.0000000E+00  0.0000000E+00  0.0000000E+00  0.0000000E+00  0.0000000E+00  0.0000000E+00  0.0000000E+00  0.0000000E+00  0.0000000E+00  0.0000000E+00  0.0000000E+00  0.0000000E+00
DERIVED_COAL        0.0000000E+00  0.0000000E+00  0.0000000E+00  0.0000000E+00  0.0000000E+00  0.0000000E+00  0.0000000E+00  0.0000000E+00  0.0000000E+00  0.0000000E+00  0.0000000E+00  0.0000000E+00  0.0000000E+00  0.0000000E+00  0.0000000E+00  0.0000000E+00  0.0000000E+00  0.0000000E+00  0.0000000E+00  0.0000000E+00
NATURAL_GAS         0.0000000E+00  0.0000000E+00  0.0000000E+00  0.0000000E+00  0.0000000E+00  0.0000000E+00  0.0000000E+00  0.0000000E+00  0.0000000E+00  0.0000000E+00  0.0000000E+00  0.0000000E+00  0.0000000E+00  0.0000000E+00  0.0000000E+00  0.0000000E+00  0.0000000E+00  0.0000000E+00  0.0000000E+00  0.0000000E+00
COKE_OVEN_GAS       0.0000000E+00  0.0000000E+00  0.0000000E+00  0.0000000E+00  0.0000000E+00  0.0000000E+00  0.0000000E+00  0.0000000E+00  0.0000000E+00  0.0000000E+00  0.0000000E+00  0.0000000E+00  0.0000000E+00  0.0000000E+00  0.0000000E+00  0.0000000E+00  0.0000000E+00  0.0000000E+00  0.0000000E+00  0.0000000E+00
OTHER_GAS           0.0000000E+00  0.0000000E+00  0.0000000E+00  0.0000000E+00  0.0000000E+00  0.0000000E+00  0.0000000E+00  0.0000000E+00  0.0000000E+00  0.0000000E+00  0.0000000E+00  0.0000000E+00  0.0000000E+00  0.0000000E+00  0.0000000E+00  0.0000000E+00  0.0000000E+00  0.0000000E+00  0.0000000E+00  0.0000000E+00
MOTOR_GASOLINE      0.0000000E+00  0.0000000E+00  0.0000000E+00  0.0000000E+00  0.0000000E+00  0.0000000E+00  0.0000000E+00  0.2110465E+03  0.1100098E+03  0.1769514E+03  0.1621742E+03  0.1481841E+04  0.0000000E+00  0.0000000E+00  0.0000000E+00  0.0000000E+00  0.0000000E+00  0.7047000E+02  0.0000000E+00  0.2212493E+04
KEROSENE            0.0000000E+00  0.1439999E+01  0.9000000E-01  0.6300001E+00  0.3600000E+00  0.9900000E+00  0.9630000E+01  0.0000000E+00  0.0000000E+00  0.0000000E+00  0.0000000E+00  0.0000000E+00  0.0000000E+00  0.0000000E+00  0.0000000E+00  0.0000000E+00  0.0000000E+00  0.0000000E+00  0.0000000E+00  0.1314000E+02
OTHER_LF            0.0000000E+00  0.3354294E+02  0.0000000E+00  0.2372639E+03  0.0000000E+00  0.6855357E+02  0.1181958E+02  0.0000000E+00  0.0000000E+00  0.0000000E+00  0.0000000E+00  0.0000000E+00  0.0000000E+00  0.0000000E+00  0.0000000E+00  0.3907800E+03  0.4680000E+01  0.0000000E+00  0.0000000E+00  0.7466400E+03
DIESEL_OIL          0.1339701E+01  0.1046352E+03  0.1499071E+02  0.1841213E+02  0.5114480E+01  0.1551980E+02  0.8399157E+02  0.0000000E+00  0.9552021E+03  0.4432379E+03  0.1970555E+04  0.0000000E+00  0.2169219E+04  0.2407040E+00  0.1153454E+03  0.1278935E+03  0.1492330E+03  0.4026757E+03  0.1551660E+03  0.6732772E+04
CRUDE_OIL           0.0000000E+00  0.1305004E+03  0.0000000E+00  0.4710697E+03  0.0000000E+00  0.5433393E+01  0.1185037E+00  0.0000000E+00  0.0000000E+00  0.0000000E+00  0.0000000E+00  0.0000000E+00  0.0000000E+00  0.0000000E+00  0.0000000E+00  0.0000000E+00  0.0000000E+00  0.0000000E+00  0.0000000E+00  0.6071220E+03
HEAVY_FUEL_OIL      0.2907800E+01  0.2356732E+01  0.1010853E+00  0.7148751E+02  0.0000000E+00  0.8086826E-01  0.4447753E+00  0.0000000E+00  0.0000000E+00  0.0000000E+00  0.0000000E+00  0.0000000E+00  0.0000000E+00  0.0000000E+00  0.0000000E+00  0.0000000E+00  0.0000000E+00  0.0000000E+00  0.0000000E+00  0.7737877E+02
OTHER_HF            0.3732400E+01  0.2429585E+01  0.2598487E-01  0.2407498E+03  0.0000000E+00  0.2338638E+00  0.2598486E+00  0.0000000E+00  0.0000000E+00  0.0000000E+00  0.0000000E+00  0.0000000E+00  0.0000000E+00  0.0000000E+00  0.0000000E+00  0.0000000E+00  0.0000000E+00  0.0000000E+00  0.0000000E+00  0.2474315E+03
FUELWOOD            0.0000000E+00  0.0000000E+00  0.0000000E+00  0.0000000E+00  0.0000000E+00  0.0000000E+00  0.0000000E+00  0.0000000E+00  0.0000000E+00  0.0000000E+00  0.0000000E+00  0.0000000E+00  0.0000000E+00  0.0000000E+00  0.0000000E+00  0.1700003E+05  0.0000000E+00  0.0000000E+00  0.0000000E+00  0.1700003E+05
CROP_RESIDUE        0.0000000E+00  0.0000000E+00  0.0000000E+00  0.0000000E+00  0.0000000E+00  0.0000000E+00  0.0000000E+00  0.0000000E+00  0.0000000E+00  0.0000000E+00  0.0000000E+00  0.0000000E+00  0.0000000E+00  0.0000000E+00  0.0000000E+00  0.9052571E+05  0.0000000E+00  0.0000000E+00  0.0000000E+00  0.9052571E+05
ANIMAL_WASTE        0.0000000E+00  0.0000000E+00  0.0000000E+00  0.0000000E+00  0.0000000E+00  0.0000000E+00  0.0000000E+00  0.0000000E+00  0.0000000E+00  0.0000000E+00  0.0000000E+00  0.0000000E+00  0.0000000E+00  0.0000000E+00  0.0000000E+00  0.0000000E+00  0.0000000E+00  0.0000000E+00  0.0000000E+00  0.0000000E+00
OTHERS              0.0000000E+00  0.0000000E+00  0.0000000E+00  0.0000000E+00  0.0000000E+00  0.0000000E+00  0.0000000E+00  0.0000000E+00  0.0000000E+00  0.0000000E+00  0.0000000E+00  0.0000000E+00  0.0000000E+00  0.0000000E+00  0.0000000E+00  0.0000000E+00  0.0000000E+00  0.0000000E+00  0.0000000E+00  0.0000000E+00
SUB_TOTAL           0.3974016E+05  0.8103796E+04  0.1102134E+04  0.4814620E+04  0.3377248E+03  0.9081150E+02  0.1012534E+05  0.2110465E+03  0.1065212E+04  0.6201893E+03  0.2132729E+04  0.1481841E+04  0.2169219E+04  0.2407040E+00  0.2059882E+04  0.1260149E+06  0.3465471E+04  0.1938307E+04  0.5212082E+04  0.2106857E+06
  
Non-Combustion Sources [t/year]
  
Industry [t/year]
  
Sector
PIG_IRON            0.1358473E+05
CRUDE_STEEL         0.3058563E+04
IRON_STEEL_OTHERS   0.2544189E+04
ALUMINUM_ALUMINA    0.0000000E+00
COPPER              0.0000000E+00
ZINC                0.0000000E+00
LEAD                0.0000000E+00
CMENT               0.3352313E+05
BRICKS              0.3739738E+04
LIME                0.1603256E+04
COKE_OVENS          0.8325862E+04
OIL_REFINERY        0.2751459E+03
OTH_TRANSFORMATION  0.2616369E+04
SULPHRIC_ACID       0.0000000E+00
OTHERS              0.1838007E+03
SUB_TOTAL           0.6945478E+05
  
Total [t/year]
  
TOTAL               0.2801405E+06
