Year       : 2007
Country    : CHN
Sub-Region : FUJI
  
Combustion Sources [t/year]
  
Fuel Type           POWER_PLANTS   ENERGY         IRON_STEEL     CHEM_PETRCHEM  NON_FERR_MET   NON_MET_MINE   OTHERS         ROAD_CARS      ROAD_BUSES     ROAD_L_TRUCKS  ROAD_H_TRUCKS  ROAD_MC        ROAD_OTHERS    DOM_NAVI       RAILWAY_ETC    RESIDENT       COMM_PUB       AGR_FORE_FISH  OTHERS         SUB_TOTAL    
HARD_COAL           0.4208050E+05  0.8865162E+03  0.1423586E+04  0.7156533E+04  0.7128343E+02  0.0000000E+00  0.5973023E+04  0.0000000E+00  0.0000000E+00  0.0000000E+00  0.0000000E+00  0.0000000E+00  0.0000000E+00  0.0000000E+00  0.1258600E+03  0.9226700E+04  0.5494710E+03  0.1207022E+04  0.1232112E+04  0.6993261E+05
BROWN_COAL          0.0000000E+00  0.0000000E+00  0.0000000E+00  0.0000000E+00  0.0000000E+00  0.0000000E+00  0.0000000E+00  0.0000000E+00  0.0000000E+00  0.0000000E+00  0.0000000E+00  0.0000000E+00  0.0000000E+00  0.0000000E+00  0.0000000E+00  0.0000000E+00  0.0000000E+00  0.0000000E+00  0.0000000E+00  0.0000000E+00
DERIVED_COAL        0.0000000E+00  0.0000000E+00  0.0000000E+00  0.0000000E+00  0.0000000E+00  0.0000000E+00  0.0000000E+00  0.0000000E+00  0.0000000E+00  0.0000000E+00  0.0000000E+00  0.0000000E+00  0.0000000E+00  0.0000000E+00  0.0000000E+00  0.0000000E+00  0.0000000E+00  0.0000000E+00  0.0000000E+00  0.0000000E+00
NATURAL_GAS         0.0000000E+00  0.0000000E+00  0.0000000E+00  0.0000000E+00  0.0000000E+00  0.0000000E+00  0.0000000E+00  0.0000000E+00  0.0000000E+00  0.0000000E+00  0.0000000E+00  0.0000000E+00  0.0000000E+00  0.0000000E+00  0.0000000E+00  0.0000000E+00  0.0000000E+00  0.0000000E+00  0.0000000E+00  0.0000000E+00
COKE_OVEN_GAS       0.0000000E+00  0.0000000E+00  0.0000000E+00  0.0000000E+00  0.0000000E+00  0.0000000E+00  0.0000000E+00  0.0000000E+00  0.0000000E+00  0.0000000E+00  0.0000000E+00  0.0000000E+00  0.0000000E+00  0.0000000E+00  0.0000000E+00  0.0000000E+00  0.0000000E+00  0.0000000E+00  0.0000000E+00  0.0000000E+00
OTHER_GAS           0.0000000E+00  0.0000000E+00  0.0000000E+00  0.0000000E+00  0.0000000E+00  0.0000000E+00  0.0000000E+00  0.0000000E+00  0.0000000E+00  0.0000000E+00  0.0000000E+00  0.0000000E+00  0.0000000E+00  0.0000000E+00  0.0000000E+00  0.0000000E+00  0.0000000E+00  0.0000000E+00  0.0000000E+00  0.0000000E+00
MOTOR_GASOLINE      0.0000000E+00  0.0000000E+00  0.0000000E+00  0.0000000E+00  0.0000000E+00  0.0000000E+00  0.0000000E+00  0.2546422E+03  0.1367340E+03  0.3563894E+03  0.1331928E+03  0.4331784E+04  0.0000000E+00  0.0000000E+00  0.0000000E+00  0.0000000E+00  0.0000000E+00  0.1278000E+03  0.0000000E+00  0.5340542E+04
KEROSENE            0.0000000E+00  0.0000000E+00  0.3074585E+01  0.2590159E+02  0.4057737E+01  0.1111855E+02  0.2820753E+02  0.0000000E+00  0.0000000E+00  0.0000000E+00  0.0000000E+00  0.0000000E+00  0.0000000E+00  0.0000000E+00  0.0000000E+00  0.0000000E+00  0.0000000E+00  0.0000000E+00  0.0000000E+00  0.7235999E+02
OTHER_LF            0.5382000E+02  0.2101047E+01  0.7938328E+01  0.3233704E+02  0.2091692E+01  0.1449405E+02  0.1449778E+03  0.0000000E+00  0.0000000E+00  0.0000000E+00  0.0000000E+00  0.0000000E+00  0.0000000E+00  0.0000000E+00  0.0000000E+00  0.7726500E+03  0.3294000E+02  0.1800000E+00  0.0000000E+00  0.1063530E+04
DIESEL_OIL          0.3784653E+01  0.5678823E+01  0.3700287E+02  0.3740177E+02  0.3590073E+02  0.1778821E+03  0.2283128E+03  0.0000000E+00  0.8536485E+03  0.6418692E+03  0.1163660E+04  0.0000000E+00  0.3128731E+03  0.2267071E+03  0.1734334E+02  0.3148297E+02  0.4684166E+02  0.5469325E+03  0.1202860E+03  0.4487608E+04
CRUDE_OIL           0.0000000E+00  0.0000000E+00  0.0000000E+00  0.0000000E+00  0.0000000E+00  0.0000000E+00  0.0000000E+00  0.0000000E+00  0.0000000E+00  0.0000000E+00  0.0000000E+00  0.0000000E+00  0.0000000E+00  0.0000000E+00  0.0000000E+00  0.0000000E+00  0.0000000E+00  0.0000000E+00  0.0000000E+00  0.0000000E+00
HEAVY_FUEL_OIL      0.1145760E+02  0.6482112E+01  0.1531538E+02  0.4919022E+02  0.2133832E+02  0.2308081E+03  0.1302664E+03  0.0000000E+00  0.0000000E+00  0.0000000E+00  0.0000000E+00  0.0000000E+00  0.0000000E+00  0.1429110E+03  0.0000000E+00  0.0000000E+00  0.0000000E+00  0.1271200E+02  0.0000000E+00  0.6204811E+03
OTHER_HF            0.0000000E+00  0.3532457E+01  0.8346193E+01  0.2680646E+02  0.1162842E+02  0.1257800E+03  0.1280197E+03  0.0000000E+00  0.0000000E+00  0.0000000E+00  0.0000000E+00  0.0000000E+00  0.0000000E+00  0.0000000E+00  0.0000000E+00  0.1304800E+02  0.0000000E+00  0.3228400E+02  0.0000000E+00  0.3494452E+03
FUELWOOD            0.0000000E+00  0.0000000E+00  0.0000000E+00  0.0000000E+00  0.0000000E+00  0.0000000E+00  0.0000000E+00  0.0000000E+00  0.0000000E+00  0.0000000E+00  0.0000000E+00  0.0000000E+00  0.0000000E+00  0.0000000E+00  0.0000000E+00  0.3013870E+05  0.0000000E+00  0.0000000E+00  0.0000000E+00  0.3013870E+05
CROP_RESIDUE        0.0000000E+00  0.0000000E+00  0.0000000E+00  0.0000000E+00  0.0000000E+00  0.0000000E+00  0.0000000E+00  0.0000000E+00  0.0000000E+00  0.0000000E+00  0.0000000E+00  0.0000000E+00  0.0000000E+00  0.0000000E+00  0.0000000E+00  0.1066823E+05  0.0000000E+00  0.0000000E+00  0.0000000E+00  0.1066823E+05
ANIMAL_WASTE        0.0000000E+00  0.0000000E+00  0.0000000E+00  0.0000000E+00  0.0000000E+00  0.0000000E+00  0.0000000E+00  0.0000000E+00  0.0000000E+00  0.0000000E+00  0.0000000E+00  0.0000000E+00  0.0000000E+00  0.0000000E+00  0.0000000E+00  0.0000000E+00  0.0000000E+00  0.0000000E+00  0.0000000E+00  0.0000000E+00
OTHERS              0.0000000E+00  0.0000000E+00  0.0000000E+00  0.0000000E+00  0.0000000E+00  0.0000000E+00  0.0000000E+00  0.0000000E+00  0.0000000E+00  0.0000000E+00  0.0000000E+00  0.0000000E+00  0.0000000E+00  0.0000000E+00  0.0000000E+00  0.0000000E+00  0.0000000E+00  0.0000000E+00  0.0000000E+00  0.0000000E+00
SUB_TOTAL           0.4214956E+05  0.9043106E+03  0.1495263E+04  0.7328170E+04  0.1463003E+03  0.5600828E+03  0.6632807E+04  0.2546422E+03  0.9903825E+03  0.9982586E+03  0.1296853E+04  0.4331784E+04  0.3128731E+03  0.3696181E+03  0.1432033E+03  0.5085081E+05  0.6292527E+03  0.1926930E+04  0.1352398E+04  0.1226735E+06
  
Non-Combustion Sources [t/year]
  
Industry [t/year]
  
Sector
PIG_IRON            0.1189728E+05
CRUDE_STEEL         0.3003223E+04
IRON_STEEL_OTHERS   0.2435190E+04
ALUMINUM_ALUMINA    0.0000000E+00
COPPER              0.0000000E+00
ZINC                0.0000000E+00
LEAD                0.0000000E+00
CMENT               0.7923975E+05
BRICKS              0.8888152E+04
LIME                0.2012731E+04
COKE_OVENS          0.2612773E+04
OIL_REFINERY        0.1478024E+03
OTH_TRANSFORMATION  0.2365300E+02
SULPHRIC_ACID       0.0000000E+00
OTHERS              0.8200994E+01
SUB_TOTAL           0.1102688E+06
  
Total [t/year]
  
TOTAL               0.2329423E+06
