Year       : 2007
Country    : CHN
Sub-Region : HENA
  
Combustion Sources [t/year]
  
Fuel Type           POWER_PLANTS   ENERGY         IRON_STEEL     CHEM_PETRCHEM  NON_FERR_MET   NON_MET_MINE   OTHERS         ROAD_CARS      ROAD_BUSES     ROAD_L_TRUCKS  ROAD_H_TRUCKS  ROAD_MC        ROAD_OTHERS    DOM_NAVI       RAILWAY_ETC    RESIDENT       COMM_PUB       AGR_FORE_FISH  OTHERS         SUB_TOTAL    
HARD_COAL           0.1076595E+06  0.4608392E+05  0.2289701E+04  0.9900686E+04  0.5629427E+04  0.0000000E+00  0.9312251E+04  0.0000000E+00  0.0000000E+00  0.0000000E+00  0.0000000E+00  0.0000000E+00  0.0000000E+00  0.0000000E+00  0.4340000E+03  0.7526175E+05  0.4825000E+03  0.1930000E+04  0.0000000E+00  0.2589837E+06
BROWN_COAL          0.0000000E+00  0.0000000E+00  0.0000000E+00  0.0000000E+00  0.0000000E+00  0.0000000E+00  0.0000000E+00  0.0000000E+00  0.0000000E+00  0.0000000E+00  0.0000000E+00  0.0000000E+00  0.0000000E+00  0.0000000E+00  0.0000000E+00  0.0000000E+00  0.0000000E+00  0.0000000E+00  0.0000000E+00  0.0000000E+00
DERIVED_COAL        0.0000000E+00  0.0000000E+00  0.0000000E+00  0.0000000E+00  0.0000000E+00  0.0000000E+00  0.0000000E+00  0.0000000E+00  0.0000000E+00  0.0000000E+00  0.0000000E+00  0.0000000E+00  0.0000000E+00  0.0000000E+00  0.0000000E+00  0.0000000E+00  0.0000000E+00  0.0000000E+00  0.0000000E+00  0.0000000E+00
NATURAL_GAS         0.0000000E+00  0.0000000E+00  0.0000000E+00  0.0000000E+00  0.0000000E+00  0.0000000E+00  0.0000000E+00  0.0000000E+00  0.0000000E+00  0.0000000E+00  0.0000000E+00  0.0000000E+00  0.0000000E+00  0.0000000E+00  0.0000000E+00  0.0000000E+00  0.0000000E+00  0.0000000E+00  0.0000000E+00  0.0000000E+00
COKE_OVEN_GAS       0.0000000E+00  0.0000000E+00  0.0000000E+00  0.0000000E+00  0.0000000E+00  0.0000000E+00  0.0000000E+00  0.0000000E+00  0.0000000E+00  0.0000000E+00  0.0000000E+00  0.0000000E+00  0.0000000E+00  0.0000000E+00  0.0000000E+00  0.0000000E+00  0.0000000E+00  0.0000000E+00  0.0000000E+00  0.0000000E+00
OTHER_GAS           0.0000000E+00  0.0000000E+00  0.0000000E+00  0.0000000E+00  0.0000000E+00  0.0000000E+00  0.0000000E+00  0.0000000E+00  0.0000000E+00  0.0000000E+00  0.0000000E+00  0.0000000E+00  0.0000000E+00  0.0000000E+00  0.0000000E+00  0.0000000E+00  0.0000000E+00  0.0000000E+00  0.0000000E+00  0.0000000E+00
MOTOR_GASOLINE      0.0000000E+00  0.0000000E+00  0.0000000E+00  0.0000000E+00  0.0000000E+00  0.0000000E+00  0.0000000E+00  0.4424230E+03  0.3142043E+03  0.3836208E+03  0.4539344E+03  0.5434956E+04  0.0000000E+00  0.0000000E+00  0.0000000E+00  0.0000000E+00  0.0000000E+00  0.5400000E+02  0.0000000E+00  0.7083139E+04
KEROSENE            0.0000000E+00  0.1328418E+02  0.2551429E+00  0.9507096E-01  0.3905470E+00  0.4697727E+00  0.4452849E+00  0.0000000E+00  0.0000000E+00  0.0000000E+00  0.0000000E+00  0.0000000E+00  0.0000000E+00  0.0000000E+00  0.0000000E+00  0.0000000E+00  0.2520000E+01  0.0000000E+00  0.0000000E+00  0.1746000E+02
OTHER_LF            0.9009000E+02  0.1342022E+03  0.2577559E+01  0.9604455E+00  0.3945466E+01  0.4745837E+01  0.4498449E+01  0.0000000E+00  0.0000000E+00  0.0000000E+00  0.0000000E+00  0.0000000E+00  0.0000000E+00  0.0000000E+00  0.0000000E+00  0.2160000E+03  0.5535000E+02  0.0000000E+00  0.0000000E+00  0.5123700E+03
DIESEL_OIL          0.1125349E+02  0.1281124E+03  0.1491637E+02  0.1440553E+02  0.2973058E+02  0.1825382E+02  0.9989966E+02  0.0000000E+00  0.2187571E+04  0.7704977E+03  0.4422686E+04  0.0000000E+00  0.9116606E+04  0.1805174E+02  0.2446701E+03  0.0000000E+00  0.2870787E+02  0.4613354E+03  0.1913857E+02  0.1758584E+05
CRUDE_OIL           0.1866200E+01  0.9788573E+02  0.0000000E+00  0.0000000E+00  0.0000000E+00  0.0000000E+00  0.9299664E-02  0.0000000E+00  0.0000000E+00  0.0000000E+00  0.0000000E+00  0.0000000E+00  0.0000000E+00  0.0000000E+00  0.0000000E+00  0.0000000E+00  0.0000000E+00  0.0000000E+00  0.0000000E+00  0.9976123E+02
HEAVY_FUEL_OIL      0.6944000E+01  0.7733003E+02  0.4677133E+02  0.5016335E+01  0.6191588E+02  0.9903671E+02  0.1051041E+02  0.0000000E+00  0.0000000E+00  0.0000000E+00  0.0000000E+00  0.0000000E+00  0.0000000E+00  0.0000000E+00  0.0000000E+00  0.0000000E+00  0.0000000E+00  0.0000000E+00  0.0000000E+00  0.3075247E+03
OTHER_HF            0.0000000E+00  0.2295379E+02  0.1388309E+02  0.1488993E+01  0.1837843E+02  0.2939697E+02  0.9691979E+02  0.0000000E+00  0.0000000E+00  0.0000000E+00  0.0000000E+00  0.0000000E+00  0.0000000E+00  0.0000000E+00  0.0000000E+00  0.0000000E+00  0.0000000E+00  0.0000000E+00  0.0000000E+00  0.1830211E+03
FUELWOOD            0.0000000E+00  0.0000000E+00  0.0000000E+00  0.0000000E+00  0.0000000E+00  0.0000000E+00  0.0000000E+00  0.0000000E+00  0.0000000E+00  0.0000000E+00  0.0000000E+00  0.0000000E+00  0.0000000E+00  0.0000000E+00  0.0000000E+00  0.4731338E+05  0.0000000E+00  0.0000000E+00  0.0000000E+00  0.4731338E+05
CROP_RESIDUE        0.0000000E+00  0.0000000E+00  0.0000000E+00  0.0000000E+00  0.0000000E+00  0.0000000E+00  0.0000000E+00  0.0000000E+00  0.0000000E+00  0.0000000E+00  0.0000000E+00  0.0000000E+00  0.0000000E+00  0.0000000E+00  0.0000000E+00  0.1528194E+06  0.0000000E+00  0.0000000E+00  0.0000000E+00  0.1528194E+06
ANIMAL_WASTE        0.0000000E+00  0.0000000E+00  0.0000000E+00  0.0000000E+00  0.0000000E+00  0.0000000E+00  0.0000000E+00  0.0000000E+00  0.0000000E+00  0.0000000E+00  0.0000000E+00  0.0000000E+00  0.0000000E+00  0.0000000E+00  0.0000000E+00  0.0000000E+00  0.0000000E+00  0.0000000E+00  0.0000000E+00  0.0000000E+00
OTHERS              0.0000000E+00  0.0000000E+00  0.0000000E+00  0.0000000E+00  0.0000000E+00  0.0000000E+00  0.0000000E+00  0.0000000E+00  0.0000000E+00  0.0000000E+00  0.0000000E+00  0.0000000E+00  0.0000000E+00  0.0000000E+00  0.0000000E+00  0.0000000E+00  0.0000000E+00  0.0000000E+00  0.0000000E+00  0.0000000E+00
SUB_TOTAL           0.1077697E+06  0.4655769E+05  0.2368104E+04  0.9922652E+04  0.5743788E+04  0.1519031E+03  0.9524534E+04  0.4424230E+03  0.2501775E+04  0.1154119E+04  0.4876620E+04  0.5434956E+04  0.9116606E+04  0.1805174E+02  0.6786701E+03  0.2756105E+06  0.5690779E+03  0.2445335E+04  0.1913857E+02  0.4849056E+06
  
Non-Combustion Sources [t/year]
  
Industry [t/year]
  
Sector
PIG_IRON            0.4916827E+05
CRUDE_STEEL         0.1160542E+05
IRON_STEEL_OTHERS   0.6539238E+04
ALUMINUM_ALUMINA    0.1878289E+05
COPPER              0.8605359E+04
ZINC                0.3093355E+05
LEAD                0.1742487E+06
CMENT               0.1667760E+06
BRICKS              0.1041831E+05
LIME                0.3598979E+05
COKE_OVENS          0.5571079E+05
OIL_REFINERY        0.2900465E+03
OTH_TRANSFORMATION  0.5374656E+04
SULPHRIC_ACID       0.0000000E+00
OTHERS              0.8966993E+03
SUB_TOTAL           0.5753397E+06
  
Total [t/year]
  
TOTAL               0.1060245E+07
