Year       : 2007
Country    : CHN
Sub-Region : GUAX
  
Combustion Sources [t/year]
  
Fuel Type           POWER_PLANTS   ENERGY         IRON_STEEL     CHEM_PETRCHEM  NON_FERR_MET   NON_MET_MINE   OTHERS         ROAD_CARS      ROAD_BUSES     ROAD_L_TRUCKS  ROAD_H_TRUCKS  ROAD_MC        ROAD_OTHERS    DOM_NAVI       RAILWAY_ETC    RESIDENT       COMM_PUB       AGR_FORE_FISH  OTHERS         SUB_TOTAL    
HARD_COAL           0.1783959E+05  0.1085057E+04  0.0000000E+00  0.0000000E+00  0.0000000E+00  0.0000000E+00  0.1577014E+05  0.0000000E+00  0.0000000E+00  0.0000000E+00  0.0000000E+00  0.0000000E+00  0.0000000E+00  0.0000000E+00  0.4207630E+03  0.2020270E+04  0.7957390E+03  0.6243550E+03  0.4417770E+03  0.3899769E+05
BROWN_COAL          0.0000000E+00  0.0000000E+00  0.0000000E+00  0.0000000E+00  0.0000000E+00  0.0000000E+00  0.0000000E+00  0.0000000E+00  0.0000000E+00  0.0000000E+00  0.0000000E+00  0.0000000E+00  0.0000000E+00  0.0000000E+00  0.0000000E+00  0.0000000E+00  0.0000000E+00  0.0000000E+00  0.0000000E+00  0.0000000E+00
DERIVED_COAL        0.0000000E+00  0.0000000E+00  0.0000000E+00  0.0000000E+00  0.0000000E+00  0.0000000E+00  0.0000000E+00  0.0000000E+00  0.0000000E+00  0.0000000E+00  0.0000000E+00  0.0000000E+00  0.0000000E+00  0.0000000E+00  0.0000000E+00  0.0000000E+00  0.0000000E+00  0.0000000E+00  0.0000000E+00  0.0000000E+00
NATURAL_GAS         0.0000000E+00  0.0000000E+00  0.0000000E+00  0.0000000E+00  0.0000000E+00  0.0000000E+00  0.0000000E+00  0.0000000E+00  0.0000000E+00  0.0000000E+00  0.0000000E+00  0.0000000E+00  0.0000000E+00  0.0000000E+00  0.0000000E+00  0.0000000E+00  0.0000000E+00  0.0000000E+00  0.0000000E+00  0.0000000E+00
COKE_OVEN_GAS       0.0000000E+00  0.0000000E+00  0.0000000E+00  0.0000000E+00  0.0000000E+00  0.0000000E+00  0.0000000E+00  0.0000000E+00  0.0000000E+00  0.0000000E+00  0.0000000E+00  0.0000000E+00  0.0000000E+00  0.0000000E+00  0.0000000E+00  0.0000000E+00  0.0000000E+00  0.0000000E+00  0.0000000E+00  0.0000000E+00
OTHER_GAS           0.0000000E+00  0.0000000E+00  0.0000000E+00  0.0000000E+00  0.0000000E+00  0.0000000E+00  0.0000000E+00  0.0000000E+00  0.0000000E+00  0.0000000E+00  0.0000000E+00  0.0000000E+00  0.0000000E+00  0.0000000E+00  0.0000000E+00  0.0000000E+00  0.0000000E+00  0.0000000E+00  0.0000000E+00  0.0000000E+00
MOTOR_GASOLINE      0.0000000E+00  0.0000000E+00  0.0000000E+00  0.0000000E+00  0.0000000E+00  0.0000000E+00  0.0000000E+00  0.1719942E+03  0.1034818E+03  0.1742922E+03  0.1945422E+03  0.4604722E+04  0.0000000E+00  0.0000000E+00  0.0000000E+00  0.0000000E+00  0.0000000E+00  0.6561000E+02  0.0000000E+00  0.5314642E+04
KEROSENE            0.0000000E+00  0.0000000E+00  0.0000000E+00  0.0000000E+00  0.0000000E+00  0.0000000E+00  0.2430000E+01  0.0000000E+00  0.0000000E+00  0.0000000E+00  0.0000000E+00  0.0000000E+00  0.0000000E+00  0.0000000E+00  0.0000000E+00  0.0000000E+00  0.0000000E+00  0.0000000E+00  0.0000000E+00  0.2430000E+01
OTHER_LF            0.7290000E+01  0.0000000E+00  0.0000000E+00  0.0000000E+00  0.0000000E+00  0.0000000E+00  0.5850000E+02  0.0000000E+00  0.0000000E+00  0.0000000E+00  0.0000000E+00  0.0000000E+00  0.0000000E+00  0.0000000E+00  0.0000000E+00  0.6303600E+03  0.1220400E+03  0.4401000E+02  0.8010000E+01  0.8702100E+03
DIESEL_OIL          0.7234381E+01  0.0000000E+00  0.0000000E+00  0.0000000E+00  0.0000000E+00  0.0000000E+00  0.1181281E+03  0.0000000E+00  0.6358797E+03  0.3089642E+03  0.1672892E+04  0.0000000E+00  0.1534683E+04  0.9821255E+02  0.1348053E+03  0.0000000E+00  0.7272660E+02  0.6564530E+02  0.1160276E+03  0.4765199E+04
CRUDE_OIL           0.0000000E+00  0.0000000E+00  0.0000000E+00  0.0000000E+00  0.0000000E+00  0.0000000E+00  0.0000000E+00  0.0000000E+00  0.0000000E+00  0.0000000E+00  0.0000000E+00  0.0000000E+00  0.0000000E+00  0.0000000E+00  0.0000000E+00  0.0000000E+00  0.0000000E+00  0.0000000E+00  0.0000000E+00  0.0000000E+00
HEAVY_FUEL_OIL      0.1779400E+01  0.5562869E+01  0.0000000E+00  0.0000000E+00  0.0000000E+00  0.0000000E+00  0.9128241E+02  0.0000000E+00  0.0000000E+00  0.0000000E+00  0.0000000E+00  0.0000000E+00  0.0000000E+00  0.0000000E+00  0.0000000E+00  0.0000000E+00  0.0000000E+00  0.0000000E+00  0.0000000E+00  0.9862468E+02
OTHER_HF            0.0000000E+00  0.2721560E+01  0.0000000E+00  0.0000000E+00  0.0000000E+00  0.0000000E+00  0.4465871E+02  0.0000000E+00  0.0000000E+00  0.0000000E+00  0.0000000E+00  0.0000000E+00  0.0000000E+00  0.0000000E+00  0.0000000E+00  0.0000000E+00  0.0000000E+00  0.0000000E+00  0.0000000E+00  0.4738027E+02
FUELWOOD            0.0000000E+00  0.0000000E+00  0.0000000E+00  0.0000000E+00  0.0000000E+00  0.0000000E+00  0.0000000E+00  0.0000000E+00  0.0000000E+00  0.0000000E+00  0.0000000E+00  0.0000000E+00  0.0000000E+00  0.0000000E+00  0.0000000E+00  0.9567245E+05  0.0000000E+00  0.0000000E+00  0.0000000E+00  0.9567245E+05
CROP_RESIDUE        0.0000000E+00  0.0000000E+00  0.0000000E+00  0.0000000E+00  0.0000000E+00  0.0000000E+00  0.0000000E+00  0.0000000E+00  0.0000000E+00  0.0000000E+00  0.0000000E+00  0.0000000E+00  0.0000000E+00  0.0000000E+00  0.0000000E+00  0.1611912E+06  0.0000000E+00  0.0000000E+00  0.0000000E+00  0.1611912E+06
ANIMAL_WASTE        0.0000000E+00  0.0000000E+00  0.0000000E+00  0.0000000E+00  0.0000000E+00  0.0000000E+00  0.0000000E+00  0.0000000E+00  0.0000000E+00  0.0000000E+00  0.0000000E+00  0.0000000E+00  0.0000000E+00  0.0000000E+00  0.0000000E+00  0.0000000E+00  0.0000000E+00  0.0000000E+00  0.0000000E+00  0.0000000E+00
OTHERS              0.0000000E+00  0.0000000E+00  0.0000000E+00  0.0000000E+00  0.0000000E+00  0.0000000E+00  0.0000000E+00  0.0000000E+00  0.0000000E+00  0.0000000E+00  0.0000000E+00  0.0000000E+00  0.0000000E+00  0.0000000E+00  0.0000000E+00  0.0000000E+00  0.0000000E+00  0.0000000E+00  0.0000000E+00  0.0000000E+00
SUB_TOTAL           0.1785589E+05  0.1093341E+04  0.0000000E+00  0.0000000E+00  0.0000000E+00  0.0000000E+00  0.1608514E+05  0.1719942E+03  0.7393615E+03  0.4832564E+03  0.1867434E+04  0.4604722E+04  0.1534683E+04  0.9821255E+02  0.5555683E+03  0.2595143E+06  0.9905056E+03  0.7996203E+03  0.5658146E+03  0.3069598E+06
  
Non-Combustion Sources [t/year]
  
Industry [t/year]
  
Sector
PIG_IRON            0.1591599E+05
CRUDE_STEEL         0.3905230E+04
IRON_STEEL_OTHERS   0.3282419E+04
ALUMINUM_ALUMINA    0.3067321E+04
COPPER              0.0000000E+00
ZINC                0.5439895E+05
LEAD                0.2874644E+05
CMENT               0.7660519E+05
BRICKS              0.4915380E+04
LIME                0.1255516E+05
COKE_OVENS          0.7368313E+04
OIL_REFINERY        0.6407443E+02
OTH_TRANSFORMATION  0.4049220E+03
SULPHRIC_ACID       0.0000000E+00
OTHERS              0.0000000E+00
SUB_TOTAL           0.2112294E+06
  
Total [t/year]
  
TOTAL               0.5181892E+06
