Year       : 2007
Country    : CHN
Sub-Region : SHAA
  
Combustion Sources [t/year]
  
Fuel Type           POWER_PLANTS   ENERGY         IRON_STEEL     CHEM_PETRCHEM  NON_FERR_MET   NON_MET_MINE   OTHERS         ROAD_CARS      ROAD_BUSES     ROAD_L_TRUCKS  ROAD_H_TRUCKS  ROAD_MC        ROAD_OTHERS    DOM_NAVI       RAILWAY_ETC    RESIDENT       COMM_PUB       AGR_FORE_FISH  OTHERS         SUB_TOTAL    
HARD_COAL           0.3505706E+05  0.1040994E+05  0.2174241E+03  0.2971039E+04  0.9533104E+03  0.0000000E+00  0.1661952E+04  0.0000000E+00  0.0000000E+00  0.0000000E+00  0.0000000E+00  0.0000000E+00  0.0000000E+00  0.0000000E+00  0.5598600E+03  0.3198132E+04  0.3781800E+04  0.4129420E+03  0.0000000E+00  0.5922346E+05
BROWN_COAL          0.0000000E+00  0.0000000E+00  0.0000000E+00  0.0000000E+00  0.0000000E+00  0.0000000E+00  0.0000000E+00  0.0000000E+00  0.0000000E+00  0.0000000E+00  0.0000000E+00  0.0000000E+00  0.0000000E+00  0.0000000E+00  0.0000000E+00  0.0000000E+00  0.0000000E+00  0.0000000E+00  0.0000000E+00  0.0000000E+00
DERIVED_COAL        0.0000000E+00  0.0000000E+00  0.0000000E+00  0.0000000E+00  0.0000000E+00  0.0000000E+00  0.0000000E+00  0.0000000E+00  0.0000000E+00  0.0000000E+00  0.0000000E+00  0.0000000E+00  0.0000000E+00  0.0000000E+00  0.0000000E+00  0.0000000E+00  0.0000000E+00  0.0000000E+00  0.0000000E+00  0.0000000E+00
NATURAL_GAS         0.0000000E+00  0.0000000E+00  0.0000000E+00  0.0000000E+00  0.0000000E+00  0.0000000E+00  0.0000000E+00  0.0000000E+00  0.0000000E+00  0.0000000E+00  0.0000000E+00  0.0000000E+00  0.0000000E+00  0.0000000E+00  0.0000000E+00  0.0000000E+00  0.0000000E+00  0.0000000E+00  0.0000000E+00  0.0000000E+00
COKE_OVEN_GAS       0.0000000E+00  0.0000000E+00  0.0000000E+00  0.0000000E+00  0.0000000E+00  0.0000000E+00  0.0000000E+00  0.0000000E+00  0.0000000E+00  0.0000000E+00  0.0000000E+00  0.0000000E+00  0.0000000E+00  0.0000000E+00  0.0000000E+00  0.0000000E+00  0.0000000E+00  0.0000000E+00  0.0000000E+00  0.0000000E+00
OTHER_GAS           0.0000000E+00  0.0000000E+00  0.0000000E+00  0.0000000E+00  0.0000000E+00  0.0000000E+00  0.0000000E+00  0.0000000E+00  0.0000000E+00  0.0000000E+00  0.0000000E+00  0.0000000E+00  0.0000000E+00  0.0000000E+00  0.0000000E+00  0.0000000E+00  0.0000000E+00  0.0000000E+00  0.0000000E+00  0.0000000E+00
MOTOR_GASOLINE      0.0000000E+00  0.0000000E+00  0.0000000E+00  0.0000000E+00  0.0000000E+00  0.0000000E+00  0.0000000E+00  0.2152377E+03  0.1335392E+03  0.1327353E+03  0.1897874E+03  0.1846505E+04  0.0000000E+00  0.0000000E+00  0.0000000E+00  0.0000000E+00  0.0000000E+00  0.4878000E+02  0.0000000E+00  0.2566585E+04
KEROSENE            0.0000000E+00  0.6685648E+01  0.2832901E+00  0.1964145E+01  0.6421244E+00  0.4343782E+00  0.4570415E+01  0.0000000E+00  0.0000000E+00  0.0000000E+00  0.0000000E+00  0.0000000E+00  0.0000000E+00  0.0000000E+00  0.0000000E+00  0.0000000E+00  0.0000000E+00  0.0000000E+00  0.0000000E+00  0.1458000E+02
OTHER_LF            0.2070000E+01  0.1370145E+02  0.5805699E+00  0.4025284E+01  0.1315959E+01  0.8902074E+00  0.9366530E+01  0.0000000E+00  0.0000000E+00  0.0000000E+00  0.0000000E+00  0.0000000E+00  0.0000000E+00  0.0000000E+00  0.0000000E+00  0.4230000E+03  0.2700000E+01  0.0000000E+00  0.0000000E+00  0.4576500E+03
DIESEL_OIL          0.4052593E+01  0.1480175E+03  0.2386789E+01  0.3341505E+01  0.6921691E+01  0.6307942E+01  0.1585680E+02  0.0000000E+00  0.1005118E+04  0.2882131E+03  0.1999028E+04  0.0000000E+00  0.1170060E+04  0.3200244E+00  0.1276897E+03  0.2392322E+02  0.8612360E+02  0.1339700E+03  0.7511890E+01  0.5028842E+04
CRUDE_OIL           0.0000000E+00  0.8890708E+01  0.1583990E+00  0.3764304E+00  0.4416535E+00  0.3876116E+00  0.1116247E+01  0.0000000E+00  0.0000000E+00  0.0000000E+00  0.0000000E+00  0.0000000E+00  0.0000000E+00  0.0000000E+00  0.0000000E+00  0.0000000E+00  0.0000000E+00  0.0000000E+00  0.0000000E+00  0.1137105E+02
HEAVY_FUEL_OIL      0.4340000E-01  0.3998691E+01  0.7124166E-01  0.1693037E+00  0.1986384E+00  0.1743325E+00  0.5020440E+00  0.0000000E+00  0.0000000E+00  0.0000000E+00  0.0000000E+00  0.0000000E+00  0.0000000E+00  0.1206000E+01  0.0000000E+00  0.0000000E+00  0.0000000E+00  0.0000000E+00  0.0000000E+00  0.6363651E+01
OTHER_HF            0.0000000E+00  0.2888416E+02  0.5146074E+00  0.1222948E+01  0.1434845E+01  0.1259274E+01  0.3626467E+01  0.0000000E+00  0.0000000E+00  0.0000000E+00  0.0000000E+00  0.0000000E+00  0.0000000E+00  0.0000000E+00  0.0000000E+00  0.0000000E+00  0.0000000E+00  0.0000000E+00  0.0000000E+00  0.3694230E+02
FUELWOOD            0.0000000E+00  0.0000000E+00  0.0000000E+00  0.0000000E+00  0.0000000E+00  0.0000000E+00  0.0000000E+00  0.0000000E+00  0.0000000E+00  0.0000000E+00  0.0000000E+00  0.0000000E+00  0.0000000E+00  0.0000000E+00  0.0000000E+00  0.4052977E+05  0.0000000E+00  0.0000000E+00  0.0000000E+00  0.4052977E+05
CROP_RESIDUE        0.0000000E+00  0.0000000E+00  0.0000000E+00  0.0000000E+00  0.0000000E+00  0.0000000E+00  0.0000000E+00  0.0000000E+00  0.0000000E+00  0.0000000E+00  0.0000000E+00  0.0000000E+00  0.0000000E+00  0.0000000E+00  0.0000000E+00  0.7941495E+05  0.0000000E+00  0.0000000E+00  0.0000000E+00  0.7941495E+05
ANIMAL_WASTE        0.0000000E+00  0.0000000E+00  0.0000000E+00  0.0000000E+00  0.0000000E+00  0.0000000E+00  0.0000000E+00  0.0000000E+00  0.0000000E+00  0.0000000E+00  0.0000000E+00  0.0000000E+00  0.0000000E+00  0.0000000E+00  0.0000000E+00  0.0000000E+00  0.0000000E+00  0.0000000E+00  0.0000000E+00  0.0000000E+00
OTHERS              0.0000000E+00  0.0000000E+00  0.0000000E+00  0.0000000E+00  0.0000000E+00  0.0000000E+00  0.0000000E+00  0.0000000E+00  0.0000000E+00  0.0000000E+00  0.0000000E+00  0.0000000E+00  0.0000000E+00  0.0000000E+00  0.0000000E+00  0.0000000E+00  0.0000000E+00  0.0000000E+00  0.0000000E+00  0.0000000E+00
SUB_TOTAL           0.3506323E+05  0.1062012E+05  0.2214190E+03  0.2982139E+04  0.9642653E+03  0.9453746E+01  0.1696991E+04  0.2152377E+03  0.1138657E+04  0.4209484E+03  0.2188815E+04  0.1846505E+04  0.1170060E+04  0.1526024E+01  0.6875497E+03  0.1235898E+06  0.3870624E+04  0.5956920E+03  0.7511890E+01  0.1872905E+06
  
Non-Combustion Sources [t/year]
  
Industry [t/year]
  
Sector
PIG_IRON            0.9100717E+04
CRUDE_STEEL         0.2021139E+04
IRON_STEEL_OTHERS   0.2095629E+04
ALUMINUM_ALUMINA    0.2019200E+04
COPPER              0.0000000E+00
ZINC                0.6026235E+05
LEAD                0.0000000E+00
CMENT               0.5591543E+05
BRICKS              0.4561394E+04
LIME                0.1077867E+05
COKE_OVENS          0.3679557E+05
OIL_REFINERY        0.6740317E+03
OTH_TRANSFORMATION  0.2669100E+03
SULPHRIC_ACID       0.0000000E+00
OTHERS              0.5342750E+02
SUB_TOTAL           0.1845445E+06
  
Total [t/year]
  
TOTAL               0.3718350E+06
