Year       : 2007
Country    : CHN
Sub-Region : JINU
  
Combustion Sources [t/year]
  
Fuel Type           POWER_PLANTS   ENERGY         IRON_STEEL     CHEM_PETRCHEM  NON_FERR_MET   NON_MET_MINE   OTHERS         ROAD_CARS      ROAD_BUSES     ROAD_L_TRUCKS  ROAD_H_TRUCKS  ROAD_MC        ROAD_OTHERS    DOM_NAVI       RAILWAY_ETC    RESIDENT       COMM_PUB       AGR_FORE_FISH  OTHERS         SUB_TOTAL    
HARD_COAL           0.1308173E+06  0.5957565E+04  0.0000000E+00  0.0000000E+00  0.0000000E+00  0.0000000E+00  0.3816809E+05  0.0000000E+00  0.0000000E+00  0.0000000E+00  0.0000000E+00  0.0000000E+00  0.0000000E+00  0.0000000E+00  0.9179100E+03  0.5420086E+04  0.7720000E+03  0.1216093E+04  0.0000000E+00  0.1832690E+06
BROWN_COAL          0.0000000E+00  0.0000000E+00  0.0000000E+00  0.0000000E+00  0.0000000E+00  0.0000000E+00  0.0000000E+00  0.0000000E+00  0.0000000E+00  0.0000000E+00  0.0000000E+00  0.0000000E+00  0.0000000E+00  0.0000000E+00  0.0000000E+00  0.0000000E+00  0.0000000E+00  0.0000000E+00  0.0000000E+00  0.0000000E+00
DERIVED_COAL        0.0000000E+00  0.0000000E+00  0.0000000E+00  0.0000000E+00  0.0000000E+00  0.0000000E+00  0.0000000E+00  0.0000000E+00  0.0000000E+00  0.0000000E+00  0.0000000E+00  0.0000000E+00  0.0000000E+00  0.0000000E+00  0.0000000E+00  0.0000000E+00  0.0000000E+00  0.0000000E+00  0.0000000E+00  0.0000000E+00
NATURAL_GAS         0.0000000E+00  0.0000000E+00  0.0000000E+00  0.0000000E+00  0.0000000E+00  0.0000000E+00  0.0000000E+00  0.0000000E+00  0.0000000E+00  0.0000000E+00  0.0000000E+00  0.0000000E+00  0.0000000E+00  0.0000000E+00  0.0000000E+00  0.0000000E+00  0.0000000E+00  0.0000000E+00  0.0000000E+00  0.0000000E+00
COKE_OVEN_GAS       0.0000000E+00  0.0000000E+00  0.0000000E+00  0.0000000E+00  0.0000000E+00  0.0000000E+00  0.0000000E+00  0.0000000E+00  0.0000000E+00  0.0000000E+00  0.0000000E+00  0.0000000E+00  0.0000000E+00  0.0000000E+00  0.0000000E+00  0.0000000E+00  0.0000000E+00  0.0000000E+00  0.0000000E+00  0.0000000E+00
OTHER_GAS           0.0000000E+00  0.0000000E+00  0.0000000E+00  0.0000000E+00  0.0000000E+00  0.0000000E+00  0.0000000E+00  0.0000000E+00  0.0000000E+00  0.0000000E+00  0.0000000E+00  0.0000000E+00  0.0000000E+00  0.0000000E+00  0.0000000E+00  0.0000000E+00  0.0000000E+00  0.0000000E+00  0.0000000E+00  0.0000000E+00
MOTOR_GASOLINE      0.0000000E+00  0.0000000E+00  0.0000000E+00  0.0000000E+00  0.0000000E+00  0.0000000E+00  0.0000000E+00  0.1035101E+04  0.5510310E+03  0.3658524E+03  0.4836433E+03  0.2014351E+05  0.0000000E+00  0.0000000E+00  0.0000000E+00  0.0000000E+00  0.0000000E+00  0.1415700E+03  0.0000000E+00  0.2272071E+05
KEROSENE            0.0000000E+00  0.0000000E+00  0.0000000E+00  0.0000000E+00  0.0000000E+00  0.0000000E+00  0.3996000E+02  0.0000000E+00  0.0000000E+00  0.0000000E+00  0.0000000E+00  0.0000000E+00  0.0000000E+00  0.0000000E+00  0.0000000E+00  0.0000000E+00  0.2700000E+00  0.9000000E-01  0.1350000E+01  0.4167000E+02
OTHER_LF            0.2358000E+02  0.0000000E+00  0.0000000E+00  0.0000000E+00  0.0000000E+00  0.0000000E+00  0.9000900E+03  0.0000000E+00  0.0000000E+00  0.0000000E+00  0.0000000E+00  0.0000000E+00  0.0000000E+00  0.0000000E+00  0.0000000E+00  0.6130800E+03  0.5886000E+02  0.0000000E+00  0.0000000E+00  0.1595610E+04
DIESEL_OIL          0.2009551E+02  0.0000000E+00  0.0000000E+00  0.0000000E+00  0.0000000E+00  0.0000000E+00  0.4680578E+03  0.0000000E+00  0.3745310E+04  0.7173595E+03  0.4600237E+04  0.0000000E+00  0.1832618E+04  0.5499735E+03  0.5894500E+02  0.0000000E+00  0.3320543E+02  0.5837265E+03  0.1818165E+02  0.1262771E+05
CRUDE_OIL           0.0000000E+00  0.4177622E+01  0.0000000E+00  0.0000000E+00  0.0000000E+00  0.0000000E+00  0.6883250E+02  0.0000000E+00  0.0000000E+00  0.0000000E+00  0.0000000E+00  0.0000000E+00  0.0000000E+00  0.0000000E+00  0.0000000E+00  0.0000000E+00  0.0000000E+00  0.0000000E+00  0.0000000E+00  0.7301012E+02
HEAVY_FUEL_OIL      0.2217294E+03  0.5449072E+02  0.0000000E+00  0.0000000E+00  0.0000000E+00  0.0000000E+00  0.9089304E+03  0.0000000E+00  0.0000000E+00  0.0000000E+00  0.0000000E+00  0.0000000E+00  0.0000000E+00  0.1845850E+03  0.0000000E+00  0.0000000E+00  0.0000000E+00  0.1125600E+02  0.0000000E+00  0.1380992E+04
OTHER_HF            0.1944320E+02  0.4729036E+02  0.0000000E+00  0.0000000E+00  0.0000000E+00  0.0000000E+00  0.1191899E+04  0.0000000E+00  0.0000000E+00  0.0000000E+00  0.0000000E+00  0.0000000E+00  0.0000000E+00  0.0000000E+00  0.0000000E+00  0.0000000E+00  0.0000000E+00  0.0000000E+00  0.0000000E+00  0.1258633E+04
FUELWOOD            0.0000000E+00  0.0000000E+00  0.0000000E+00  0.0000000E+00  0.0000000E+00  0.0000000E+00  0.0000000E+00  0.0000000E+00  0.0000000E+00  0.0000000E+00  0.0000000E+00  0.0000000E+00  0.0000000E+00  0.0000000E+00  0.0000000E+00  0.1011654E+05  0.0000000E+00  0.0000000E+00  0.0000000E+00  0.1011654E+05
CROP_RESIDUE        0.0000000E+00  0.0000000E+00  0.0000000E+00  0.0000000E+00  0.0000000E+00  0.0000000E+00  0.0000000E+00  0.0000000E+00  0.0000000E+00  0.0000000E+00  0.0000000E+00  0.0000000E+00  0.0000000E+00  0.0000000E+00  0.0000000E+00  0.1477708E+06  0.0000000E+00  0.0000000E+00  0.0000000E+00  0.1477708E+06
ANIMAL_WASTE        0.0000000E+00  0.0000000E+00  0.0000000E+00  0.0000000E+00  0.0000000E+00  0.0000000E+00  0.0000000E+00  0.0000000E+00  0.0000000E+00  0.0000000E+00  0.0000000E+00  0.0000000E+00  0.0000000E+00  0.0000000E+00  0.0000000E+00  0.0000000E+00  0.0000000E+00  0.0000000E+00  0.0000000E+00  0.0000000E+00
OTHERS              0.0000000E+00  0.0000000E+00  0.0000000E+00  0.0000000E+00  0.0000000E+00  0.0000000E+00  0.0000000E+00  0.0000000E+00  0.0000000E+00  0.0000000E+00  0.0000000E+00  0.0000000E+00  0.0000000E+00  0.0000000E+00  0.0000000E+00  0.0000000E+00  0.0000000E+00  0.0000000E+00  0.0000000E+00  0.0000000E+00
SUB_TOTAL           0.1311021E+06  0.6063524E+04  0.0000000E+00  0.0000000E+00  0.0000000E+00  0.0000000E+00  0.4174586E+05  0.1035101E+04  0.4296341E+04  0.1083212E+04  0.5083880E+04  0.2014351E+05  0.1832618E+04  0.7345585E+03  0.9768550E+03  0.1639205E+06  0.8643354E+03  0.1952736E+04  0.1953165E+02  0.3808547E+06
  
Non-Combustion Sources [t/year]
  
Industry [t/year]
  
Sector
PIG_IRON            0.9465816E+05
CRUDE_STEEL         0.2408143E+05
IRON_STEEL_OTHERS   0.1792990E+05
ALUMINUM_ALUMINA    0.0000000E+00
COPPER              0.3442144E+05
ZINC                0.0000000E+00
LEAD                0.2202753E+05
CMENT               0.2086562E+06
BRICKS              0.4564634E+05
LIME                0.9777025E+04
COKE_OVENS          0.3160855E+05
OIL_REFINERY        0.1018865E+04
OTH_TRANSFORMATION  0.8460700E+02
SULPHRIC_ACID       0.0000000E+00
OTHERS              0.9955763E+03
SUB_TOTAL           0.4909056E+06
  
Total [t/year]
  
TOTAL               0.8717603E+06
