Year       : 2007
Country    : CHN
Sub-Region : XING
  
Combustion Sources [t/year]
  
Fuel Type           POWER_PLANTS   ENERGY         IRON_STEEL     CHEM_PETRCHEM  NON_FERR_MET   NON_MET_MINE   OTHERS         ROAD_CARS      ROAD_BUSES     ROAD_L_TRUCKS  ROAD_H_TRUCKS  ROAD_MC        ROAD_OTHERS    DOM_NAVI       RAILWAY_ETC    RESIDENT       COMM_PUB       AGR_FORE_FISH  OTHERS         SUB_TOTAL    
HARD_COAL           0.2649233E+05  0.6483771E+04  0.2337294E+04  0.1358855E+04  0.3747415E+03  0.0000000E+00  0.2810183E+04  0.0000000E+00  0.0000000E+00  0.0000000E+00  0.0000000E+00  0.0000000E+00  0.0000000E+00  0.0000000E+00  0.1193500E+04  0.1461180E+05  0.7067000E+03  0.1939605E+04  0.7640000E+03  0.5907278E+05
BROWN_COAL          0.0000000E+00  0.0000000E+00  0.0000000E+00  0.0000000E+00  0.0000000E+00  0.0000000E+00  0.0000000E+00  0.0000000E+00  0.0000000E+00  0.0000000E+00  0.0000000E+00  0.0000000E+00  0.0000000E+00  0.0000000E+00  0.0000000E+00  0.0000000E+00  0.0000000E+00  0.0000000E+00  0.0000000E+00  0.0000000E+00
DERIVED_COAL        0.0000000E+00  0.0000000E+00  0.0000000E+00  0.0000000E+00  0.0000000E+00  0.0000000E+00  0.0000000E+00  0.0000000E+00  0.0000000E+00  0.0000000E+00  0.0000000E+00  0.0000000E+00  0.0000000E+00  0.0000000E+00  0.0000000E+00  0.0000000E+00  0.0000000E+00  0.0000000E+00  0.0000000E+00  0.0000000E+00
NATURAL_GAS         0.0000000E+00  0.0000000E+00  0.0000000E+00  0.0000000E+00  0.0000000E+00  0.0000000E+00  0.0000000E+00  0.0000000E+00  0.0000000E+00  0.0000000E+00  0.0000000E+00  0.0000000E+00  0.0000000E+00  0.0000000E+00  0.0000000E+00  0.0000000E+00  0.0000000E+00  0.0000000E+00  0.0000000E+00  0.0000000E+00
COKE_OVEN_GAS       0.0000000E+00  0.0000000E+00  0.0000000E+00  0.0000000E+00  0.0000000E+00  0.0000000E+00  0.0000000E+00  0.0000000E+00  0.0000000E+00  0.0000000E+00  0.0000000E+00  0.0000000E+00  0.0000000E+00  0.0000000E+00  0.0000000E+00  0.0000000E+00  0.0000000E+00  0.0000000E+00  0.0000000E+00  0.0000000E+00
OTHER_GAS           0.0000000E+00  0.0000000E+00  0.0000000E+00  0.0000000E+00  0.0000000E+00  0.0000000E+00  0.0000000E+00  0.0000000E+00  0.0000000E+00  0.0000000E+00  0.0000000E+00  0.0000000E+00  0.0000000E+00  0.0000000E+00  0.0000000E+00  0.0000000E+00  0.0000000E+00  0.0000000E+00  0.0000000E+00  0.0000000E+00
MOTOR_GASOLINE      0.0000000E+00  0.0000000E+00  0.0000000E+00  0.0000000E+00  0.0000000E+00  0.0000000E+00  0.0000000E+00  0.1371734E+03  0.1085769E+03  0.1748095E+03  0.1537231E+03  0.7018815E+03  0.0000000E+00  0.0000000E+00  0.0000000E+00  0.0000000E+00  0.0000000E+00  0.1042200E+03  0.0000000E+00  0.1380384E+04
KEROSENE            0.0000000E+00  0.3085714E+00  0.1028571E+00  0.2057143E+00  0.0000000E+00  0.0000000E+00  0.1028571E+00  0.0000000E+00  0.0000000E+00  0.0000000E+00  0.0000000E+00  0.0000000E+00  0.0000000E+00  0.0000000E+00  0.0000000E+00  0.3780000E+01  0.4320000E+01  0.4320000E+01  0.6300000E+01  0.1944000E+02
OTHER_LF            0.1666800E+03  0.3014425E+03  0.5157059E+02  0.6569114E+02  0.1473446E+02  0.2332956E+02  0.9700186E+02  0.0000000E+00  0.0000000E+00  0.0000000E+00  0.0000000E+00  0.0000000E+00  0.0000000E+00  0.0000000E+00  0.0000000E+00  0.1307700E+03  0.3420000E+02  0.0000000E+00  0.1863000E+02  0.9040501E+03
DIESEL_OIL          0.1295155E+03  0.9320815E+02  0.2551222E+02  0.1351434E+02  0.1338054E+02  0.3287152E+02  0.5988311E+02  0.0000000E+00  0.9220651E+03  0.4282608E+03  0.1826865E+04  0.0000000E+00  0.8618144E+03  0.0000000E+00  0.5401810E+02  0.2928202E+02  0.1100468E+03  0.2875571E+03  0.1258362E+03  0.5013631E+04
CRUDE_OIL           0.3906000E+00  0.4478549E+03  0.0000000E+00  0.0000000E+00  0.0000000E+00  0.0000000E+00  0.0000000E+00  0.0000000E+00  0.0000000E+00  0.0000000E+00  0.0000000E+00  0.0000000E+00  0.0000000E+00  0.0000000E+00  0.0000000E+00  0.0000000E+00  0.0000000E+00  0.0000000E+00  0.0000000E+00  0.4482455E+03
HEAVY_FUEL_OIL      0.5642000E+00  0.1255772E+03  0.0000000E+00  0.0000000E+00  0.9329409E-01  0.0000000E+00  0.2798823E+00  0.0000000E+00  0.0000000E+00  0.0000000E+00  0.0000000E+00  0.0000000E+00  0.0000000E+00  0.0000000E+00  0.0000000E+00  0.0000000E+00  0.0000000E+00  0.0000000E+00  0.0000000E+00  0.1265146E+03
OTHER_HF            0.0000000E+00  0.1037757E+04  0.0000000E+00  0.0000000E+00  0.7709727E+00  0.0000000E+00  0.2341792E+02  0.0000000E+00  0.0000000E+00  0.0000000E+00  0.0000000E+00  0.0000000E+00  0.0000000E+00  0.6030000E+02  0.0000000E+00  0.4480000E+00  0.5600000E+00  0.0000000E+00  0.8400000E+00  0.1124094E+04
FUELWOOD            0.0000000E+00  0.0000000E+00  0.0000000E+00  0.0000000E+00  0.0000000E+00  0.0000000E+00  0.0000000E+00  0.0000000E+00  0.0000000E+00  0.0000000E+00  0.0000000E+00  0.0000000E+00  0.0000000E+00  0.0000000E+00  0.0000000E+00  0.2219724E+05  0.0000000E+00  0.0000000E+00  0.0000000E+00  0.2219724E+05
CROP_RESIDUE        0.0000000E+00  0.0000000E+00  0.0000000E+00  0.0000000E+00  0.0000000E+00  0.0000000E+00  0.0000000E+00  0.0000000E+00  0.0000000E+00  0.0000000E+00  0.0000000E+00  0.0000000E+00  0.0000000E+00  0.0000000E+00  0.0000000E+00  0.3794328E+05  0.0000000E+00  0.0000000E+00  0.0000000E+00  0.3794328E+05
ANIMAL_WASTE        0.0000000E+00  0.0000000E+00  0.0000000E+00  0.0000000E+00  0.0000000E+00  0.0000000E+00  0.0000000E+00  0.0000000E+00  0.0000000E+00  0.0000000E+00  0.0000000E+00  0.0000000E+00  0.0000000E+00  0.0000000E+00  0.0000000E+00  0.0000000E+00  0.0000000E+00  0.0000000E+00  0.0000000E+00  0.0000000E+00
OTHERS              0.0000000E+00  0.0000000E+00  0.0000000E+00  0.0000000E+00  0.0000000E+00  0.0000000E+00  0.0000000E+00  0.0000000E+00  0.0000000E+00  0.0000000E+00  0.0000000E+00  0.0000000E+00  0.0000000E+00  0.0000000E+00  0.0000000E+00  0.0000000E+00  0.0000000E+00  0.0000000E+00  0.0000000E+00  0.0000000E+00
SUB_TOTAL           0.2678948E+05  0.8489919E+04  0.2414480E+04  0.1438266E+04  0.4037208E+03  0.5620108E+02  0.2990869E+04  0.1371734E+03  0.1030642E+04  0.6030703E+03  0.1980588E+04  0.7018815E+03  0.8618144E+03  0.6030000E+02  0.1247518E+04  0.7491660E+05  0.8558268E+03  0.2335702E+04  0.9156062E+03  0.1282297E+06
  
Non-Combustion Sources [t/year]
  
Industry [t/year]
  
Sector
PIG_IRON            0.9754734E+04
CRUDE_STEEL         0.2279118E+04
IRON_STEEL_OTHERS   0.1383540E+04
ALUMINUM_ALUMINA    0.0000000E+00
COPPER              0.0000000E+00
ZINC                0.0000000E+00
LEAD                0.0000000E+00
CMENT               0.2604782E+05
BRICKS              0.3595361E+04
LIME                0.5827157E+03
COKE_OVENS          0.1166190E+05
OIL_REFINERY        0.7128732E+03
OTH_TRANSFORMATION  0.0000000E+00
SULPHRIC_ACID       0.0000000E+00
OTHERS              0.1534572E+02
SUB_TOTAL           0.5603341E+05
  
Total [t/year]
  
TOTAL               0.1842631E+06
