Year       : 2007
Country    : CHN
Sub-Region : HUBE
  
Combustion Sources [t/year]
  
Fuel Type           POWER_PLANTS   ENERGY         IRON_STEEL     CHEM_PETRCHEM  NON_FERR_MET   NON_MET_MINE   OTHERS         ROAD_CARS      ROAD_BUSES     ROAD_L_TRUCKS  ROAD_H_TRUCKS  ROAD_MC        ROAD_OTHERS    DOM_NAVI       RAILWAY_ETC    RESIDENT       COMM_PUB       AGR_FORE_FISH  OTHERS         SUB_TOTAL    
HARD_COAL           0.4488971E+05  0.3502081E+03  0.7445858E+04  0.1894383E+05  0.1363986E+04  0.0000000E+00  0.1161132E+05  0.0000000E+00  0.0000000E+00  0.0000000E+00  0.0000000E+00  0.0000000E+00  0.0000000E+00  0.0000000E+00  0.3005450E+04  0.3726969E+05  0.2815291E+04  0.1711524E+04  0.1098170E+04  0.1305050E+06
BROWN_COAL          0.0000000E+00  0.0000000E+00  0.0000000E+00  0.0000000E+00  0.0000000E+00  0.0000000E+00  0.0000000E+00  0.0000000E+00  0.0000000E+00  0.0000000E+00  0.0000000E+00  0.0000000E+00  0.0000000E+00  0.0000000E+00  0.0000000E+00  0.0000000E+00  0.0000000E+00  0.0000000E+00  0.0000000E+00  0.0000000E+00
DERIVED_COAL        0.0000000E+00  0.0000000E+00  0.0000000E+00  0.0000000E+00  0.0000000E+00  0.0000000E+00  0.0000000E+00  0.0000000E+00  0.0000000E+00  0.0000000E+00  0.0000000E+00  0.0000000E+00  0.0000000E+00  0.0000000E+00  0.0000000E+00  0.0000000E+00  0.0000000E+00  0.0000000E+00  0.0000000E+00  0.0000000E+00
NATURAL_GAS         0.0000000E+00  0.0000000E+00  0.0000000E+00  0.0000000E+00  0.0000000E+00  0.0000000E+00  0.0000000E+00  0.0000000E+00  0.0000000E+00  0.0000000E+00  0.0000000E+00  0.0000000E+00  0.0000000E+00  0.0000000E+00  0.0000000E+00  0.0000000E+00  0.0000000E+00  0.0000000E+00  0.0000000E+00  0.0000000E+00
COKE_OVEN_GAS       0.0000000E+00  0.0000000E+00  0.0000000E+00  0.0000000E+00  0.0000000E+00  0.0000000E+00  0.0000000E+00  0.0000000E+00  0.0000000E+00  0.0000000E+00  0.0000000E+00  0.0000000E+00  0.0000000E+00  0.0000000E+00  0.0000000E+00  0.0000000E+00  0.0000000E+00  0.0000000E+00  0.0000000E+00  0.0000000E+00
OTHER_GAS           0.0000000E+00  0.0000000E+00  0.0000000E+00  0.0000000E+00  0.0000000E+00  0.0000000E+00  0.0000000E+00  0.0000000E+00  0.0000000E+00  0.0000000E+00  0.0000000E+00  0.0000000E+00  0.0000000E+00  0.0000000E+00  0.0000000E+00  0.0000000E+00  0.0000000E+00  0.0000000E+00  0.0000000E+00  0.0000000E+00
MOTOR_GASOLINE      0.0000000E+00  0.0000000E+00  0.0000000E+00  0.0000000E+00  0.0000000E+00  0.0000000E+00  0.0000000E+00  0.2312501E+03  0.2075052E+03  0.2810391E+03  0.2842051E+03  0.4305480E+05  0.0000000E+00  0.0000000E+00  0.0000000E+00  0.0000000E+00  0.0000000E+00  0.1540800E+03  0.0000000E+00  0.4421288E+05
KEROSENE            0.0000000E+00  0.6952149E+01  0.5214111E+01  0.1052217E+02  0.1597115E+01  0.6012670E+01  0.3288177E+02  0.0000000E+00  0.0000000E+00  0.0000000E+00  0.0000000E+00  0.0000000E+00  0.0000000E+00  0.0000000E+00  0.0000000E+00  0.4320000E+02  0.0000000E+00  0.0000000E+00  0.0000000E+00  0.1063800E+03
OTHER_LF            0.8757000E+02  0.3131438E+02  0.2348578E+02  0.4739475E+02  0.7193843E+01  0.2708271E+02  0.1481085E+03  0.0000000E+00  0.0000000E+00  0.0000000E+00  0.0000000E+00  0.0000000E+00  0.0000000E+00  0.0000000E+00  0.0000000E+00  0.4609800E+03  0.7020000E+02  0.0000000E+00  0.0000000E+00  0.9033300E+03
DIESEL_OIL          0.8775037E+01  0.9227751E+02  0.7729005E+02  0.4474005E+02  0.1452430E+02  0.4824144E+02  0.3973388E+03  0.0000000E+00  0.1406486E+04  0.5495314E+03  0.2695764E+04  0.0000000E+00  0.4831182E+02  0.1184935E+03  0.8317140E+02  0.3751160E+02  0.1066976E+03  0.6416685E+03  0.0000000E+00  0.6370823E+04
CRUDE_OIL           0.0000000E+00  0.7456997E+01  0.5915159E+01  0.4760570E+01  0.1221518E+01  0.4183281E+01  0.2261481E+02  0.0000000E+00  0.0000000E+00  0.0000000E+00  0.0000000E+00  0.0000000E+00  0.0000000E+00  0.0000000E+00  0.0000000E+00  0.0000000E+00  0.0000000E+00  0.0000000E+00  0.0000000E+00  0.4615234E+02
HEAVY_FUEL_OIL      0.2907800E+02  0.6804897E+02  0.5397890E+02  0.4344271E+02  0.1114699E+02  0.3817462E+02  0.2063720E+03  0.0000000E+00  0.0000000E+00  0.0000000E+00  0.0000000E+00  0.0000000E+00  0.0000000E+00  0.1983200E+03  0.0000000E+00  0.0000000E+00  0.0000000E+00  0.0000000E+00  0.0000000E+00  0.6485622E+03
OTHER_HF            0.3719380E+02  0.1404583E+03  0.1114166E+03  0.8966905E+02  0.2300823E+02  0.7879533E+02  0.4259675E+03  0.0000000E+00  0.0000000E+00  0.0000000E+00  0.0000000E+00  0.0000000E+00  0.0000000E+00  0.0000000E+00  0.0000000E+00  0.0000000E+00  0.0000000E+00  0.0000000E+00  0.0000000E+00  0.9065088E+03
FUELWOOD            0.0000000E+00  0.0000000E+00  0.0000000E+00  0.0000000E+00  0.0000000E+00  0.0000000E+00  0.0000000E+00  0.0000000E+00  0.0000000E+00  0.0000000E+00  0.0000000E+00  0.0000000E+00  0.0000000E+00  0.0000000E+00  0.0000000E+00  0.5536085E+05  0.0000000E+00  0.0000000E+00  0.0000000E+00  0.5536085E+05
CROP_RESIDUE        0.0000000E+00  0.0000000E+00  0.0000000E+00  0.0000000E+00  0.0000000E+00  0.0000000E+00  0.0000000E+00  0.0000000E+00  0.0000000E+00  0.0000000E+00  0.0000000E+00  0.0000000E+00  0.0000000E+00  0.0000000E+00  0.0000000E+00  0.1120276E+06  0.0000000E+00  0.0000000E+00  0.0000000E+00  0.1120276E+06
ANIMAL_WASTE        0.0000000E+00  0.0000000E+00  0.0000000E+00  0.0000000E+00  0.0000000E+00  0.0000000E+00  0.0000000E+00  0.0000000E+00  0.0000000E+00  0.0000000E+00  0.0000000E+00  0.0000000E+00  0.0000000E+00  0.0000000E+00  0.0000000E+00  0.0000000E+00  0.0000000E+00  0.0000000E+00  0.0000000E+00  0.0000000E+00
OTHERS              0.0000000E+00  0.0000000E+00  0.0000000E+00  0.0000000E+00  0.0000000E+00  0.0000000E+00  0.0000000E+00  0.0000000E+00  0.0000000E+00  0.0000000E+00  0.0000000E+00  0.0000000E+00  0.0000000E+00  0.0000000E+00  0.0000000E+00  0.0000000E+00  0.0000000E+00  0.0000000E+00  0.0000000E+00  0.0000000E+00
SUB_TOTAL           0.4505233E+05  0.6967164E+03  0.7723159E+04  0.1918436E+05  0.1422678E+04  0.2024901E+03  0.1284460E+05  0.2312501E+03  0.1613991E+04  0.8305705E+03  0.2979969E+04  0.4305480E+05  0.4831182E+02  0.3168135E+03  0.3088621E+04  0.2051998E+06  0.2992189E+04  0.2507273E+04  0.1098170E+04  0.3510881E+06
  
Non-Combustion Sources [t/year]
  
Industry [t/year]
  
Sector
PIG_IRON            0.4181998E+05
CRUDE_STEEL         0.9069394E+04
IRON_STEEL_OTHERS   0.1007665E+05
ALUMINUM_ALUMINA    0.8796416E+03
COPPER              0.3442144E+05
ZINC                0.0000000E+00
LEAD                0.9536727E+04
CMENT               0.9929138E+05
BRICKS              0.1198611E+05
LIME                0.7764294E+04
COKE_OVENS          0.2012574E+05
OIL_REFINERY        0.3756119E+03
OTH_TRANSFORMATION  0.7992110E+03
SULPHRIC_ACID       0.0000000E+00
OTHERS              0.4761513E+02
SUB_TOTAL           0.2461938E+06
  
Total [t/year]
  
TOTAL               0.5972819E+06
