Year       : 2007
Country    : CHN
Sub-Region : WHOL
  
Combustion Sources [t/year]
  
Fuel Type           POWER_PLANTS   ENERGY         IRON_STEEL     CHEM_PETRCHEM  NON_FERR_MET   NON_MET_MINE   OTHERS         ROAD_CARS      ROAD_BUSES     ROAD_L_TRUCKS  ROAD_H_TRUCKS  ROAD_MC        ROAD_OTHERS    DOM_NAVI       RAILWAY_ETC    RESIDENT       COMM_PUB       AGR_FORE_FISH  OTHERS         SUB_TOTAL    
HARD_COAL           0.1601068E+07  0.2227522E+06  0.7397038E+05  0.9238017E+05  0.2113328E+05  0.0000000E+00  0.3395534E+06  0.0000000E+00  0.0000000E+00  0.0000000E+00  0.0000000E+00  0.0000000E+00  0.0000000E+00  0.0000000E+00  0.2489337E+05  0.6525211E+06  0.3892437E+05  0.4915644E+05  0.3395809E+05  0.3150311E+07
BROWN_COAL          0.0000000E+00  0.0000000E+00  0.0000000E+00  0.0000000E+00  0.0000000E+00  0.0000000E+00  0.0000000E+00  0.0000000E+00  0.0000000E+00  0.0000000E+00  0.0000000E+00  0.0000000E+00  0.0000000E+00  0.0000000E+00  0.0000000E+00  0.0000000E+00  0.0000000E+00  0.0000000E+00  0.0000000E+00  0.0000000E+00
DERIVED_COAL        0.0000000E+00  0.0000000E+00  0.0000000E+00  0.0000000E+00  0.0000000E+00  0.0000000E+00  0.0000000E+00  0.0000000E+00  0.0000000E+00  0.0000000E+00  0.0000000E+00  0.0000000E+00  0.0000000E+00  0.0000000E+00  0.0000000E+00  0.0000000E+00  0.0000000E+00  0.0000000E+00  0.0000000E+00  0.0000000E+00
NATURAL_GAS         0.0000000E+00  0.0000000E+00  0.0000000E+00  0.0000000E+00  0.0000000E+00  0.0000000E+00  0.0000000E+00  0.0000000E+00  0.0000000E+00  0.0000000E+00  0.0000000E+00  0.0000000E+00  0.0000000E+00  0.0000000E+00  0.0000000E+00  0.0000000E+00  0.0000000E+00  0.0000000E+00  0.0000000E+00  0.0000000E+00
COKE_OVEN_GAS       0.0000000E+00  0.0000000E+00  0.0000000E+00  0.0000000E+00  0.0000000E+00  0.0000000E+00  0.0000000E+00  0.0000000E+00  0.0000000E+00  0.0000000E+00  0.0000000E+00  0.0000000E+00  0.0000000E+00  0.0000000E+00  0.0000000E+00  0.0000000E+00  0.0000000E+00  0.0000000E+00  0.0000000E+00  0.0000000E+00
OTHER_GAS           0.0000000E+00  0.0000000E+00  0.0000000E+00  0.0000000E+00  0.0000000E+00  0.0000000E+00  0.0000000E+00  0.0000000E+00  0.0000000E+00  0.0000000E+00  0.0000000E+00  0.0000000E+00  0.0000000E+00  0.0000000E+00  0.0000000E+00  0.0000000E+00  0.0000000E+00  0.0000000E+00  0.0000000E+00  0.0000000E+00
MOTOR_GASOLINE      0.0000000E+00  0.0000000E+00  0.0000000E+00  0.0000000E+00  0.0000000E+00  0.0000000E+00  0.0000000E+00  0.1069310E+05  0.6151530E+04  0.9894269E+04  0.7847691E+04  0.1525478E+06  0.0000000E+00  0.0000000E+00  0.0000000E+00  0.0000000E+00  0.0000000E+00  0.2609550E+04  0.0000000E+00  0.1897439E+06
KEROSENE            0.1135553E-01  0.5328659E+02  0.2083632E+02  0.5368646E+02  0.2456495E+02  0.2633672E+02  0.4332994E+03  0.0000000E+00  0.0000000E+00  0.0000000E+00  0.0000000E+00  0.0000000E+00  0.0000000E+00  0.0000000E+00  0.0000000E+00  0.1239578E+03  0.5697000E+02  0.8460000E+01  0.4167011E+02  0.8430797E+03
OTHER_LF            0.1584630E+04  0.1154356E+04  0.5737186E+03  0.8431646E+03  0.2367682E+03  0.3784610E+03  0.8528592E+04  0.0000000E+00  0.0000000E+00  0.0000000E+00  0.0000000E+00  0.0000000E+00  0.0000000E+00  0.0000000E+00  0.0000000E+00  0.1385078E+05  0.1891491E+04  0.5815817E+02  0.3402000E+03  0.2944032E+05
DIESEL_OIL          0.3748445E+03  0.1301827E+04  0.5270969E+03  0.2609799E+03  0.2455802E+03  0.5210760E+03  0.6850881E+04  0.7857604E+03  0.4261256E+05  0.2006801E+05  0.7904662E+05  0.0000000E+00  0.4157742E+05  0.6306931E+04  0.2988591E+04  0.1292715E+04  0.3439346E+04  0.8920586E+04  0.2090363E+04  0.2192112E+06
CRUDE_OIL           0.7165340E+02  0.2868570E+04  0.7050733E+01  0.7236918E+03  0.2812600E+01  0.1304825E+02  0.9786605E+03  0.0000000E+00  0.0000000E+00  0.0000000E+00  0.0000000E+00  0.0000000E+00  0.0000000E+00  0.0000000E+00  0.0000000E+00  0.0000000E+00  0.0000000E+00  0.0000000E+00  0.3080000E+02  0.4696288E+04
HEAVY_FUEL_OIL      0.3402097E+04  0.1365851E+04  0.1828519E+03  0.4326900E+03  0.2131876E+03  0.5871312E+03  0.6753199E+04  0.0000000E+00  0.0000000E+00  0.0000000E+00  0.0000000E+00  0.0000000E+00  0.0000000E+00  0.8473490E+04  0.0000000E+00  0.0000000E+00  0.6938400E+02  0.2536800E+02  0.2181200E+02  0.2152706E+05
OTHER_HF            0.8365784E+03  0.3552707E+04  0.3210320E+03  0.1049078E+04  0.4241604E+03  0.5389723E+03  0.1115624E+05  0.0000000E+00  0.0000000E+00  0.0000000E+00  0.0000000E+00  0.0000000E+00  0.0000000E+00  0.3275630E+03  0.0000000E+00  0.5804400E+02  0.3360000E+02  0.5667200E+02  0.8372000E+02  0.1843837E+05
FUELWOOD            0.0000000E+00  0.0000000E+00  0.0000000E+00  0.0000000E+00  0.0000000E+00  0.0000000E+00  0.0000000E+00  0.0000000E+00  0.0000000E+00  0.0000000E+00  0.0000000E+00  0.0000000E+00  0.0000000E+00  0.0000000E+00  0.0000000E+00  0.1013116E+07  0.0000000E+00  0.0000000E+00  0.8221499E+00  0.1013117E+07
CROP_RESIDUE        0.0000000E+00  0.0000000E+00  0.0000000E+00  0.0000000E+00  0.0000000E+00  0.0000000E+00  0.0000000E+00  0.0000000E+00  0.0000000E+00  0.0000000E+00  0.0000000E+00  0.0000000E+00  0.0000000E+00  0.0000000E+00  0.0000000E+00  0.2371499E+07  0.0000000E+00  0.0000000E+00  0.0000000E+00  0.2371499E+07
ANIMAL_WASTE        0.0000000E+00  0.0000000E+00  0.0000000E+00  0.0000000E+00  0.0000000E+00  0.0000000E+00  0.0000000E+00  0.0000000E+00  0.0000000E+00  0.0000000E+00  0.0000000E+00  0.0000000E+00  0.0000000E+00  0.0000000E+00  0.0000000E+00  0.0000000E+00  0.0000000E+00  0.0000000E+00  0.0000000E+00  0.0000000E+00
OTHERS              0.0000000E+00  0.0000000E+00  0.0000000E+00  0.0000000E+00  0.0000000E+00  0.0000000E+00  0.0000000E+00  0.0000000E+00  0.0000000E+00  0.0000000E+00  0.0000000E+00  0.0000000E+00  0.0000000E+00  0.0000000E+00  0.0000000E+00  0.0000000E+00  0.0000000E+00  0.0000000E+00  0.0000000E+00  0.0000000E+00
SUB_TOTAL           0.1607338E+07  0.2330488E+06  0.7560296E+05  0.9574346E+05  0.2228035E+05  0.2065025E+04  0.3742543E+06  0.1147886E+05  0.4876409E+05  0.2996228E+05  0.8689431E+05  0.1525478E+06  0.4157742E+05  0.1510798E+05  0.2788196E+05  0.4052462E+07  0.4441516E+05  0.6083524E+05  0.3656748E+05  0.7018827E+07
  
Non-Combustion Sources [t/year]
  
Industry [t/year]
  
Sector
PIG_IRON            0.1186334E+07
CRUDE_STEEL         0.2445582E+06
IRON_STEEL_OTHERS   0.1989451E+06
ALUMINUM_ALUMINA    0.7337231E+05
COPPER              0.6385176E+06
ZINC                0.6633488E+06
LEAD                0.4948511E+06
CMENT               0.2396813E+07
BRICKS              0.3261601E+06
LIME                0.2380000E+06
COKE_OVENS          0.9605780E+06
OIL_REFINERY        0.1422526E+05
OTH_TRANSFORMATION  0.2323894E+05
SULPHRIC_ACID       0.0000000E+00
OTHERS              0.5456426E+04
SUB_TOTAL           0.7464399E+07
  
Total [t/year]
  
TOTAL               0.1448323E+08
