Year       : 2007
Country    : CHN
Sub-Region : YUNN
  
Combustion Sources [t/year]
  
Fuel Type           POWER_PLANTS   ENERGY         IRON_STEEL     CHEM_PETRCHEM  NON_FERR_MET   NON_MET_MINE   OTHERS         ROAD_CARS      ROAD_BUSES     ROAD_L_TRUCKS  ROAD_H_TRUCKS  ROAD_MC        ROAD_OTHERS    DOM_NAVI       RAILWAY_ETC    RESIDENT       COMM_PUB       AGR_FORE_FISH  OTHERS         SUB_TOTAL    
HARD_COAL           0.3564385E+05  0.9491371E+04  0.1146251E+04  0.3286819E+04  0.5951524E+03  0.0000000E+00  0.1534953E+04  0.0000000E+00  0.0000000E+00  0.0000000E+00  0.0000000E+00  0.0000000E+00  0.0000000E+00  0.0000000E+00  0.5416320E+03  0.2128658E+05  0.3246260E+03  0.3968852E+04  0.3169060E+03  0.7813699E+05
BROWN_COAL          0.0000000E+00  0.0000000E+00  0.0000000E+00  0.0000000E+00  0.0000000E+00  0.0000000E+00  0.0000000E+00  0.0000000E+00  0.0000000E+00  0.0000000E+00  0.0000000E+00  0.0000000E+00  0.0000000E+00  0.0000000E+00  0.0000000E+00  0.0000000E+00  0.0000000E+00  0.0000000E+00  0.0000000E+00  0.0000000E+00
DERIVED_COAL        0.0000000E+00  0.0000000E+00  0.0000000E+00  0.0000000E+00  0.0000000E+00  0.0000000E+00  0.0000000E+00  0.0000000E+00  0.0000000E+00  0.0000000E+00  0.0000000E+00  0.0000000E+00  0.0000000E+00  0.0000000E+00  0.0000000E+00  0.0000000E+00  0.0000000E+00  0.0000000E+00  0.0000000E+00  0.0000000E+00
NATURAL_GAS         0.0000000E+00  0.0000000E+00  0.0000000E+00  0.0000000E+00  0.0000000E+00  0.0000000E+00  0.0000000E+00  0.0000000E+00  0.0000000E+00  0.0000000E+00  0.0000000E+00  0.0000000E+00  0.0000000E+00  0.0000000E+00  0.0000000E+00  0.0000000E+00  0.0000000E+00  0.0000000E+00  0.0000000E+00  0.0000000E+00
COKE_OVEN_GAS       0.0000000E+00  0.0000000E+00  0.0000000E+00  0.0000000E+00  0.0000000E+00  0.0000000E+00  0.0000000E+00  0.0000000E+00  0.0000000E+00  0.0000000E+00  0.0000000E+00  0.0000000E+00  0.0000000E+00  0.0000000E+00  0.0000000E+00  0.0000000E+00  0.0000000E+00  0.0000000E+00  0.0000000E+00  0.0000000E+00
OTHER_GAS           0.0000000E+00  0.0000000E+00  0.0000000E+00  0.0000000E+00  0.0000000E+00  0.0000000E+00  0.0000000E+00  0.0000000E+00  0.0000000E+00  0.0000000E+00  0.0000000E+00  0.0000000E+00  0.0000000E+00  0.0000000E+00  0.0000000E+00  0.0000000E+00  0.0000000E+00  0.0000000E+00  0.0000000E+00  0.0000000E+00
MOTOR_GASOLINE      0.0000000E+00  0.0000000E+00  0.0000000E+00  0.0000000E+00  0.0000000E+00  0.0000000E+00  0.0000000E+00  0.3627528E+03  0.1410912E+03  0.4418243E+03  0.4438689E+03  0.1722319E+04  0.0000000E+00  0.0000000E+00  0.0000000E+00  0.0000000E+00  0.0000000E+00  0.7101000E+02  0.0000000E+00  0.3182866E+04
KEROSENE            0.0000000E+00  0.1201794E+00  0.2309498E+00  0.1210348E+00  0.4413709E+00  0.2754291E+00  0.4310359E+00  0.0000000E+00  0.0000000E+00  0.0000000E+00  0.0000000E+00  0.0000000E+00  0.0000000E+00  0.0000000E+00  0.0000000E+00  0.1800000E+00  0.9000000E-01  0.6300000E+00  0.5400000E+01  0.7920000E+01
OTHER_LF            0.0000000E+00  0.9190193E-01  0.1766087E+00  0.9255600E-01  0.3375189E+00  0.2106222E+00  0.2607921E+00  0.0000000E+00  0.0000000E+00  0.0000000E+00  0.0000000E+00  0.0000000E+00  0.0000000E+00  0.0000000E+00  0.0000000E+00  0.8991000E+02  0.3528000E+02  0.0000000E+00  0.2070000E+01  0.1284300E+03
DIESEL_OIL          0.7669785E+01  0.7596602E+01  0.1202225E+02  0.6300550E+01  0.2297586E+02  0.1433765E+02  0.7656571E+02  0.0000000E+00  0.9205125E+03  0.8315692E+03  0.4052542E+04  0.0000000E+00  0.1801459E+04  0.3426417E+01  0.1045873E+03  0.7674570E+02  0.1430608E+02  0.7210460E+02  0.1909073E+02  0.8043812E+04
CRUDE_OIL           0.0000000E+00  0.4920682E-01  0.7787389E-01  0.4081168E-01  0.1488257E+00  0.9287180E-01  0.1149938E+00  0.0000000E+00  0.0000000E+00  0.0000000E+00  0.0000000E+00  0.0000000E+00  0.0000000E+00  0.0000000E+00  0.0000000E+00  0.0000000E+00  0.0000000E+00  0.0000000E+00  0.0000000E+00  0.5245837E+00
HEAVY_FUEL_OIL      0.0000000E+00  0.2187467E+01  0.3461848E+01  0.1814265E+01  0.6615977E+01  0.4128574E+01  0.5111995E+01  0.0000000E+00  0.0000000E+00  0.0000000E+00  0.0000000E+00  0.0000000E+00  0.0000000E+00  0.0000000E+00  0.0000000E+00  0.0000000E+00  0.0000000E+00  0.0000000E+00  0.0000000E+00  0.2332013E+02
OTHER_HF            0.0000000E+00  0.1892225E+01  0.2994604E+01  0.1569395E+01  0.5723024E+01  0.3571343E+01  0.4422033E+01  0.0000000E+00  0.0000000E+00  0.0000000E+00  0.0000000E+00  0.0000000E+00  0.0000000E+00  0.1058600E+02  0.0000000E+00  0.0000000E+00  0.8400000E-01  0.0000000E+00  0.1960000E+00  0.3103862E+02
FUELWOOD            0.0000000E+00  0.0000000E+00  0.0000000E+00  0.0000000E+00  0.0000000E+00  0.0000000E+00  0.0000000E+00  0.0000000E+00  0.0000000E+00  0.0000000E+00  0.0000000E+00  0.0000000E+00  0.0000000E+00  0.0000000E+00  0.0000000E+00  0.6037616E+05  0.0000000E+00  0.0000000E+00  0.0000000E+00  0.6037616E+05
CROP_RESIDUE        0.0000000E+00  0.0000000E+00  0.0000000E+00  0.0000000E+00  0.0000000E+00  0.0000000E+00  0.0000000E+00  0.0000000E+00  0.0000000E+00  0.0000000E+00  0.0000000E+00  0.0000000E+00  0.0000000E+00  0.0000000E+00  0.0000000E+00  0.3918363E+05  0.0000000E+00  0.0000000E+00  0.0000000E+00  0.3918363E+05
ANIMAL_WASTE        0.0000000E+00  0.0000000E+00  0.0000000E+00  0.0000000E+00  0.0000000E+00  0.0000000E+00  0.0000000E+00  0.0000000E+00  0.0000000E+00  0.0000000E+00  0.0000000E+00  0.0000000E+00  0.0000000E+00  0.0000000E+00  0.0000000E+00  0.0000000E+00  0.0000000E+00  0.0000000E+00  0.0000000E+00  0.0000000E+00
OTHERS              0.0000000E+00  0.0000000E+00  0.0000000E+00  0.0000000E+00  0.0000000E+00  0.0000000E+00  0.0000000E+00  0.0000000E+00  0.0000000E+00  0.0000000E+00  0.0000000E+00  0.0000000E+00  0.0000000E+00  0.0000000E+00  0.0000000E+00  0.0000000E+00  0.0000000E+00  0.0000000E+00  0.0000000E+00  0.0000000E+00
SUB_TOTAL           0.3565152E+05  0.9503309E+04  0.1165215E+04  0.3296758E+04  0.6313950E+03  0.2261649E+02  0.1621860E+04  0.3627528E+03  0.1061604E+04  0.1273394E+04  0.4496411E+04  0.1722319E+04  0.1801459E+04  0.1401242E+02  0.6462193E+03  0.1210132E+06  0.3743861E+03  0.4112597E+04  0.3436627E+03  0.1891147E+06
  
Non-Combustion Sources [t/year]
  
Industry [t/year]
  
Sector
PIG_IRON            0.2994436E+05
CRUDE_STEEL         0.4507997E+04
IRON_STEEL_OTHERS   0.4471524E+04
ALUMINUM_ALUMINA    0.4038358E+04
COPPER              0.4302679E+05
ZINC                0.1427699E+06
LEAD                0.7105390E+05
CMENT               0.6283628E+05
BRICKS              0.5712674E+04
LIME                0.3751429E+04
COKE_OVENS          0.3404740E+05
OIL_REFINERY        0.0000000E+00
OTH_TRANSFORMATION  0.2546003E+04
SULPHRIC_ACID       0.0000000E+00
OTHERS              0.1395784E+02
SUB_TOTAL           0.4087206E+06
  
Total [t/year]
  
TOTAL               0.5978353E+06
