Year       : 2007
Country    : CHN
Sub-Region : HUNA
  
Combustion Sources [t/year]
  
Fuel Type           POWER_PLANTS   ENERGY         IRON_STEEL     CHEM_PETRCHEM  NON_FERR_MET   NON_MET_MINE   OTHERS         ROAD_CARS      ROAD_BUSES     ROAD_L_TRUCKS  ROAD_H_TRUCKS  ROAD_MC        ROAD_OTHERS    DOM_NAVI       RAILWAY_ETC    RESIDENT       COMM_PUB       AGR_FORE_FISH  OTHERS         SUB_TOTAL    
HARD_COAL           0.3417649E+05  0.1409251E+05  0.6393628E+04  0.1082039E+05  0.3469393E+04  0.0000000E+00  0.9193222E+04  0.0000000E+00  0.0000000E+00  0.0000000E+00  0.0000000E+00  0.0000000E+00  0.0000000E+00  0.0000000E+00  0.2167830E+03  0.1798006E+05  0.6150524E+04  0.6451411E+04  0.2316000E+03  0.1091760E+06
BROWN_COAL          0.0000000E+00  0.0000000E+00  0.0000000E+00  0.0000000E+00  0.0000000E+00  0.0000000E+00  0.0000000E+00  0.0000000E+00  0.0000000E+00  0.0000000E+00  0.0000000E+00  0.0000000E+00  0.0000000E+00  0.0000000E+00  0.0000000E+00  0.0000000E+00  0.0000000E+00  0.0000000E+00  0.0000000E+00  0.0000000E+00
DERIVED_COAL        0.0000000E+00  0.0000000E+00  0.0000000E+00  0.0000000E+00  0.0000000E+00  0.0000000E+00  0.0000000E+00  0.0000000E+00  0.0000000E+00  0.0000000E+00  0.0000000E+00  0.0000000E+00  0.0000000E+00  0.0000000E+00  0.0000000E+00  0.0000000E+00  0.0000000E+00  0.0000000E+00  0.0000000E+00  0.0000000E+00
NATURAL_GAS         0.0000000E+00  0.0000000E+00  0.0000000E+00  0.0000000E+00  0.0000000E+00  0.0000000E+00  0.0000000E+00  0.0000000E+00  0.0000000E+00  0.0000000E+00  0.0000000E+00  0.0000000E+00  0.0000000E+00  0.0000000E+00  0.0000000E+00  0.0000000E+00  0.0000000E+00  0.0000000E+00  0.0000000E+00  0.0000000E+00
COKE_OVEN_GAS       0.0000000E+00  0.0000000E+00  0.0000000E+00  0.0000000E+00  0.0000000E+00  0.0000000E+00  0.0000000E+00  0.0000000E+00  0.0000000E+00  0.0000000E+00  0.0000000E+00  0.0000000E+00  0.0000000E+00  0.0000000E+00  0.0000000E+00  0.0000000E+00  0.0000000E+00  0.0000000E+00  0.0000000E+00  0.0000000E+00
OTHER_GAS           0.0000000E+00  0.0000000E+00  0.0000000E+00  0.0000000E+00  0.0000000E+00  0.0000000E+00  0.0000000E+00  0.0000000E+00  0.0000000E+00  0.0000000E+00  0.0000000E+00  0.0000000E+00  0.0000000E+00  0.0000000E+00  0.0000000E+00  0.0000000E+00  0.0000000E+00  0.0000000E+00  0.0000000E+00  0.0000000E+00
MOTOR_GASOLINE      0.0000000E+00  0.0000000E+00  0.0000000E+00  0.0000000E+00  0.0000000E+00  0.0000000E+00  0.0000000E+00  0.2399499E+03  0.1954728E+03  0.2515846E+03  0.3100646E+03  0.2993775E+04  0.0000000E+00  0.0000000E+00  0.0000000E+00  0.0000000E+00  0.0000000E+00  0.7632000E+02  0.0000000E+00  0.4067167E+04
KEROSENE            0.0000000E+00  0.2914286E+00  0.4538498E+01  0.9232758E+00  0.8971479E+01  0.5816010E+00  0.8813721E+01  0.0000000E+00  0.0000000E+00  0.0000000E+00  0.0000000E+00  0.0000000E+00  0.0000000E+00  0.0000000E+00  0.0000000E+00  0.0000000E+00  0.1467000E+02  0.0000000E+00  0.0000000E+00  0.3879000E+02
OTHER_LF            0.3546000E+02  0.1524189E+03  0.1333463E+02  0.7841848E+02  0.1979642E+02  0.3173531E+02  0.1522262E+03  0.0000000E+00  0.0000000E+00  0.0000000E+00  0.0000000E+00  0.0000000E+00  0.0000000E+00  0.0000000E+00  0.0000000E+00  0.2394900E+03  0.1834200E+03  0.0000000E+00  0.0000000E+00  0.9062999E+03
DIESEL_OIL          0.9712829E+01  0.6114851E+01  0.1474758E+02  0.2205957E+02  0.3220770E+02  0.1981924E+02  0.2012662E+03  0.0000000E+00  0.1290422E+04  0.4791248E+03  0.2864448E+04  0.0000000E+00  0.8424802E+03  0.6228950E+02  0.1420475E+03  0.0000000E+00  0.1560751E+03  0.2626770E+02  0.4641105E+01  0.6173724E+04
CRUDE_OIL           0.0000000E+00  0.2439043E+02  0.2405550E-03  0.1065959E-01  0.0000000E+00  0.6689835E-01  0.2964840E-02  0.0000000E+00  0.0000000E+00  0.0000000E+00  0.0000000E+00  0.0000000E+00  0.0000000E+00  0.0000000E+00  0.0000000E+00  0.0000000E+00  0.0000000E+00  0.0000000E+00  0.0000000E+00  0.2447119E+02
HEAVY_FUEL_OIL      0.2022440E+02  0.2169528E+02  0.3612779E+01  0.3329386E+01  0.1198259E+02  0.2998469E+02  0.6012653E+01  0.0000000E+00  0.0000000E+00  0.0000000E+00  0.0000000E+00  0.0000000E+00  0.0000000E+00  0.1340000E+03  0.0000000E+00  0.0000000E+00  0.0000000E+00  0.0000000E+00  0.0000000E+00  0.2308418E+03
OTHER_HF            0.0000000E+00  0.2765234E+03  0.7890775E+00  0.5004755E+02  0.9965026E+00  0.2290306E+01  0.3772493E+01  0.0000000E+00  0.0000000E+00  0.0000000E+00  0.0000000E+00  0.0000000E+00  0.0000000E+00  0.0000000E+00  0.0000000E+00  0.0000000E+00  0.0000000E+00  0.0000000E+00  0.0000000E+00  0.3344193E+03
FUELWOOD            0.0000000E+00  0.0000000E+00  0.0000000E+00  0.0000000E+00  0.0000000E+00  0.0000000E+00  0.0000000E+00  0.0000000E+00  0.0000000E+00  0.0000000E+00  0.0000000E+00  0.0000000E+00  0.0000000E+00  0.0000000E+00  0.0000000E+00  0.5604385E+05  0.0000000E+00  0.0000000E+00  0.0000000E+00  0.5604385E+05
CROP_RESIDUE        0.0000000E+00  0.0000000E+00  0.0000000E+00  0.0000000E+00  0.0000000E+00  0.0000000E+00  0.0000000E+00  0.0000000E+00  0.0000000E+00  0.0000000E+00  0.0000000E+00  0.0000000E+00  0.0000000E+00  0.0000000E+00  0.0000000E+00  0.4128251E+05  0.0000000E+00  0.0000000E+00  0.0000000E+00  0.4128251E+05
ANIMAL_WASTE        0.0000000E+00  0.0000000E+00  0.0000000E+00  0.0000000E+00  0.0000000E+00  0.0000000E+00  0.0000000E+00  0.0000000E+00  0.0000000E+00  0.0000000E+00  0.0000000E+00  0.0000000E+00  0.0000000E+00  0.0000000E+00  0.0000000E+00  0.0000000E+00  0.0000000E+00  0.0000000E+00  0.0000000E+00  0.0000000E+00
OTHERS              0.0000000E+00  0.0000000E+00  0.0000000E+00  0.0000000E+00  0.0000000E+00  0.0000000E+00  0.0000000E+00  0.0000000E+00  0.0000000E+00  0.0000000E+00  0.0000000E+00  0.0000000E+00  0.0000000E+00  0.0000000E+00  0.0000000E+00  0.0000000E+00  0.0000000E+00  0.0000000E+00  0.0000000E+00  0.0000000E+00
SUB_TOTAL           0.3424189E+05  0.1457394E+05  0.6430651E+04  0.1097518E+05  0.3543348E+04  0.8447805E+02  0.9565316E+04  0.2399499E+03  0.1485895E+04  0.7307094E+03  0.3174513E+04  0.2993775E+04  0.8424802E+03  0.1962895E+03  0.3588305E+03  0.1155459E+06  0.6504689E+04  0.6553999E+04  0.2362411E+03  0.2182781E+06
  
Non-Combustion Sources [t/year]
  
Industry [t/year]
  
Sector
PIG_IRON            0.3106418E+05
CRUDE_STEEL         0.6792673E+04
IRON_STEEL_OTHERS   0.6466964E+04
ALUMINUM_ALUMINA    0.1684103E+04
COPPER              0.0000000E+00
ZINC                0.1496771E+06
LEAD                0.9346986E+05
CMENT               0.1000737E+06
BRICKS              0.1151055E+05
LIME                0.1012980E+05
COKE_OVENS          0.1417176E+05
OIL_REFINERY        0.2795590E+03
OTH_TRANSFORMATION  0.5631150E+03
SULPHRIC_ACID       0.0000000E+00
OTHERS              0.1691381E+03
SUB_TOTAL           0.4260525E+06
  
Total [t/year]
  
TOTAL               0.6443306E+06
