Year       : 2007
Country    : CHN
Sub-Region : SHAA
  
Combustion Sources [t/year]
  
Fuel Type           POWER_PLANTS   ENERGY         IRON_STEEL     CHEM_PETRCHEM  NON_FERR_MET   NON_MET_MINE   OTHERS         ROAD_CARS      ROAD_BUSES     ROAD_L_TRUCKS  ROAD_H_TRUCKS  ROAD_MC        ROAD_OTHERS    DOM_NAVI       RAILWAY_ETC    RESIDENT       COMM_PUB       AGR_FORE_FISH  OTHERS         SUB_TOTAL    
HARD_COAL           0.5898151E+05  0.2436495E+05  0.5088911E+03  0.6953855E+04  0.2231267E+04  0.0000000E+00  0.3889876E+04  0.0000000E+00  0.0000000E+00  0.0000000E+00  0.0000000E+00  0.0000000E+00  0.0000000E+00  0.0000000E+00  0.1860180E+04  0.4111884E+04  0.9939600E+04  0.1085324E+04  0.0000000E+00  0.1139273E+06
BROWN_COAL          0.0000000E+00  0.0000000E+00  0.0000000E+00  0.0000000E+00  0.0000000E+00  0.0000000E+00  0.0000000E+00  0.0000000E+00  0.0000000E+00  0.0000000E+00  0.0000000E+00  0.0000000E+00  0.0000000E+00  0.0000000E+00  0.0000000E+00  0.0000000E+00  0.0000000E+00  0.0000000E+00  0.0000000E+00  0.0000000E+00
DERIVED_COAL        0.0000000E+00  0.0000000E+00  0.0000000E+00  0.0000000E+00  0.0000000E+00  0.0000000E+00  0.0000000E+00  0.0000000E+00  0.0000000E+00  0.0000000E+00  0.0000000E+00  0.0000000E+00  0.0000000E+00  0.0000000E+00  0.0000000E+00  0.0000000E+00  0.0000000E+00  0.0000000E+00  0.0000000E+00  0.0000000E+00
NATURAL_GAS         0.0000000E+00  0.0000000E+00  0.0000000E+00  0.0000000E+00  0.0000000E+00  0.0000000E+00  0.0000000E+00  0.0000000E+00  0.0000000E+00  0.0000000E+00  0.0000000E+00  0.0000000E+00  0.0000000E+00  0.0000000E+00  0.0000000E+00  0.0000000E+00  0.0000000E+00  0.0000000E+00  0.0000000E+00  0.0000000E+00
COKE_OVEN_GAS       0.0000000E+00  0.0000000E+00  0.0000000E+00  0.0000000E+00  0.0000000E+00  0.0000000E+00  0.0000000E+00  0.0000000E+00  0.0000000E+00  0.0000000E+00  0.0000000E+00  0.0000000E+00  0.0000000E+00  0.0000000E+00  0.0000000E+00  0.0000000E+00  0.0000000E+00  0.0000000E+00  0.0000000E+00  0.0000000E+00
OTHER_GAS           0.0000000E+00  0.0000000E+00  0.0000000E+00  0.0000000E+00  0.0000000E+00  0.0000000E+00  0.0000000E+00  0.0000000E+00  0.0000000E+00  0.0000000E+00  0.0000000E+00  0.0000000E+00  0.0000000E+00  0.0000000E+00  0.0000000E+00  0.0000000E+00  0.0000000E+00  0.0000000E+00  0.0000000E+00  0.0000000E+00
MOTOR_GASOLINE      0.0000000E+00  0.0000000E+00  0.0000000E+00  0.0000000E+00  0.0000000E+00  0.0000000E+00  0.0000000E+00  0.2259996E+03  0.1402162E+03  0.1393721E+03  0.1992768E+03  0.1938830E+04  0.0000000E+00  0.0000000E+00  0.0000000E+00  0.0000000E+00  0.0000000E+00  0.4878000E+02  0.0000000E+00  0.2692475E+04
KEROSENE            0.0000000E+00  0.6685648E+01  0.2832901E+00  0.1964145E+01  0.6421244E+00  0.4343782E+00  0.4570415E+01  0.0000000E+00  0.0000000E+00  0.0000000E+00  0.0000000E+00  0.0000000E+00  0.0000000E+00  0.0000000E+00  0.0000000E+00  0.0000000E+00  0.0000000E+00  0.0000000E+00  0.0000000E+00  0.1458000E+02
OTHER_LF            0.2070000E+01  0.1370145E+02  0.5805699E+00  0.4025284E+01  0.1315959E+01  0.8902074E+00  0.9366530E+01  0.0000000E+00  0.0000000E+00  0.0000000E+00  0.0000000E+00  0.0000000E+00  0.0000000E+00  0.0000000E+00  0.0000000E+00  0.4230000E+03  0.2700000E+01  0.0000000E+00  0.0000000E+00  0.4576500E+03
DIESEL_OIL          0.4052593E+01  0.1480175E+03  0.2386789E+01  0.3341505E+01  0.6921691E+01  0.6307942E+01  0.1585680E+02  0.0000000E+00  0.1005118E+04  0.3030695E+03  0.1999028E+04  0.0000000E+00  0.1230372E+04  0.3200244E+00  0.1276897E+03  0.2392322E+02  0.8612360E+02  0.1339700E+03  0.7511890E+01  0.5104011E+04
CRUDE_OIL           0.0000000E+00  0.1366780E+02  0.2435089E+00  0.5786915E+00  0.6789599E+00  0.5958805E+00  0.1716021E+01  0.0000000E+00  0.0000000E+00  0.0000000E+00  0.0000000E+00  0.0000000E+00  0.0000000E+00  0.0000000E+00  0.0000000E+00  0.0000000E+00  0.0000000E+00  0.0000000E+00  0.0000000E+00  0.1748086E+02
HEAVY_FUEL_OIL      0.5950000E-01  0.6147241E+01  0.1095208E+00  0.2602728E+00  0.3053695E+00  0.2680037E+00  0.7717990E+00  0.0000000E+00  0.0000000E+00  0.0000000E+00  0.0000000E+00  0.0000000E+00  0.0000000E+00  0.1854000E+01  0.0000000E+00  0.0000000E+00  0.0000000E+00  0.0000000E+00  0.0000000E+00  0.9775707E+01
OTHER_HF            0.0000000E+00  0.4440401E+02  0.7911129E+00  0.1880055E+01  0.2205807E+01  0.1935899E+01  0.5575017E+01  0.0000000E+00  0.0000000E+00  0.0000000E+00  0.0000000E+00  0.0000000E+00  0.0000000E+00  0.0000000E+00  0.0000000E+00  0.0000000E+00  0.0000000E+00  0.0000000E+00  0.0000000E+00  0.5679190E+02
FUELWOOD            0.0000000E+00  0.0000000E+00  0.0000000E+00  0.0000000E+00  0.0000000E+00  0.0000000E+00  0.0000000E+00  0.0000000E+00  0.0000000E+00  0.0000000E+00  0.0000000E+00  0.0000000E+00  0.0000000E+00  0.0000000E+00  0.0000000E+00  0.4183718E+05  0.0000000E+00  0.0000000E+00  0.0000000E+00  0.4183718E+05
CROP_RESIDUE        0.0000000E+00  0.0000000E+00  0.0000000E+00  0.0000000E+00  0.0000000E+00  0.0000000E+00  0.0000000E+00  0.0000000E+00  0.0000000E+00  0.0000000E+00  0.0000000E+00  0.0000000E+00  0.0000000E+00  0.0000000E+00  0.0000000E+00  0.8203178E+05  0.0000000E+00  0.0000000E+00  0.0000000E+00  0.8203178E+05
ANIMAL_WASTE        0.0000000E+00  0.0000000E+00  0.0000000E+00  0.0000000E+00  0.0000000E+00  0.0000000E+00  0.0000000E+00  0.0000000E+00  0.0000000E+00  0.0000000E+00  0.0000000E+00  0.0000000E+00  0.0000000E+00  0.0000000E+00  0.0000000E+00  0.0000000E+00  0.0000000E+00  0.0000000E+00  0.0000000E+00  0.0000000E+00
OTHERS              0.0000000E+00  0.0000000E+00  0.0000000E+00  0.0000000E+00  0.0000000E+00  0.0000000E+00  0.0000000E+00  0.0000000E+00  0.0000000E+00  0.0000000E+00  0.0000000E+00  0.0000000E+00  0.0000000E+00  0.0000000E+00  0.0000000E+00  0.0000000E+00  0.0000000E+00  0.0000000E+00  0.0000000E+00  0.0000000E+00
SUB_TOTAL           0.5898769E+05  0.2459757E+05  0.5132859E+03  0.6965905E+04  0.2243337E+04  0.1043231E+02  0.3927733E+04  0.2259996E+03  0.1145334E+04  0.4424416E+03  0.2198305E+04  0.1938830E+04  0.1230372E+04  0.2174024E+01  0.1987870E+04  0.1284278E+06  0.1002842E+05  0.1268074E+04  0.7511890E+01  0.2461491E+06
  
Non-Combustion Sources [t/year]
  
Industry [t/year]
  
Sector
PIG_IRON            0.1081198E+05
CRUDE_STEEL         0.2662272E+04
IRON_STEEL_OTHERS   0.2993679E+04
ALUMINUM_ALUMINA    0.2283162E+04
COPPER              0.0000000E+00
ZINC                0.6515453E+05
LEAD                0.0000000E+00
CMENT               0.7670495E+05
BRICKS              0.1199478E+05
LIME                0.9238857E+05
COKE_OVENS          0.5193465E+05
OIL_REFINERY        0.7407632E+03
OTH_TRANSFORMATION  0.8868300E+03
SULPHRIC_ACID       0.0000000E+00
OTHERS              0.5594851E+02
SUB_TOTAL           0.3186121E+06
  
Total [t/year]
  
TOTAL               0.5647612E+06
