Year       : 2007
Country    : CHN
Sub-Region : JINX
  
Combustion Sources [t/year]
  
Fuel Type           POWER_PLANTS   ENERGY         IRON_STEEL     CHEM_PETRCHEM  NON_FERR_MET   NON_MET_MINE   OTHERS         ROAD_CARS      ROAD_BUSES     ROAD_L_TRUCKS  ROAD_H_TRUCKS  ROAD_MC        ROAD_OTHERS    DOM_NAVI       RAILWAY_ETC    RESIDENT       COMM_PUB       AGR_FORE_FISH  OTHERS         SUB_TOTAL    
HARD_COAL           0.4432657E+05  0.1393904E+05  0.3136008E+04  0.4012130E+04  0.9543434E+03  0.0000000E+00  0.3855602E+04  0.0000000E+00  0.0000000E+00  0.0000000E+00  0.0000000E+00  0.0000000E+00  0.0000000E+00  0.0000000E+00  0.1997170E+03  0.2028600E+04  0.3248000E+03  0.1262544E+04  0.4640000E+02  0.7408575E+05
BROWN_COAL          0.0000000E+00  0.0000000E+00  0.0000000E+00  0.0000000E+00  0.0000000E+00  0.0000000E+00  0.0000000E+00  0.0000000E+00  0.0000000E+00  0.0000000E+00  0.0000000E+00  0.0000000E+00  0.0000000E+00  0.0000000E+00  0.0000000E+00  0.0000000E+00  0.0000000E+00  0.0000000E+00  0.0000000E+00  0.0000000E+00
DERIVED_COAL        0.0000000E+00  0.0000000E+00  0.0000000E+00  0.0000000E+00  0.0000000E+00  0.0000000E+00  0.0000000E+00  0.0000000E+00  0.0000000E+00  0.0000000E+00  0.0000000E+00  0.0000000E+00  0.0000000E+00  0.0000000E+00  0.0000000E+00  0.0000000E+00  0.0000000E+00  0.0000000E+00  0.0000000E+00  0.0000000E+00
NATURAL_GAS         0.0000000E+00  0.0000000E+00  0.0000000E+00  0.0000000E+00  0.0000000E+00  0.0000000E+00  0.0000000E+00  0.0000000E+00  0.0000000E+00  0.0000000E+00  0.0000000E+00  0.0000000E+00  0.0000000E+00  0.0000000E+00  0.0000000E+00  0.0000000E+00  0.0000000E+00  0.0000000E+00  0.0000000E+00  0.0000000E+00
COKE_OVEN_GAS       0.0000000E+00  0.0000000E+00  0.0000000E+00  0.0000000E+00  0.0000000E+00  0.0000000E+00  0.0000000E+00  0.0000000E+00  0.0000000E+00  0.0000000E+00  0.0000000E+00  0.0000000E+00  0.0000000E+00  0.0000000E+00  0.0000000E+00  0.0000000E+00  0.0000000E+00  0.0000000E+00  0.0000000E+00  0.0000000E+00
OTHER_GAS           0.0000000E+00  0.0000000E+00  0.0000000E+00  0.0000000E+00  0.0000000E+00  0.0000000E+00  0.0000000E+00  0.0000000E+00  0.0000000E+00  0.0000000E+00  0.0000000E+00  0.0000000E+00  0.0000000E+00  0.0000000E+00  0.0000000E+00  0.0000000E+00  0.0000000E+00  0.0000000E+00  0.0000000E+00  0.0000000E+00
MOTOR_GASOLINE      0.0000000E+00  0.0000000E+00  0.0000000E+00  0.0000000E+00  0.0000000E+00  0.0000000E+00  0.0000000E+00  0.1291962E+03  0.9832787E+02  0.1488791E+03  0.2056667E+03  0.3286891E+04  0.0000000E+00  0.0000000E+00  0.0000000E+00  0.0000000E+00  0.0000000E+00  0.4500000E+02  0.0000000E+00  0.3913961E+04
KEROSENE            0.0000000E+00  0.6981701E-01  0.4827770E-01  0.3832508E+00  0.2291334E+01  0.1299785E+00  0.1307341E+01  0.0000000E+00  0.0000000E+00  0.0000000E+00  0.0000000E+00  0.0000000E+00  0.0000000E+00  0.0000000E+00  0.0000000E+00  0.4500000E+00  0.9000000E-01  0.0000000E+00  0.9000000E-01  0.4859999E+01
OTHER_LF            0.5787000E+02  0.1384679E+02  0.7128833E+01  0.1651239E+02  0.2215691E+02  0.7041520E+01  0.5355356E+02  0.0000000E+00  0.0000000E+00  0.0000000E+00  0.0000000E+00  0.0000000E+00  0.0000000E+00  0.0000000E+00  0.0000000E+00  0.2694600E+03  0.6165000E+02  0.0000000E+00  0.0000000E+00  0.5092200E+03
DIESEL_OIL          0.3483221E+01  0.3315255E+01  0.8180851E+01  0.3270664E+01  0.2087572E+02  0.6503595E+01  0.6186386E+02  0.0000000E+00  0.6073455E+03  0.2789589E+03  0.1777731E+04  0.0000000E+00  0.2835228E+03  0.3197514E+02  0.1148585E+03  0.3492791E+02  0.2172228E+02  0.2727247E+03  0.3488005E+02  0.3566140E+04
CRUDE_OIL           0.0000000E+00  0.0000000E+00  0.0000000E+00  0.0000000E+00  0.0000000E+00  0.0000000E+00  0.0000000E+00  0.0000000E+00  0.0000000E+00  0.0000000E+00  0.0000000E+00  0.0000000E+00  0.0000000E+00  0.0000000E+00  0.0000000E+00  0.0000000E+00  0.0000000E+00  0.0000000E+00  0.0000000E+00  0.0000000E+00
HEAVY_FUEL_OIL      0.1404200E+02  0.2991931E+02  0.2760746E+01  0.3223995E+02  0.4163259E+02  0.1512649E+02  0.1267978E+01  0.0000000E+00  0.0000000E+00  0.0000000E+00  0.0000000E+00  0.0000000E+00  0.0000000E+00  0.0000000E+00  0.0000000E+00  0.0000000E+00  0.0000000E+00  0.0000000E+00  0.0000000E+00  0.1369891E+03
OTHER_HF            0.0000000E+00  0.8728298E+02  0.8053866E+01  0.9405294E+02  0.1214539E+03  0.4412821E+02  0.6858905E+02  0.0000000E+00  0.0000000E+00  0.0000000E+00  0.0000000E+00  0.0000000E+00  0.0000000E+00  0.4120000E+01  0.0000000E+00  0.7500000E+00  0.1500000E+01  0.0000000E+00  0.3000000E+01  0.4329309E+03
FUELWOOD            0.0000000E+00  0.0000000E+00  0.0000000E+00  0.0000000E+00  0.0000000E+00  0.0000000E+00  0.0000000E+00  0.0000000E+00  0.0000000E+00  0.0000000E+00  0.0000000E+00  0.0000000E+00  0.0000000E+00  0.0000000E+00  0.0000000E+00  0.3341722E+05  0.0000000E+00  0.0000000E+00  0.0000000E+00  0.3341722E+05
CROP_RESIDUE        0.0000000E+00  0.0000000E+00  0.0000000E+00  0.0000000E+00  0.0000000E+00  0.0000000E+00  0.0000000E+00  0.0000000E+00  0.0000000E+00  0.0000000E+00  0.0000000E+00  0.0000000E+00  0.0000000E+00  0.0000000E+00  0.0000000E+00  0.3071388E+05  0.0000000E+00  0.0000000E+00  0.0000000E+00  0.3071388E+05
ANIMAL_WASTE        0.0000000E+00  0.0000000E+00  0.0000000E+00  0.0000000E+00  0.0000000E+00  0.0000000E+00  0.0000000E+00  0.0000000E+00  0.0000000E+00  0.0000000E+00  0.0000000E+00  0.0000000E+00  0.0000000E+00  0.0000000E+00  0.0000000E+00  0.0000000E+00  0.0000000E+00  0.0000000E+00  0.0000000E+00  0.0000000E+00
OTHERS              0.0000000E+00  0.0000000E+00  0.0000000E+00  0.0000000E+00  0.0000000E+00  0.0000000E+00  0.0000000E+00  0.0000000E+00  0.0000000E+00  0.0000000E+00  0.0000000E+00  0.0000000E+00  0.0000000E+00  0.0000000E+00  0.0000000E+00  0.0000000E+00  0.0000000E+00  0.0000000E+00  0.0000000E+00  0.0000000E+00
SUB_TOTAL           0.4440197E+05  0.1407347E+05  0.3162181E+04  0.4158589E+04  0.1162754E+04  0.7292979E+02  0.4042184E+04  0.1291962E+03  0.7056734E+03  0.4278380E+03  0.1983398E+04  0.3286891E+04  0.2835228E+03  0.3609514E+02  0.3145755E+03  0.6646529E+05  0.4097623E+03  0.1580269E+04  0.8437005E+02  0.1467810E+06
  
Non-Combustion Sources [t/year]
  
Industry [t/year]
  
Sector
PIG_IRON            0.3097807E+05
CRUDE_STEEL         0.7885500E+04
IRON_STEEL_OTHERS   0.7288253E+04
ALUMINUM_ALUMINA    0.0000000E+00
COPPER              0.1302553E+06
ZINC                0.0000000E+00
LEAD                0.0000000E+00
CMENT               0.1209829E+06
BRICKS              0.1567523E+05
LIME                0.1906899E+06
COKE_OVENS          0.1846602E+05
OIL_REFINERY        0.1820109E+03
OTH_TRANSFORMATION  0.9636886E+04
SULPHRIC_ACID       0.0000000E+00
OTHERS              0.4156031E+02
SUB_TOTAL           0.5320816E+06
  
Total [t/year]
  
TOTAL               0.6788626E+06
