Year       : 2007
Country    : CHN
Sub-Region : HUNA
  
Combustion Sources [t/year]
  
Fuel Type           POWER_PLANTS   ENERGY         IRON_STEEL     CHEM_PETRCHEM  NON_FERR_MET   NON_MET_MINE   OTHERS         ROAD_CARS      ROAD_BUSES     ROAD_L_TRUCKS  ROAD_H_TRUCKS  ROAD_MC        ROAD_OTHERS    DOM_NAVI       RAILWAY_ETC    RESIDENT       COMM_PUB       AGR_FORE_FISH  OTHERS         SUB_TOTAL    
HARD_COAL           0.5977584E+05  0.3298418E+05  0.1496458E+05  0.2532561E+05  0.8120273E+04  0.0000000E+00  0.2151716E+05  0.0000000E+00  0.0000000E+00  0.0000000E+00  0.0000000E+00  0.0000000E+00  0.0000000E+00  0.0000000E+00  0.7202790E+03  0.2311722E+05  0.1478675E+05  0.1551013E+05  0.5568000E+03  0.2173788E+06
BROWN_COAL          0.0000000E+00  0.0000000E+00  0.0000000E+00  0.0000000E+00  0.0000000E+00  0.0000000E+00  0.0000000E+00  0.0000000E+00  0.0000000E+00  0.0000000E+00  0.0000000E+00  0.0000000E+00  0.0000000E+00  0.0000000E+00  0.0000000E+00  0.0000000E+00  0.0000000E+00  0.0000000E+00  0.0000000E+00  0.0000000E+00
DERIVED_COAL        0.0000000E+00  0.0000000E+00  0.0000000E+00  0.0000000E+00  0.0000000E+00  0.0000000E+00  0.0000000E+00  0.0000000E+00  0.0000000E+00  0.0000000E+00  0.0000000E+00  0.0000000E+00  0.0000000E+00  0.0000000E+00  0.0000000E+00  0.0000000E+00  0.0000000E+00  0.0000000E+00  0.0000000E+00  0.0000000E+00
NATURAL_GAS         0.0000000E+00  0.0000000E+00  0.0000000E+00  0.0000000E+00  0.0000000E+00  0.0000000E+00  0.0000000E+00  0.0000000E+00  0.0000000E+00  0.0000000E+00  0.0000000E+00  0.0000000E+00  0.0000000E+00  0.0000000E+00  0.0000000E+00  0.0000000E+00  0.0000000E+00  0.0000000E+00  0.0000000E+00  0.0000000E+00
COKE_OVEN_GAS       0.0000000E+00  0.0000000E+00  0.0000000E+00  0.0000000E+00  0.0000000E+00  0.0000000E+00  0.0000000E+00  0.0000000E+00  0.0000000E+00  0.0000000E+00  0.0000000E+00  0.0000000E+00  0.0000000E+00  0.0000000E+00  0.0000000E+00  0.0000000E+00  0.0000000E+00  0.0000000E+00  0.0000000E+00  0.0000000E+00
OTHER_GAS           0.0000000E+00  0.0000000E+00  0.0000000E+00  0.0000000E+00  0.0000000E+00  0.0000000E+00  0.0000000E+00  0.0000000E+00  0.0000000E+00  0.0000000E+00  0.0000000E+00  0.0000000E+00  0.0000000E+00  0.0000000E+00  0.0000000E+00  0.0000000E+00  0.0000000E+00  0.0000000E+00  0.0000000E+00  0.0000000E+00
MOTOR_GASOLINE      0.0000000E+00  0.0000000E+00  0.0000000E+00  0.0000000E+00  0.0000000E+00  0.0000000E+00  0.0000000E+00  0.2519474E+03  0.2052464E+03  0.2641638E+03  0.3255679E+03  0.3143464E+04  0.0000000E+00  0.0000000E+00  0.0000000E+00  0.0000000E+00  0.0000000E+00  0.7632000E+02  0.0000000E+00  0.4266709E+04
KEROSENE            0.0000000E+00  0.2914286E+00  0.4538498E+01  0.9232758E+00  0.8971479E+01  0.5816010E+00  0.8813721E+01  0.0000000E+00  0.0000000E+00  0.0000000E+00  0.0000000E+00  0.0000000E+00  0.0000000E+00  0.0000000E+00  0.0000000E+00  0.0000000E+00  0.1467000E+02  0.0000000E+00  0.0000000E+00  0.3879000E+02
OTHER_LF            0.3546000E+02  0.1524189E+03  0.1333463E+02  0.7841848E+02  0.1979642E+02  0.3173531E+02  0.1522262E+03  0.0000000E+00  0.0000000E+00  0.0000000E+00  0.0000000E+00  0.0000000E+00  0.0000000E+00  0.0000000E+00  0.0000000E+00  0.2394900E+03  0.1834200E+03  0.0000000E+00  0.0000000E+00  0.9062999E+03
DIESEL_OIL          0.9712829E+01  0.6114851E+01  0.1474758E+02  0.2205957E+02  0.3220770E+02  0.1981924E+02  0.2012662E+03  0.0000000E+00  0.1290422E+04  0.5038220E+03  0.2864448E+04  0.0000000E+00  0.8859070E+03  0.6228950E+02  0.1420475E+03  0.0000000E+00  0.1560751E+03  0.2626770E+02  0.4641105E+01  0.6241848E+04
CRUDE_OIL           0.0000000E+00  0.3749574E+02  0.3698085E-03  0.1638713E-01  0.0000000E+00  0.1028437E+00  0.4557888E-02  0.0000000E+00  0.0000000E+00  0.0000000E+00  0.0000000E+00  0.0000000E+00  0.0000000E+00  0.0000000E+00  0.0000000E+00  0.0000000E+00  0.0000000E+00  0.0000000E+00  0.0000000E+00  0.3761990E+02
HEAVY_FUEL_OIL      0.2772700E+02  0.3335245E+02  0.5553973E+01  0.5118311E+01  0.1842099E+02  0.4609587E+02  0.9243332E+01  0.0000000E+00  0.0000000E+00  0.0000000E+00  0.0000000E+00  0.0000000E+00  0.0000000E+00  0.2060000E+03  0.0000000E+00  0.0000000E+00  0.0000000E+00  0.0000000E+00  0.0000000E+00  0.3515119E+03
OTHER_HF            0.0000000E+00  0.4251031E+03  0.1213059E+01  0.7693878E+02  0.1531937E+01  0.3520918E+01  0.5799503E+01  0.0000000E+00  0.0000000E+00  0.0000000E+00  0.0000000E+00  0.0000000E+00  0.0000000E+00  0.0000000E+00  0.0000000E+00  0.0000000E+00  0.0000000E+00  0.0000000E+00  0.0000000E+00  0.5141073E+03
FUELWOOD            0.0000000E+00  0.0000000E+00  0.0000000E+00  0.0000000E+00  0.0000000E+00  0.0000000E+00  0.0000000E+00  0.0000000E+00  0.0000000E+00  0.0000000E+00  0.0000000E+00  0.0000000E+00  0.0000000E+00  0.0000000E+00  0.0000000E+00  0.5785171E+05  0.0000000E+00  0.0000000E+00  0.0000000E+00  0.5785171E+05
CROP_RESIDUE        0.0000000E+00  0.0000000E+00  0.0000000E+00  0.0000000E+00  0.0000000E+00  0.0000000E+00  0.0000000E+00  0.0000000E+00  0.0000000E+00  0.0000000E+00  0.0000000E+00  0.0000000E+00  0.0000000E+00  0.0000000E+00  0.0000000E+00  0.4264282E+05  0.0000000E+00  0.0000000E+00  0.0000000E+00  0.4264282E+05
ANIMAL_WASTE        0.0000000E+00  0.0000000E+00  0.0000000E+00  0.0000000E+00  0.0000000E+00  0.0000000E+00  0.0000000E+00  0.0000000E+00  0.0000000E+00  0.0000000E+00  0.0000000E+00  0.0000000E+00  0.0000000E+00  0.0000000E+00  0.0000000E+00  0.0000000E+00  0.0000000E+00  0.0000000E+00  0.0000000E+00  0.0000000E+00
OTHERS              0.0000000E+00  0.0000000E+00  0.0000000E+00  0.0000000E+00  0.0000000E+00  0.0000000E+00  0.0000000E+00  0.0000000E+00  0.0000000E+00  0.0000000E+00  0.0000000E+00  0.0000000E+00  0.0000000E+00  0.0000000E+00  0.0000000E+00  0.0000000E+00  0.0000000E+00  0.0000000E+00  0.0000000E+00  0.0000000E+00
SUB_TOTAL           0.5984874E+05  0.3363896E+05  0.1500397E+05  0.2550908E+05  0.8201202E+04  0.1018558E+03  0.2189451E+05  0.2519474E+03  0.1495668E+04  0.7679858E+03  0.3190016E+04  0.3143464E+04  0.8859070E+03  0.2682895E+03  0.8623265E+03  0.1238512E+06  0.1514092E+05  0.1561272E+05  0.5614411E+03  0.3302302E+06
  
Non-Combustion Sources [t/year]
  
Industry [t/year]
  
Sector
PIG_IRON            0.3690536E+05
CRUDE_STEEL         0.8947397E+04
IRON_STEEL_OTHERS   0.9201669E+04
ALUMINUM_ALUMINA    0.1905130E+04
COPPER              0.0000000E+00
ZINC                0.1618281E+06
LEAD                0.1010579E+06
CMENT               0.1372814E+06
BRICKS              0.3026847E+05
LIME                0.8682689E+05
COKE_OVENS          0.2000255E+05
OIL_REFINERY        0.3072363E+03
OTH_TRANSFORMATION  0.1870995E+04
SULPHRIC_ACID       0.0000000E+00
OTHERS              0.1771190E+03
SUB_TOTAL           0.5965802E+06
  
Total [t/year]
  
TOTAL               0.9268105E+06
