Year       : 2007
Country    : CHN
Sub-Region : GUAD
  
Combustion Sources [t/year]
  
Fuel Type           POWER_PLANTS   ENERGY         IRON_STEEL     CHEM_PETRCHEM  NON_FERR_MET   NON_MET_MINE   OTHERS         ROAD_CARS      ROAD_BUSES     ROAD_L_TRUCKS  ROAD_H_TRUCKS  ROAD_MC        ROAD_OTHERS    DOM_NAVI       RAILWAY_ETC    RESIDENT       COMM_PUB       AGR_FORE_FISH  OTHERS         SUB_TOTAL    
HARD_COAL           0.1394931E+06  0.2161026E+04  0.6860705E+04  0.6263508E+04  0.1366095E+04  0.0000000E+00  0.3347847E+05  0.0000000E+00  0.0000000E+00  0.0000000E+00  0.0000000E+00  0.0000000E+00  0.0000000E+00  0.0000000E+00  0.1204070E+03  0.4185090E+04  0.1295488E+04  0.2569168E+04  0.0000000E+00  0.1977931E+06
BROWN_COAL          0.0000000E+00  0.0000000E+00  0.0000000E+00  0.0000000E+00  0.0000000E+00  0.0000000E+00  0.0000000E+00  0.0000000E+00  0.0000000E+00  0.0000000E+00  0.0000000E+00  0.0000000E+00  0.0000000E+00  0.0000000E+00  0.0000000E+00  0.0000000E+00  0.0000000E+00  0.0000000E+00  0.0000000E+00  0.0000000E+00
DERIVED_COAL        0.0000000E+00  0.0000000E+00  0.0000000E+00  0.0000000E+00  0.0000000E+00  0.0000000E+00  0.0000000E+00  0.0000000E+00  0.0000000E+00  0.0000000E+00  0.0000000E+00  0.0000000E+00  0.0000000E+00  0.0000000E+00  0.0000000E+00  0.0000000E+00  0.0000000E+00  0.0000000E+00  0.0000000E+00  0.0000000E+00
NATURAL_GAS         0.0000000E+00  0.0000000E+00  0.0000000E+00  0.0000000E+00  0.0000000E+00  0.0000000E+00  0.0000000E+00  0.0000000E+00  0.0000000E+00  0.0000000E+00  0.0000000E+00  0.0000000E+00  0.0000000E+00  0.0000000E+00  0.0000000E+00  0.0000000E+00  0.0000000E+00  0.0000000E+00  0.0000000E+00  0.0000000E+00
COKE_OVEN_GAS       0.0000000E+00  0.0000000E+00  0.0000000E+00  0.0000000E+00  0.0000000E+00  0.0000000E+00  0.0000000E+00  0.0000000E+00  0.0000000E+00  0.0000000E+00  0.0000000E+00  0.0000000E+00  0.0000000E+00  0.0000000E+00  0.0000000E+00  0.0000000E+00  0.0000000E+00  0.0000000E+00  0.0000000E+00  0.0000000E+00
OTHER_GAS           0.0000000E+00  0.0000000E+00  0.0000000E+00  0.0000000E+00  0.0000000E+00  0.0000000E+00  0.0000000E+00  0.0000000E+00  0.0000000E+00  0.0000000E+00  0.0000000E+00  0.0000000E+00  0.0000000E+00  0.0000000E+00  0.0000000E+00  0.0000000E+00  0.0000000E+00  0.0000000E+00  0.0000000E+00  0.0000000E+00
MOTOR_GASOLINE      0.0000000E+00  0.0000000E+00  0.0000000E+00  0.0000000E+00  0.0000000E+00  0.0000000E+00  0.0000000E+00  0.1225415E+04  0.8668775E+03  0.1537004E+04  0.5180186E+03  0.2187117E+05  0.0000000E+00  0.0000000E+00  0.0000000E+00  0.0000000E+00  0.0000000E+00  0.1223100E+03  0.0000000E+00  0.2614080E+05
KEROSENE            0.0000000E+00  0.0000000E+00  0.0000000E+00  0.0000000E+00  0.0000000E+00  0.0000000E+00  0.6903000E+02  0.0000000E+00  0.0000000E+00  0.0000000E+00  0.0000000E+00  0.0000000E+00  0.0000000E+00  0.0000000E+00  0.0000000E+00  0.3123000E+02  0.0000000E+00  0.0000000E+00  0.0000000E+00  0.1002600E+03
OTHER_LF            0.6525000E+02  0.0000000E+00  0.0000000E+00  0.0000000E+00  0.0000000E+00  0.0000000E+00  0.1946250E+04  0.0000000E+00  0.0000000E+00  0.0000000E+00  0.0000000E+00  0.0000000E+00  0.0000000E+00  0.0000000E+00  0.0000000E+00  0.3666420E+04  0.1962900E+03  0.0000000E+00  0.1404000E+02  0.5888250E+04
DIESEL_OIL          0.7157350E+02  0.0000000E+00  0.0000000E+00  0.0000000E+00  0.0000000E+00  0.0000000E+00  0.1759596E+04  0.0000000E+00  0.4945664E+04  0.2660047E+04  0.4135760E+04  0.0000000E+00  0.7623920E+03  0.8032890E+03  0.5441870E+02  0.5153063E+02  0.5159760E+03  0.3832022E+03  0.5684155E+02  0.1620029E+05
CRUDE_OIL           0.0000000E+00  0.6732639E+01  0.0000000E+00  0.0000000E+00  0.0000000E+00  0.0000000E+00  0.1108970E+03  0.0000000E+00  0.0000000E+00  0.0000000E+00  0.0000000E+00  0.0000000E+00  0.0000000E+00  0.0000000E+00  0.0000000E+00  0.0000000E+00  0.0000000E+00  0.0000000E+00  0.0000000E+00  0.1176296E+03
HEAVY_FUEL_OIL      0.2831426E+04  0.3057660E+03  0.0000000E+00  0.0000000E+00  0.0000000E+00  0.0000000E+00  0.5036440E+04  0.0000000E+00  0.0000000E+00  0.0000000E+00  0.0000000E+00  0.0000000E+00  0.0000000E+00  0.9116530E+03  0.0000000E+00  0.0000000E+00  0.7312500E+02  0.0000000E+00  0.0000000E+00  0.9158410E+04
OTHER_HF            0.4759405E+03  0.2489201E+02  0.0000000E+00  0.0000000E+00  0.0000000E+00  0.0000000E+00  0.4100098E+03  0.0000000E+00  0.0000000E+00  0.0000000E+00  0.0000000E+00  0.0000000E+00  0.0000000E+00  0.0000000E+00  0.0000000E+00  0.0000000E+00  0.0000000E+00  0.4882500E+02  0.0000000E+00  0.9596673E+03
FUELWOOD            0.0000000E+00  0.0000000E+00  0.0000000E+00  0.0000000E+00  0.0000000E+00  0.0000000E+00  0.0000000E+00  0.0000000E+00  0.0000000E+00  0.0000000E+00  0.0000000E+00  0.0000000E+00  0.0000000E+00  0.0000000E+00  0.0000000E+00  0.8272282E+05  0.0000000E+00  0.0000000E+00  0.0000000E+00  0.8272282E+05
CROP_RESIDUE        0.0000000E+00  0.0000000E+00  0.0000000E+00  0.0000000E+00  0.0000000E+00  0.0000000E+00  0.0000000E+00  0.0000000E+00  0.0000000E+00  0.0000000E+00  0.0000000E+00  0.0000000E+00  0.0000000E+00  0.0000000E+00  0.0000000E+00  0.5224799E+05  0.0000000E+00  0.0000000E+00  0.0000000E+00  0.5224799E+05
ANIMAL_WASTE        0.0000000E+00  0.0000000E+00  0.0000000E+00  0.0000000E+00  0.0000000E+00  0.0000000E+00  0.0000000E+00  0.0000000E+00  0.0000000E+00  0.0000000E+00  0.0000000E+00  0.0000000E+00  0.0000000E+00  0.0000000E+00  0.0000000E+00  0.0000000E+00  0.0000000E+00  0.0000000E+00  0.0000000E+00  0.0000000E+00
OTHERS              0.0000000E+00  0.0000000E+00  0.0000000E+00  0.0000000E+00  0.0000000E+00  0.0000000E+00  0.0000000E+00  0.0000000E+00  0.0000000E+00  0.0000000E+00  0.0000000E+00  0.0000000E+00  0.0000000E+00  0.0000000E+00  0.0000000E+00  0.0000000E+00  0.0000000E+00  0.0000000E+00  0.0000000E+00  0.0000000E+00
SUB_TOTAL           0.1429373E+06  0.2498417E+04  0.6860705E+04  0.6263508E+04  0.1366095E+04  0.0000000E+00  0.4281069E+05  0.1225415E+04  0.5812541E+04  0.4197051E+04  0.4653779E+04  0.2187117E+05  0.7623920E+03  0.1714942E+04  0.1748257E+03  0.1429051E+06  0.2080879E+04  0.3123505E+04  0.7088155E+02  0.3913292E+06
  
Non-Combustion Sources [t/year]
  
Industry [t/year]
  
Sector
PIG_IRON            0.2233825E+05
CRUDE_STEEL         0.7753151E+04
IRON_STEEL_OTHERS   0.4619228E+04
ALUMINUM_ALUMINA    0.0000000E+00
COPPER              0.0000000E+00
ZINC                0.3869599E+05
LEAD                0.2104103E+05
CMENT               0.2367117E+06
BRICKS              0.7356871E+05
LIME                0.1349381E+06
COKE_OVENS          0.3829775E+04
OIL_REFINERY        0.1343646E+04
OTH_TRANSFORMATION  0.1054102E+04
SULPHRIC_ACID       0.0000000E+00
OTHERS              0.3012177E+02
SUB_TOTAL           0.5459238E+06
  
Total [t/year]
  
TOTAL               0.9372530E+06
