Year       : 2007
Country    : CHN
Sub-Region : TIAN
  
Combustion Sources [t/year]
  
Fuel Type           POWER_PLANTS   ENERGY         IRON_STEEL     CHEM_PETRCHEM  NON_FERR_MET   NON_MET_MINE   OTHERS         ROAD_CARS      ROAD_BUSES     ROAD_L_TRUCKS  ROAD_H_TRUCKS  ROAD_MC        ROAD_OTHERS    DOM_NAVI       RAILWAY_ETC    RESIDENT       COMM_PUB       AGR_FORE_FISH  OTHERS         SUB_TOTAL    
HARD_COAL           0.4666567E+05  0.7559716E+03  0.1035036E+05  0.4506186E+04  0.1977881E+03  0.0000000E+00  0.5558306E+04  0.0000000E+00  0.0000000E+00  0.0000000E+00  0.0000000E+00  0.0000000E+00  0.0000000E+00  0.0000000E+00  0.1116829E+04  0.6657336E+04  0.1988924E+04  0.8584200E+03  0.2739916E+04  0.8139571E+05
BROWN_COAL          0.0000000E+00  0.0000000E+00  0.0000000E+00  0.0000000E+00  0.0000000E+00  0.0000000E+00  0.0000000E+00  0.0000000E+00  0.0000000E+00  0.0000000E+00  0.0000000E+00  0.0000000E+00  0.0000000E+00  0.0000000E+00  0.0000000E+00  0.0000000E+00  0.0000000E+00  0.0000000E+00  0.0000000E+00  0.0000000E+00
DERIVED_COAL        0.0000000E+00  0.0000000E+00  0.0000000E+00  0.0000000E+00  0.0000000E+00  0.0000000E+00  0.0000000E+00  0.0000000E+00  0.0000000E+00  0.0000000E+00  0.0000000E+00  0.0000000E+00  0.0000000E+00  0.0000000E+00  0.0000000E+00  0.0000000E+00  0.0000000E+00  0.0000000E+00  0.0000000E+00  0.0000000E+00
NATURAL_GAS         0.0000000E+00  0.0000000E+00  0.0000000E+00  0.0000000E+00  0.0000000E+00  0.0000000E+00  0.0000000E+00  0.0000000E+00  0.0000000E+00  0.0000000E+00  0.0000000E+00  0.0000000E+00  0.0000000E+00  0.0000000E+00  0.0000000E+00  0.0000000E+00  0.0000000E+00  0.0000000E+00  0.0000000E+00  0.0000000E+00
COKE_OVEN_GAS       0.0000000E+00  0.0000000E+00  0.0000000E+00  0.0000000E+00  0.0000000E+00  0.0000000E+00  0.0000000E+00  0.0000000E+00  0.0000000E+00  0.0000000E+00  0.0000000E+00  0.0000000E+00  0.0000000E+00  0.0000000E+00  0.0000000E+00  0.0000000E+00  0.0000000E+00  0.0000000E+00  0.0000000E+00  0.0000000E+00
OTHER_GAS           0.0000000E+00  0.0000000E+00  0.0000000E+00  0.0000000E+00  0.0000000E+00  0.0000000E+00  0.0000000E+00  0.0000000E+00  0.0000000E+00  0.0000000E+00  0.0000000E+00  0.0000000E+00  0.0000000E+00  0.0000000E+00  0.0000000E+00  0.0000000E+00  0.0000000E+00  0.0000000E+00  0.0000000E+00  0.0000000E+00
MOTOR_GASOLINE      0.0000000E+00  0.0000000E+00  0.0000000E+00  0.0000000E+00  0.0000000E+00  0.0000000E+00  0.0000000E+00  0.2437113E+03  0.1056053E+03  0.1460115E+03  0.5716446E+02  0.9439646E+03  0.0000000E+00  0.0000000E+00  0.0000000E+00  0.0000000E+00  0.0000000E+00  0.4113000E+02  0.0000000E+00  0.1537587E+04
KEROSENE            0.0000000E+00  0.1211485E+01  0.1020198E+01  0.1348119E+01  0.9108909E-01  0.3097030E+00  0.4479406E+01  0.0000000E+00  0.0000000E+00  0.0000000E+00  0.0000000E+00  0.0000000E+00  0.0000000E+00  0.0000000E+00  0.0000000E+00  0.0000000E+00  0.2610000E+01  0.5400000E+00  0.1458000E+02  0.2619000E+02
OTHER_LF            0.0000000E+00  0.4012388E+02  0.3378851E+02  0.4464911E+02  0.3016832E+01  0.1025723E+02  0.1438344E+03  0.0000000E+00  0.0000000E+00  0.0000000E+00  0.0000000E+00  0.0000000E+00  0.0000000E+00  0.0000000E+00  0.0000000E+00  0.7272000E+02  0.2961000E+02  0.0000000E+00  0.1575000E+02  0.3937500E+03
DIESEL_OIL          0.0000000E+00  0.6585151E+02  0.8345823E+01  0.6834646E+01  0.8929690E+00  0.7418509E+01  0.8471605E+02  0.0000000E+00  0.7438202E+03  0.3119728E+03  0.5634448E+03  0.0000000E+00  0.2385616E+03  0.3480100E+03  0.4371901E+01  0.7038212E+02  0.3779869E+03  0.7741555E+02  0.4043024E+02  0.2950456E+04
CRUDE_OIL           0.0000000E+00  0.1026086E+03  0.0000000E+00  0.1442001E+00  0.0000000E+00  0.2595600E+01  0.0000000E+00  0.0000000E+00  0.0000000E+00  0.0000000E+00  0.0000000E+00  0.0000000E+00  0.0000000E+00  0.0000000E+00  0.0000000E+00  0.0000000E+00  0.0000000E+00  0.0000000E+00  0.0000000E+00  0.1053484E+03
HEAVY_FUEL_OIL      0.2261052E+03  0.9738195E+02  0.3194894E+02  0.1316903E+03  0.3101141E+01  0.1247668E+02  0.9879497E+01  0.0000000E+00  0.0000000E+00  0.0000000E+00  0.0000000E+00  0.0000000E+00  0.0000000E+00  0.5253000E+03  0.0000000E+00  0.0000000E+00  0.0000000E+00  0.0000000E+00  0.0000000E+00  0.1037884E+04
OTHER_HF            0.0000000E+00  0.3439775E+03  0.1128516E+03  0.4651630E+03  0.1095401E+02  0.4407075E+02  0.2704146E+02  0.0000000E+00  0.0000000E+00  0.0000000E+00  0.0000000E+00  0.0000000E+00  0.0000000E+00  0.0000000E+00  0.0000000E+00  0.0000000E+00  0.0000000E+00  0.1500000E+01  0.0000000E+00  0.1005558E+04
FUELWOOD            0.0000000E+00  0.0000000E+00  0.0000000E+00  0.0000000E+00  0.0000000E+00  0.0000000E+00  0.0000000E+00  0.0000000E+00  0.0000000E+00  0.0000000E+00  0.0000000E+00  0.0000000E+00  0.0000000E+00  0.0000000E+00  0.0000000E+00  0.8409600E+02  0.0000000E+00  0.0000000E+00  0.0000000E+00  0.8409600E+02
CROP_RESIDUE        0.0000000E+00  0.0000000E+00  0.0000000E+00  0.0000000E+00  0.0000000E+00  0.0000000E+00  0.0000000E+00  0.0000000E+00  0.0000000E+00  0.0000000E+00  0.0000000E+00  0.0000000E+00  0.0000000E+00  0.0000000E+00  0.0000000E+00  0.2224429E+05  0.0000000E+00  0.0000000E+00  0.0000000E+00  0.2224429E+05
ANIMAL_WASTE        0.0000000E+00  0.0000000E+00  0.0000000E+00  0.0000000E+00  0.0000000E+00  0.0000000E+00  0.0000000E+00  0.0000000E+00  0.0000000E+00  0.0000000E+00  0.0000000E+00  0.0000000E+00  0.0000000E+00  0.0000000E+00  0.0000000E+00  0.0000000E+00  0.0000000E+00  0.0000000E+00  0.0000000E+00  0.0000000E+00
OTHERS              0.0000000E+00  0.0000000E+00  0.0000000E+00  0.0000000E+00  0.0000000E+00  0.0000000E+00  0.0000000E+00  0.0000000E+00  0.0000000E+00  0.0000000E+00  0.0000000E+00  0.0000000E+00  0.0000000E+00  0.0000000E+00  0.0000000E+00  0.0000000E+00  0.0000000E+00  0.0000000E+00  0.0000000E+00  0.0000000E+00
SUB_TOTAL           0.4689178E+05  0.1407127E+04  0.1053832E+05  0.5156015E+04  0.2158441E+03  0.7712847E+02  0.5828257E+04  0.2437113E+03  0.8494255E+03  0.4579843E+03  0.6206093E+03  0.9439646E+03  0.2385616E+03  0.8733100E+03  0.1121201E+04  0.2912882E+05  0.2399131E+04  0.9790055E+03  0.2810676E+04  0.1107809E+06
  
Non-Combustion Sources [t/year]
  
Industry [t/year]
  
Sector
PIG_IRON            0.4245524E+05
CRUDE_STEEL         0.1076363E+05
IRON_STEEL_OTHERS   0.2665128E+04
ALUMINUM_ALUMINA    0.0000000E+00
COPPER              0.3721582E+05
ZINC                0.0000000E+00
LEAD                0.0000000E+00
CMENT               0.1485045E+05
BRICKS              0.1086787E+05
LIME                0.5777660E+04
COKE_OVENS          0.1264934E+05
OIL_REFINERY        0.4976612E+03
OTH_TRANSFORMATION  0.0000000E+00
SULPHRIC_ACID       0.0000000E+00
OTHERS              0.6155043E+01
SUB_TOTAL           0.1377490E+06
  
Total [t/year]
  
TOTAL               0.2485298E+06
