Year       : 2007
Country    : CHN
Sub-Region : ANHU
  
Combustion Sources [t/year]
  
Fuel Type           POWER_PLANTS   ENERGY         IRON_STEEL     CHEM_PETRCHEM  NON_FERR_MET   NON_MET_MINE   OTHERS         ROAD_CARS      ROAD_BUSES     ROAD_L_TRUCKS  ROAD_H_TRUCKS  ROAD_MC        ROAD_OTHERS    DOM_NAVI       RAILWAY_ETC    RESIDENT       COMM_PUB       AGR_FORE_FISH  OTHERS         SUB_TOTAL    
HARD_COAL           0.7525430E+05  0.3541332E+05  0.1384175E+05  0.2036985E+05  0.3497334E+03  0.0000000E+00  0.6829718E+04  0.0000000E+00  0.0000000E+00  0.0000000E+00  0.0000000E+00  0.0000000E+00  0.0000000E+00  0.0000000E+00  0.1100967E+04  0.0000000E+00  0.2969600E+04  0.1717264E+04  0.1276000E+04  0.1591225E+06
BROWN_COAL          0.0000000E+00  0.0000000E+00  0.0000000E+00  0.0000000E+00  0.0000000E+00  0.0000000E+00  0.0000000E+00  0.0000000E+00  0.0000000E+00  0.0000000E+00  0.0000000E+00  0.0000000E+00  0.0000000E+00  0.0000000E+00  0.0000000E+00  0.0000000E+00  0.0000000E+00  0.0000000E+00  0.0000000E+00  0.0000000E+00
DERIVED_COAL        0.0000000E+00  0.0000000E+00  0.0000000E+00  0.0000000E+00  0.0000000E+00  0.0000000E+00  0.0000000E+00  0.0000000E+00  0.0000000E+00  0.0000000E+00  0.0000000E+00  0.0000000E+00  0.0000000E+00  0.0000000E+00  0.0000000E+00  0.0000000E+00  0.0000000E+00  0.0000000E+00  0.0000000E+00  0.0000000E+00
NATURAL_GAS         0.0000000E+00  0.0000000E+00  0.0000000E+00  0.0000000E+00  0.0000000E+00  0.0000000E+00  0.0000000E+00  0.0000000E+00  0.0000000E+00  0.0000000E+00  0.0000000E+00  0.0000000E+00  0.0000000E+00  0.0000000E+00  0.0000000E+00  0.0000000E+00  0.0000000E+00  0.0000000E+00  0.0000000E+00  0.0000000E+00
COKE_OVEN_GAS       0.0000000E+00  0.0000000E+00  0.0000000E+00  0.0000000E+00  0.0000000E+00  0.0000000E+00  0.0000000E+00  0.0000000E+00  0.0000000E+00  0.0000000E+00  0.0000000E+00  0.0000000E+00  0.0000000E+00  0.0000000E+00  0.0000000E+00  0.0000000E+00  0.0000000E+00  0.0000000E+00  0.0000000E+00  0.0000000E+00
OTHER_GAS           0.0000000E+00  0.0000000E+00  0.0000000E+00  0.0000000E+00  0.0000000E+00  0.0000000E+00  0.0000000E+00  0.0000000E+00  0.0000000E+00  0.0000000E+00  0.0000000E+00  0.0000000E+00  0.0000000E+00  0.0000000E+00  0.0000000E+00  0.0000000E+00  0.0000000E+00  0.0000000E+00  0.0000000E+00  0.0000000E+00
MOTOR_GASOLINE      0.0000000E+00  0.0000000E+00  0.0000000E+00  0.0000000E+00  0.0000000E+00  0.0000000E+00  0.0000000E+00  0.2101196E+03  0.2294272E+03  0.3105540E+03  0.3718586E+03  0.2520870E+04  0.0000000E+00  0.0000000E+00  0.0000000E+00  0.0000000E+00  0.0000000E+00  0.1010700E+03  0.0000000E+00  0.3743899E+04
KEROSENE            0.0000000E+00  0.2392792E+00  0.7282411E-01  0.3932502E+00  0.6762240E-01  0.3443540E+00  0.3472670E+01  0.0000000E+00  0.0000000E+00  0.0000000E+00  0.0000000E+00  0.0000000E+00  0.0000000E+00  0.0000000E+00  0.0000000E+00  0.0000000E+00  0.0000000E+00  0.0000000E+00  0.0000000E+00  0.4590000E+01
OTHER_LF            0.4545000E+02  0.1146927E+02  0.8992954E+01  0.2270731E+02  0.2413257E+01  0.5907013E+01  0.6434020E+02  0.0000000E+00  0.0000000E+00  0.0000000E+00  0.0000000E+00  0.0000000E+00  0.0000000E+00  0.0000000E+00  0.0000000E+00  0.3267000E+03  0.0000000E+00  0.0000000E+00  0.0000000E+00  0.4879800E+03
DIESEL_OIL          0.1339700E+00  0.1555139E+02  0.1921870E+02  0.7219426E+01  0.4906962E+01  0.2958040E+02  0.5384047E+02  0.0000000E+00  0.1471063E+04  0.6040478E+03  0.3336625E+04  0.0000000E+00  0.2279532E+02  0.6120930E+02  0.8514610E+02  0.0000000E+00  0.7176965E+01  0.2522943E+03  0.0000000E+00  0.5970809E+04
CRUDE_OIL           0.0000000E+00  0.3137803E+02  0.0000000E+00  0.3965866E-01  0.0000000E+00  0.9885927E-03  0.2517463E-02  0.0000000E+00  0.0000000E+00  0.0000000E+00  0.0000000E+00  0.0000000E+00  0.0000000E+00  0.0000000E+00  0.0000000E+00  0.0000000E+00  0.0000000E+00  0.0000000E+00  0.0000000E+00  0.3142119E+02
HEAVY_FUEL_OIL      0.0000000E+00  0.1320314E+02  0.2254937E+01  0.8270923E+01  0.4106408E+02  0.2400974E+02  0.8987559E+01  0.0000000E+00  0.0000000E+00  0.0000000E+00  0.0000000E+00  0.0000000E+00  0.0000000E+00  0.0000000E+00  0.0000000E+00  0.0000000E+00  0.0000000E+00  0.0000000E+00  0.0000000E+00  0.9779038E+02
OTHER_HF            0.0000000E+00  0.8378605E+02  0.1430965E+02  0.5248664E+02  0.2605894E+03  0.1523640E+03  0.5703434E+02  0.0000000E+00  0.0000000E+00  0.0000000E+00  0.0000000E+00  0.0000000E+00  0.0000000E+00  0.0000000E+00  0.0000000E+00  0.0000000E+00  0.0000000E+00  0.0000000E+00  0.0000000E+00  0.6205701E+03
FUELWOOD            0.0000000E+00  0.0000000E+00  0.0000000E+00  0.0000000E+00  0.0000000E+00  0.0000000E+00  0.0000000E+00  0.0000000E+00  0.0000000E+00  0.0000000E+00  0.0000000E+00  0.0000000E+00  0.0000000E+00  0.0000000E+00  0.0000000E+00  0.4733798E+05  0.0000000E+00  0.0000000E+00  0.0000000E+00  0.4733798E+05
CROP_RESIDUE        0.0000000E+00  0.0000000E+00  0.0000000E+00  0.0000000E+00  0.0000000E+00  0.0000000E+00  0.0000000E+00  0.0000000E+00  0.0000000E+00  0.0000000E+00  0.0000000E+00  0.0000000E+00  0.0000000E+00  0.0000000E+00  0.0000000E+00  0.2148220E+06  0.0000000E+00  0.0000000E+00  0.0000000E+00  0.2148220E+06
ANIMAL_WASTE        0.0000000E+00  0.0000000E+00  0.0000000E+00  0.0000000E+00  0.0000000E+00  0.0000000E+00  0.0000000E+00  0.0000000E+00  0.0000000E+00  0.0000000E+00  0.0000000E+00  0.0000000E+00  0.0000000E+00  0.0000000E+00  0.0000000E+00  0.0000000E+00  0.0000000E+00  0.0000000E+00  0.0000000E+00  0.0000000E+00
OTHERS              0.0000000E+00  0.0000000E+00  0.0000000E+00  0.0000000E+00  0.0000000E+00  0.0000000E+00  0.0000000E+00  0.0000000E+00  0.0000000E+00  0.0000000E+00  0.0000000E+00  0.0000000E+00  0.0000000E+00  0.0000000E+00  0.0000000E+00  0.0000000E+00  0.0000000E+00  0.0000000E+00  0.0000000E+00  0.0000000E+00
SUB_TOTAL           0.7529988E+05  0.3556895E+05  0.1388660E+05  0.2046097E+05  0.6587747E+03  0.2122065E+03  0.7017396E+04  0.2101196E+03  0.1700490E+04  0.9146018E+03  0.3708484E+04  0.2520870E+04  0.2279532E+02  0.6120930E+02  0.1186113E+04  0.2624867E+06  0.2976777E+04  0.2070628E+04  0.1276000E+04  0.4322395E+06
  
Non-Combustion Sources [t/year]
  
Industry [t/year]
  
Sector
PIG_IRON            0.4488945E+05
CRUDE_STEEL         0.1003849E+05
IRON_STEEL_OTHERS   0.1047014E+05
ALUMINUM_ALUMINA    0.0000000E+00
COPPER              0.1172298E+06
ZINC                0.0000000E+00
LEAD                0.6373171E+05
CMENT               0.1304926E+06
BRICKS              0.2441898E+05
LIME                0.5545474E+05
COKE_OVENS          0.2446040E+05
OIL_REFINERY        0.2065847E+03
OTH_TRANSFORMATION  0.3558135E+04
SULPHRIC_ACID       0.0000000E+00
OTHERS              0.3023200E+02
SUB_TOTAL           0.4849813E+06
  
Total [t/year]
  
TOTAL               0.9172208E+06
