Year       : 2007
Country    : CHN
Sub-Region : LIAO
  
Combustion Sources [t/year]
  
Fuel Type           POWER_PLANTS   ENERGY         IRON_STEEL     CHEM_PETRCHEM  NON_FERR_MET   NON_MET_MINE   OTHERS         ROAD_CARS      ROAD_BUSES     ROAD_L_TRUCKS  ROAD_H_TRUCKS  ROAD_MC        ROAD_OTHERS    DOM_NAVI       RAILWAY_ETC    RESIDENT       COMM_PUB       AGR_FORE_FISH  OTHERS         SUB_TOTAL    
HARD_COAL           0.0000000E+00  0.4124224E+03  0.7719420E+03  0.2002222E+03  0.5841585E+02  0.0000000E+00  0.2140696E+03  0.0000000E+00  0.0000000E+00  0.0000000E+00  0.0000000E+00  0.0000000E+00  0.0000000E+00  0.0000000E+00  0.7355432E+02  0.1499270E+05  0.2324088E+02  0.9321564E+02  0.3970508E+02  0.1687949E+05
BROWN_COAL          0.0000000E+00  0.0000000E+00  0.0000000E+00  0.0000000E+00  0.0000000E+00  0.0000000E+00  0.0000000E+00  0.0000000E+00  0.0000000E+00  0.0000000E+00  0.0000000E+00  0.0000000E+00  0.0000000E+00  0.0000000E+00  0.0000000E+00  0.0000000E+00  0.0000000E+00  0.0000000E+00  0.0000000E+00  0.0000000E+00
DERIVED_COAL        0.0000000E+00  0.0000000E+00  0.0000000E+00  0.0000000E+00  0.0000000E+00  0.0000000E+00  0.0000000E+00  0.0000000E+00  0.0000000E+00  0.0000000E+00  0.0000000E+00  0.0000000E+00  0.0000000E+00  0.0000000E+00  0.0000000E+00  0.0000000E+00  0.0000000E+00  0.0000000E+00  0.0000000E+00  0.0000000E+00
NATURAL_GAS         0.0000000E+00  0.0000000E+00  0.0000000E+00  0.0000000E+00  0.0000000E+00  0.0000000E+00  0.0000000E+00  0.0000000E+00  0.0000000E+00  0.0000000E+00  0.0000000E+00  0.0000000E+00  0.0000000E+00  0.0000000E+00  0.0000000E+00  0.0000000E+00  0.0000000E+00  0.0000000E+00  0.0000000E+00  0.0000000E+00
COKE_OVEN_GAS       0.0000000E+00  0.0000000E+00  0.0000000E+00  0.0000000E+00  0.0000000E+00  0.0000000E+00  0.0000000E+00  0.0000000E+00  0.0000000E+00  0.0000000E+00  0.0000000E+00  0.0000000E+00  0.0000000E+00  0.0000000E+00  0.0000000E+00  0.0000000E+00  0.0000000E+00  0.0000000E+00  0.0000000E+00  0.0000000E+00
OTHER_GAS           0.0000000E+00  0.0000000E+00  0.0000000E+00  0.0000000E+00  0.0000000E+00  0.0000000E+00  0.0000000E+00  0.0000000E+00  0.0000000E+00  0.0000000E+00  0.0000000E+00  0.0000000E+00  0.0000000E+00  0.0000000E+00  0.0000000E+00  0.0000000E+00  0.0000000E+00  0.0000000E+00  0.0000000E+00  0.0000000E+00
MOTOR_GASOLINE      0.0000000E+00  0.0000000E+00  0.0000000E+00  0.0000000E+00  0.0000000E+00  0.0000000E+00  0.0000000E+00  0.1141918E+03  0.1059851E+03  0.1238069E+03  0.8369181E+02  0.4974138E+03  0.0000000E+00  0.0000000E+00  0.0000000E+00  0.0000000E+00  0.0000000E+00  0.3614400E+02  0.0000000E+00  0.9612334E+03
KEROSENE            0.0000000E+00  0.2813023E+00  0.1054884E+00  0.6768839E+00  0.9669771E-01  0.3867907E+00  0.3366837E+01  0.0000000E+00  0.0000000E+00  0.0000000E+00  0.0000000E+00  0.0000000E+00  0.0000000E+00  0.0000000E+00  0.0000000E+00  0.0000000E+00  0.0000000E+00  0.0000000E+00  0.0000000E+00  0.4914000E+01
OTHER_LF            0.3828600E+02  0.9171072E+01  0.3035654E+02  0.1220951E+02  0.7944547E+01  0.1112237E+02  0.6549196E+02  0.0000000E+00  0.0000000E+00  0.0000000E+00  0.0000000E+00  0.0000000E+00  0.0000000E+00  0.0000000E+00  0.0000000E+00  0.5832900E+02  0.2327400E+02  0.0000000E+00  0.2889000E+01  0.2590740E+03
DIESEL_OIL          0.4036325E+00  0.9096061E+01  0.1388375E+02  0.2163368E+01  0.2038488E+01  0.4980519E+01  0.1725604E+02  0.0000000E+00  0.4624825E+03  0.1605419E+03  0.5110634E+03  0.0000000E+00  0.1289146E+03  0.6737400E+02  0.1868699E+02  0.0000000E+00  0.2296629E+01  0.2096440E+02  0.5397080E+00  0.1422686E+04
CRUDE_OIL           0.9895200E-01  0.1366623E+02  0.0000000E+00  0.1542952E+01  0.0000000E+00  0.2081470E-02  0.1523025E-03  0.0000000E+00  0.0000000E+00  0.0000000E+00  0.0000000E+00  0.0000000E+00  0.0000000E+00  0.0000000E+00  0.0000000E+00  0.0000000E+00  0.0000000E+00  0.0000000E+00  0.6160000E+00  0.1592637E+02
HEAVY_FUEL_OIL      0.5927696E+01  0.9492045E+01  0.3722176E+00  0.2514496E+01  0.3731187E+00  0.2490161E+01  0.7534475E+00  0.0000000E+00  0.0000000E+00  0.0000000E+00  0.0000000E+00  0.0000000E+00  0.0000000E+00  0.5723140E+01  0.0000000E+00  0.0000000E+00  0.0000000E+00  0.0000000E+00  0.2699200E+00  0.2791624E+02
OTHER_HF            0.1178000E-02  0.2954087E+01  0.1158405E+00  0.7825538E+00  0.1161209E+00  0.7749808E+00  0.2344857E+00  0.0000000E+00  0.0000000E+00  0.0000000E+00  0.0000000E+00  0.0000000E+00  0.0000000E+00  0.9380000E-01  0.0000000E+00  0.0000000E+00  0.0000000E+00  0.0000000E+00  0.0000000E+00  0.5073047E+01
FUELWOOD            0.0000000E+00  0.0000000E+00  0.0000000E+00  0.0000000E+00  0.0000000E+00  0.0000000E+00  0.0000000E+00  0.0000000E+00  0.0000000E+00  0.0000000E+00  0.0000000E+00  0.0000000E+00  0.0000000E+00  0.0000000E+00  0.0000000E+00  0.3616108E+05  0.0000000E+00  0.0000000E+00  0.0000000E+00  0.3616108E+05
CROP_RESIDUE        0.0000000E+00  0.0000000E+00  0.0000000E+00  0.0000000E+00  0.0000000E+00  0.0000000E+00  0.0000000E+00  0.0000000E+00  0.0000000E+00  0.0000000E+00  0.0000000E+00  0.0000000E+00  0.0000000E+00  0.0000000E+00  0.0000000E+00  0.5412965E+05  0.0000000E+00  0.0000000E+00  0.0000000E+00  0.5412965E+05
ANIMAL_WASTE        0.0000000E+00  0.0000000E+00  0.0000000E+00  0.0000000E+00  0.0000000E+00  0.0000000E+00  0.0000000E+00  0.0000000E+00  0.0000000E+00  0.0000000E+00  0.0000000E+00  0.0000000E+00  0.0000000E+00  0.0000000E+00  0.0000000E+00  0.0000000E+00  0.0000000E+00  0.0000000E+00  0.0000000E+00  0.0000000E+00
OTHERS              0.0000000E+00  0.0000000E+00  0.0000000E+00  0.0000000E+00  0.0000000E+00  0.0000000E+00  0.0000000E+00  0.0000000E+00  0.0000000E+00  0.0000000E+00  0.0000000E+00  0.0000000E+00  0.0000000E+00  0.0000000E+00  0.0000000E+00  0.0000000E+00  0.0000000E+00  0.0000000E+00  0.0000000E+00  0.0000000E+00
SUB_TOTAL           0.4471746E+02  0.4570832E+03  0.8167758E+03  0.2201120E+03  0.6898482E+02  0.1975690E+02  0.3011725E+03  0.1141918E+03  0.5684676E+03  0.2843488E+03  0.5947552E+03  0.4974138E+03  0.1289146E+03  0.7319094E+02  0.9224131E+02  0.1053418E+06  0.4881151E+02  0.1503240E+03  0.4401971E+02  0.1098670E+06
  
Non-Combustion Sources [t/year]
  
Industry [t/year]
  
Sector
PIG_IRON            0.1181733E+04
CRUDE_STEEL         0.1865595E+04
IRON_STEEL_OTHERS   0.9739517E+03
ALUMINUM_ALUMINA    0.0000000E+00
COPPER              0.0000000E+00
ZINC                0.0000000E+00
LEAD                0.0000000E+00
CMENT               0.6505850E+03
BRICKS              0.3932387E+04
LIME                0.5707464E+02
COKE_OVENS          0.1527459E+05
OIL_REFINERY        0.0000000E+00
OTH_TRANSFORMATION  0.1400416E+02
SULPHRIC_ACID       0.0000000E+00
OTHERS              0.0000000E+00
SUB_TOTAL           0.2394992E+05
  
Total [t/year]
  
TOTAL               0.1338170E+06
