Year       : 2007
Country    : CHN
Sub-Region : GANS
  
Combustion Sources [t/year]
  
Fuel Type           POWER_PLANTS   ENERGY         IRON_STEEL     CHEM_PETRCHEM  NON_FERR_MET   NON_MET_MINE   OTHERS         ROAD_CARS      ROAD_BUSES     ROAD_L_TRUCKS  ROAD_H_TRUCKS  ROAD_MC        ROAD_OTHERS    DOM_NAVI       RAILWAY_ETC    RESIDENT       COMM_PUB       AGR_FORE_FISH  OTHERS         SUB_TOTAL    
HARD_COAL           0.0000000E+00  0.6828873E+02  0.1734601E+03  0.6957885E+02  0.3790745E+02  0.0000000E+00  0.5269069E+02  0.0000000E+00  0.0000000E+00  0.0000000E+00  0.0000000E+00  0.0000000E+00  0.0000000E+00  0.0000000E+00  0.4738412E+02  0.1056720E+05  0.1757200E+02  0.2887920E+02  0.1184200E+02  0.1107480E+05
BROWN_COAL          0.0000000E+00  0.0000000E+00  0.0000000E+00  0.0000000E+00  0.0000000E+00  0.0000000E+00  0.0000000E+00  0.0000000E+00  0.0000000E+00  0.0000000E+00  0.0000000E+00  0.0000000E+00  0.0000000E+00  0.0000000E+00  0.0000000E+00  0.0000000E+00  0.0000000E+00  0.0000000E+00  0.0000000E+00  0.0000000E+00
DERIVED_COAL        0.0000000E+00  0.0000000E+00  0.0000000E+00  0.0000000E+00  0.0000000E+00  0.0000000E+00  0.0000000E+00  0.0000000E+00  0.0000000E+00  0.0000000E+00  0.0000000E+00  0.0000000E+00  0.0000000E+00  0.0000000E+00  0.0000000E+00  0.0000000E+00  0.0000000E+00  0.0000000E+00  0.0000000E+00  0.0000000E+00
NATURAL_GAS         0.0000000E+00  0.0000000E+00  0.0000000E+00  0.0000000E+00  0.0000000E+00  0.0000000E+00  0.0000000E+00  0.0000000E+00  0.0000000E+00  0.0000000E+00  0.0000000E+00  0.0000000E+00  0.0000000E+00  0.0000000E+00  0.0000000E+00  0.0000000E+00  0.0000000E+00  0.0000000E+00  0.0000000E+00  0.0000000E+00
COKE_OVEN_GAS       0.0000000E+00  0.0000000E+00  0.0000000E+00  0.0000000E+00  0.0000000E+00  0.0000000E+00  0.0000000E+00  0.0000000E+00  0.0000000E+00  0.0000000E+00  0.0000000E+00  0.0000000E+00  0.0000000E+00  0.0000000E+00  0.0000000E+00  0.0000000E+00  0.0000000E+00  0.0000000E+00  0.0000000E+00  0.0000000E+00
OTHER_GAS           0.0000000E+00  0.0000000E+00  0.0000000E+00  0.0000000E+00  0.0000000E+00  0.0000000E+00  0.0000000E+00  0.0000000E+00  0.0000000E+00  0.0000000E+00  0.0000000E+00  0.0000000E+00  0.0000000E+00  0.0000000E+00  0.0000000E+00  0.0000000E+00  0.0000000E+00  0.0000000E+00  0.0000000E+00  0.0000000E+00
MOTOR_GASOLINE      0.0000000E+00  0.0000000E+00  0.0000000E+00  0.0000000E+00  0.0000000E+00  0.0000000E+00  0.0000000E+00  0.2484570E+02  0.2566272E+02  0.3990997E+02  0.4263537E+02  0.1197635E+03  0.0000000E+00  0.0000000E+00  0.0000000E+00  0.0000000E+00  0.0000000E+00  0.2925000E+01  0.0000000E+00  0.2557423E+03
KEROSENE            0.0000000E+00  0.6103125E-01  0.2615625E-01  0.1743750E-01  0.7846875E-01  0.1743750E-01  0.9646875E-01  0.0000000E+00  0.0000000E+00  0.0000000E+00  0.0000000E+00  0.0000000E+00  0.0000000E+00  0.0000000E+00  0.0000000E+00  0.9000000E-02  0.9000000E-02  0.9000000E-02  0.1800000E-01  0.3420000E+00
OTHER_LF            0.1590300E+02  0.1668933E+02  0.3637418E+01  0.5020213E+01  0.5599108E+01  0.2139657E+01  0.8719275E+01  0.0000000E+00  0.0000000E+00  0.0000000E+00  0.0000000E+00  0.0000000E+00  0.0000000E+00  0.0000000E+00  0.0000000E+00  0.4491000E+01  0.1800000E-01  0.0000000E+00  0.0000000E+00  0.6221700E+02
DIESEL_OIL          0.1090899E+00  0.1334430E+01  0.5546613E+00  0.3169494E+00  0.1112925E+01  0.5870768E+00  0.3939011E+01  0.0000000E+00  0.1200364E+03  0.5547337E+02  0.2790752E+03  0.0000000E+00  0.2044192E+03  0.4422244E-02  0.3362673E+01  0.1148315E-01  0.2870786E+00  0.9301348E+01  0.4210488E+00  0.6803464E+03
CRUDE_OIL           0.0000000E+00  0.7499310E+00  0.0000000E+00  0.0000000E+00  0.0000000E+00  0.0000000E+00  0.0000000E+00  0.0000000E+00  0.0000000E+00  0.0000000E+00  0.0000000E+00  0.0000000E+00  0.0000000E+00  0.0000000E+00  0.0000000E+00  0.0000000E+00  0.0000000E+00  0.0000000E+00  0.0000000E+00  0.7499310E+00
HEAVY_FUEL_OIL      0.5713300E+00  0.3681951E+00  0.9391471E-03  0.1324198E+00  0.6996645E+00  0.9391471E-02  0.5634881E-02  0.0000000E+00  0.0000000E+00  0.0000000E+00  0.0000000E+00  0.0000000E+00  0.0000000E+00  0.0000000E+00  0.0000000E+00  0.0000000E+00  0.0000000E+00  0.0000000E+00  0.0000000E+00  0.1787575E+01
OTHER_HF            0.0000000E+00  0.1051376E+01  0.2681721E-02  0.3781225E+00  0.1997882E+01  0.2681721E-01  0.8483232E-01  0.0000000E+00  0.0000000E+00  0.0000000E+00  0.0000000E+00  0.0000000E+00  0.0000000E+00  0.1340000E-02  0.0000000E+00  0.0000000E+00  0.5600000E-03  0.0000000E+00  0.5600000E-03  0.3544172E+01
FUELWOOD            0.0000000E+00  0.0000000E+00  0.0000000E+00  0.0000000E+00  0.0000000E+00  0.0000000E+00  0.0000000E+00  0.0000000E+00  0.0000000E+00  0.0000000E+00  0.0000000E+00  0.0000000E+00  0.0000000E+00  0.0000000E+00  0.0000000E+00  0.1675027E+05  0.0000000E+00  0.0000000E+00  0.0000000E+00  0.1675027E+05
CROP_RESIDUE        0.0000000E+00  0.0000000E+00  0.0000000E+00  0.0000000E+00  0.0000000E+00  0.0000000E+00  0.0000000E+00  0.0000000E+00  0.0000000E+00  0.0000000E+00  0.0000000E+00  0.0000000E+00  0.0000000E+00  0.0000000E+00  0.0000000E+00  0.2720766E+05  0.0000000E+00  0.0000000E+00  0.0000000E+00  0.2720766E+05
ANIMAL_WASTE        0.0000000E+00  0.0000000E+00  0.0000000E+00  0.0000000E+00  0.0000000E+00  0.0000000E+00  0.0000000E+00  0.0000000E+00  0.0000000E+00  0.0000000E+00  0.0000000E+00  0.0000000E+00  0.0000000E+00  0.0000000E+00  0.0000000E+00  0.0000000E+00  0.0000000E+00  0.0000000E+00  0.0000000E+00  0.0000000E+00
OTHERS              0.0000000E+00  0.0000000E+00  0.0000000E+00  0.0000000E+00  0.0000000E+00  0.0000000E+00  0.0000000E+00  0.0000000E+00  0.0000000E+00  0.0000000E+00  0.0000000E+00  0.0000000E+00  0.0000000E+00  0.0000000E+00  0.0000000E+00  0.0000000E+00  0.0000000E+00  0.0000000E+00  0.0000000E+00  0.0000000E+00
SUB_TOTAL           0.1658342E+02  0.8854302E+02  0.1776820E+03  0.7544399E+02  0.4739550E+02  0.2780380E+01  0.6553591E+02  0.2484570E+02  0.1456991E+03  0.9538334E+02  0.3217106E+03  0.1197635E+03  0.2044192E+03  0.5762244E-02  0.5074679E+02  0.5452964E+05  0.1788664E+02  0.4111455E+02  0.1228161E+02  0.5603746E+05
  
Non-Combustion Sources [t/year]
  
Industry [t/year]
  
Sector
PIG_IRON            0.1726413E+03
CRUDE_STEEL         0.2716200E+03
IRON_STEEL_OTHERS   0.1767173E+03
ALUMINUM_ALUMINA    0.0000000E+00
COPPER              0.0000000E+00
ZINC                0.0000000E+00
LEAD                0.0000000E+00
CMENT               0.2573816E+03
BRICKS              0.1172306E+04
LIME                0.2482055E+02
COKE_OVENS          0.3292073E+04
OIL_REFINERY        0.0000000E+00
OTH_TRANSFORMATION  0.5928440E+01
SULPHRIC_ACID       0.0000000E+00
OTHERS              0.0000000E+00
SUB_TOTAL           0.5373488E+04
  
Total [t/year]
  
TOTAL               0.6141095E+05
