Year       : 2007
Country    : CHN
Sub-Region : WHOL
  
Combustion Sources [t/year]
  
Fuel Type           POWER_PLANTS   ENERGY         IRON_STEEL     CHEM_PETRCHEM  NON_FERR_MET   NON_MET_MINE   OTHERS         ROAD_CARS      ROAD_BUSES     ROAD_L_TRUCKS  ROAD_H_TRUCKS  ROAD_MC        ROAD_OTHERS    DOM_NAVI       RAILWAY_ETC    RESIDENT       COMM_PUB       AGR_FORE_FISH  OTHERS         SUB_TOTAL    
HARD_COAL           0.0000000E+00  0.1064112E+05  0.3538948E+04  0.4414231E+04  0.1009412E+04  0.0000000E+00  0.1623764E+05  0.0000000E+00  0.0000000E+00  0.0000000E+00  0.0000000E+00  0.0000000E+00  0.0000000E+00  0.0000000E+00  0.9957349E+03  0.2815543E+06  0.1559155E+04  0.1969907E+04  0.1359443E+04  0.3232799E+06
BROWN_COAL          0.0000000E+00  0.0000000E+00  0.0000000E+00  0.0000000E+00  0.0000000E+00  0.0000000E+00  0.0000000E+00  0.0000000E+00  0.0000000E+00  0.0000000E+00  0.0000000E+00  0.0000000E+00  0.0000000E+00  0.0000000E+00  0.0000000E+00  0.0000000E+00  0.0000000E+00  0.0000000E+00  0.0000000E+00  0.0000000E+00
DERIVED_COAL        0.0000000E+00  0.0000000E+00  0.0000000E+00  0.0000000E+00  0.0000000E+00  0.0000000E+00  0.0000000E+00  0.0000000E+00  0.0000000E+00  0.0000000E+00  0.0000000E+00  0.0000000E+00  0.0000000E+00  0.0000000E+00  0.0000000E+00  0.0000000E+00  0.0000000E+00  0.0000000E+00  0.0000000E+00  0.0000000E+00
NATURAL_GAS         0.0000000E+00  0.0000000E+00  0.0000000E+00  0.0000000E+00  0.0000000E+00  0.0000000E+00  0.0000000E+00  0.0000000E+00  0.0000000E+00  0.0000000E+00  0.0000000E+00  0.0000000E+00  0.0000000E+00  0.0000000E+00  0.0000000E+00  0.0000000E+00  0.0000000E+00  0.0000000E+00  0.0000000E+00  0.0000000E+00
COKE_OVEN_GAS       0.0000000E+00  0.0000000E+00  0.0000000E+00  0.0000000E+00  0.0000000E+00  0.0000000E+00  0.0000000E+00  0.0000000E+00  0.0000000E+00  0.0000000E+00  0.0000000E+00  0.0000000E+00  0.0000000E+00  0.0000000E+00  0.0000000E+00  0.0000000E+00  0.0000000E+00  0.0000000E+00  0.0000000E+00  0.0000000E+00
OTHER_GAS           0.0000000E+00  0.0000000E+00  0.0000000E+00  0.0000000E+00  0.0000000E+00  0.0000000E+00  0.0000000E+00  0.0000000E+00  0.0000000E+00  0.0000000E+00  0.0000000E+00  0.0000000E+00  0.0000000E+00  0.0000000E+00  0.0000000E+00  0.0000000E+00  0.0000000E+00  0.0000000E+00  0.0000000E+00  0.0000000E+00
MOTOR_GASOLINE      0.0000000E+00  0.0000000E+00  0.0000000E+00  0.0000000E+00  0.0000000E+00  0.0000000E+00  0.0000000E+00  0.3604193E+04  0.2070605E+04  0.3330410E+04  0.2641533E+04  0.5136292E+05  0.0000000E+00  0.0000000E+00  0.0000000E+00  0.0000000E+00  0.0000000E+00  0.2609550E+03  0.0000000E+00  0.6327062E+05
KEROSENE            0.0000000E+00  0.5328659E+01  0.2083632E+01  0.5368646E+01  0.2456495E+01  0.2633672E+01  0.4332889E+02  0.0000000E+00  0.0000000E+00  0.0000000E+00  0.0000000E+00  0.0000000E+00  0.0000000E+00  0.0000000E+00  0.0000000E+00  0.1239578E+02  0.5697000E+01  0.8460000E+00  0.4167011E+01  0.8430579E+02
OTHER_LF            0.1584630E+03  0.1154356E+03  0.5737186E+02  0.8431646E+02  0.2367682E+02  0.3784610E+02  0.8528472E+03  0.0000000E+00  0.0000000E+00  0.0000000E+00  0.0000000E+00  0.0000000E+00  0.0000000E+00  0.0000000E+00  0.0000000E+00  0.1385078E+04  0.1891491E+03  0.5815817E+01  0.3402000E+02  0.2944020E+04
DIESEL_OIL          0.4062984E+02  0.1194617E+03  0.5722766E+02  0.2833496E+02  0.2666299E+02  0.5657397E+02  0.7437699E+03  0.3945762E+03  0.7947343E+04  0.3952646E+04  0.1466453E+05  0.0000000E+00  0.7895936E+04  0.5045545E+03  0.2390872E+03  0.1034172E+03  0.2751477E+03  0.7136468E+03  0.1672291E+03  0.3793077E+05
CRUDE_OIL           0.1944878E+01  0.6580839E+02  0.1913770E+00  0.1964306E+02  0.7634200E-01  0.3541668E+00  0.2656364E+02  0.0000000E+00  0.0000000E+00  0.0000000E+00  0.0000000E+00  0.0000000E+00  0.0000000E+00  0.0000000E+00  0.0000000E+00  0.0000000E+00  0.0000000E+00  0.0000000E+00  0.6160000E+00  0.1151979E+03
HEAVY_FUEL_OIL      0.8813687E+02  0.3133423E+02  0.4963125E+01  0.1174444E+02  0.5786519E+01  0.1593642E+02  0.1832534E+03  0.0000000E+00  0.0000000E+00  0.0000000E+00  0.0000000E+00  0.0000000E+00  0.0000000E+00  0.1694698E+03  0.0000000E+00  0.0000000E+00  0.1387680E+01  0.5073600E+00  0.4362400E+00  0.5129560E+03
OTHER_HF            0.2270713E+02  0.8150328E+02  0.8713725E+01  0.2847497E+02  0.1151293E+02  0.1462925E+02  0.3028119E+03  0.0000000E+00  0.0000000E+00  0.0000000E+00  0.0000000E+00  0.0000000E+00  0.0000000E+00  0.6551260E+01  0.0000000E+00  0.1160880E+01  0.6720000E+00  0.1133440E+01  0.1674400E+01  0.4815452E+03
FUELWOOD            0.0000000E+00  0.0000000E+00  0.0000000E+00  0.0000000E+00  0.0000000E+00  0.0000000E+00  0.0000000E+00  0.0000000E+00  0.0000000E+00  0.0000000E+00  0.0000000E+00  0.0000000E+00  0.0000000E+00  0.0000000E+00  0.0000000E+00  0.8099456E+06  0.0000000E+00  0.0000000E+00  0.6577200E+00  0.8099462E+06
CROP_RESIDUE        0.0000000E+00  0.0000000E+00  0.0000000E+00  0.0000000E+00  0.0000000E+00  0.0000000E+00  0.0000000E+00  0.0000000E+00  0.0000000E+00  0.0000000E+00  0.0000000E+00  0.0000000E+00  0.0000000E+00  0.0000000E+00  0.0000000E+00  0.1352062E+07  0.0000000E+00  0.0000000E+00  0.0000000E+00  0.1352062E+07
ANIMAL_WASTE        0.0000000E+00  0.0000000E+00  0.0000000E+00  0.0000000E+00  0.0000000E+00  0.0000000E+00  0.0000000E+00  0.0000000E+00  0.0000000E+00  0.0000000E+00  0.0000000E+00  0.0000000E+00  0.0000000E+00  0.0000000E+00  0.0000000E+00  0.0000000E+00  0.0000000E+00  0.0000000E+00  0.0000000E+00  0.0000000E+00
OTHERS              0.0000000E+00  0.0000000E+00  0.0000000E+00  0.0000000E+00  0.0000000E+00  0.0000000E+00  0.0000000E+00  0.0000000E+00  0.0000000E+00  0.0000000E+00  0.0000000E+00  0.0000000E+00  0.0000000E+00  0.0000000E+00  0.0000000E+00  0.0000000E+00  0.0000000E+00  0.0000000E+00  0.0000000E+00  0.0000000E+00
SUB_TOTAL           0.3118817E+03  0.1105999E+05  0.3669499E+04  0.4592114E+04  0.1079584E+04  0.1279736E+03  0.1839022E+05  0.3998769E+04  0.1001795E+05  0.7283056E+04  0.1730606E+05  0.5136292E+05  0.7895936E+04  0.6805755E+03  0.1234822E+04  0.2445064E+07  0.2031209E+04  0.2952811E+04  0.1568243E+04  0.2590628E+07
  
Non-Combustion Sources [t/year]
  
Industry [t/year]
  
Sector
PIG_IRON            0.1387807E+05
CRUDE_STEEL         0.2197495E+05
IRON_STEEL_OTHERS   0.8459745E+04
ALUMINUM_ALUMINA    0.0000000E+00
COPPER              0.0000000E+00
ZINC                0.0000000E+00
LEAD                0.0000000E+00
CMENT               0.2274629E+05
BRICKS              0.1141560E+06
LIME                0.2380000E+04
COKE_OVENS          0.3047005E+06
OIL_REFINERY        0.9192400E+00
OTH_TRANSFORMATION  0.9345309E+03
SULPHRIC_ACID       0.0000000E+00
OTHERS              0.0000000E+00
SUB_TOTAL           0.4892310E+06
  
Total [t/year]
  
TOTAL               0.3079859E+07
