Year       : 2007
Country    : CHN
Sub-Region : TIAN
  
Combustion Sources [t/year]
  
Fuel Type           POWER_PLANTS   ENERGY         IRON_STEEL     CHEM_PETRCHEM  NON_FERR_MET   NON_MET_MINE   OTHERS         ROAD_CARS      ROAD_BUSES     ROAD_L_TRUCKS  ROAD_H_TRUCKS  ROAD_MC        ROAD_OTHERS    DOM_NAVI       RAILWAY_ETC    RESIDENT       COMM_PUB       AGR_FORE_FISH  OTHERS         SUB_TOTAL    
HARD_COAL           0.0000000E+00  0.1542707E+02  0.2112191E+03  0.9195749E+02  0.4036250E+01  0.0000000E+00  0.1134280E+03  0.0000000E+00  0.0000000E+00  0.0000000E+00  0.0000000E+00  0.0000000E+00  0.0000000E+00  0.0000000E+00  0.1344532E+02  0.2234208E+04  0.3026968E+02  0.1306440E+02  0.4169912E+02  0.2768754E+04
BROWN_COAL          0.0000000E+00  0.0000000E+00  0.0000000E+00  0.0000000E+00  0.0000000E+00  0.0000000E+00  0.0000000E+00  0.0000000E+00  0.0000000E+00  0.0000000E+00  0.0000000E+00  0.0000000E+00  0.0000000E+00  0.0000000E+00  0.0000000E+00  0.0000000E+00  0.0000000E+00  0.0000000E+00  0.0000000E+00  0.0000000E+00
DERIVED_COAL        0.0000000E+00  0.0000000E+00  0.0000000E+00  0.0000000E+00  0.0000000E+00  0.0000000E+00  0.0000000E+00  0.0000000E+00  0.0000000E+00  0.0000000E+00  0.0000000E+00  0.0000000E+00  0.0000000E+00  0.0000000E+00  0.0000000E+00  0.0000000E+00  0.0000000E+00  0.0000000E+00  0.0000000E+00  0.0000000E+00
NATURAL_GAS         0.0000000E+00  0.0000000E+00  0.0000000E+00  0.0000000E+00  0.0000000E+00  0.0000000E+00  0.0000000E+00  0.0000000E+00  0.0000000E+00  0.0000000E+00  0.0000000E+00  0.0000000E+00  0.0000000E+00  0.0000000E+00  0.0000000E+00  0.0000000E+00  0.0000000E+00  0.0000000E+00  0.0000000E+00  0.0000000E+00
COKE_OVEN_GAS       0.0000000E+00  0.0000000E+00  0.0000000E+00  0.0000000E+00  0.0000000E+00  0.0000000E+00  0.0000000E+00  0.0000000E+00  0.0000000E+00  0.0000000E+00  0.0000000E+00  0.0000000E+00  0.0000000E+00  0.0000000E+00  0.0000000E+00  0.0000000E+00  0.0000000E+00  0.0000000E+00  0.0000000E+00  0.0000000E+00
OTHER_GAS           0.0000000E+00  0.0000000E+00  0.0000000E+00  0.0000000E+00  0.0000000E+00  0.0000000E+00  0.0000000E+00  0.0000000E+00  0.0000000E+00  0.0000000E+00  0.0000000E+00  0.0000000E+00  0.0000000E+00  0.0000000E+00  0.0000000E+00  0.0000000E+00  0.0000000E+00  0.0000000E+00  0.0000000E+00  0.0000000E+00
MOTOR_GASOLINE      0.0000000E+00  0.0000000E+00  0.0000000E+00  0.0000000E+00  0.0000000E+00  0.0000000E+00  0.0000000E+00  0.7812688E+02  0.3385405E+02  0.4680711E+02  0.1832529E+02  0.3026081E+03  0.0000000E+00  0.0000000E+00  0.0000000E+00  0.0000000E+00  0.0000000E+00  0.4113000E+01  0.0000000E+00  0.4838344E+03
KEROSENE            0.0000000E+00  0.1211485E+00  0.1020198E+00  0.1348119E+00  0.9108909E-02  0.3097030E-01  0.4479406E+00  0.0000000E+00  0.0000000E+00  0.0000000E+00  0.0000000E+00  0.0000000E+00  0.0000000E+00  0.0000000E+00  0.0000000E+00  0.0000000E+00  0.2610000E+00  0.5400000E-01  0.1458000E+01  0.2619000E+01
OTHER_LF            0.0000000E+00  0.4012388E+01  0.3378851E+01  0.4464911E+01  0.3016832E+00  0.1025723E+01  0.1438344E+02  0.0000000E+00  0.0000000E+00  0.0000000E+00  0.0000000E+00  0.0000000E+00  0.0000000E+00  0.0000000E+00  0.0000000E+00  0.7272000E+01  0.2961000E+01  0.0000000E+00  0.1575000E+01  0.3937500E+02
DIESEL_OIL          0.0000000E+00  0.6042844E+01  0.9061180E+00  0.7420473E+00  0.9695092E-01  0.8054381E+00  0.9197741E+01  0.0000000E+00  0.1371324E+03  0.5634228E+02  0.1038775E+03  0.0000000E+00  0.4308422E+02  0.2784080E+02  0.3497521E+00  0.5630570E+01  0.3023895E+02  0.6193244E+01  0.3234420E+01  0.4317153E+03
CRUDE_OIL           0.0000000E+00  0.1531218E+01  0.0000000E+00  0.2546001E-02  0.0000000E+00  0.4582800E-01  0.0000000E+00  0.0000000E+00  0.0000000E+00  0.0000000E+00  0.0000000E+00  0.0000000E+00  0.0000000E+00  0.0000000E+00  0.0000000E+00  0.0000000E+00  0.0000000E+00  0.0000000E+00  0.0000000E+00  0.1579592E+01
HEAVY_FUEL_OIL      0.4476504E+01  0.1453221E+01  0.5640916E+00  0.2325128E+01  0.5475386E-01  0.2202887E+00  0.1744327E+00  0.0000000E+00  0.0000000E+00  0.0000000E+00  0.0000000E+00  0.0000000E+00  0.0000000E+00  0.6834000E+01  0.0000000E+00  0.0000000E+00  0.0000000E+00  0.0000000E+00  0.0000000E+00  0.1610242E+02
OTHER_HF            0.0000000E+00  0.5133142E+01  0.1992512E+01  0.8212933E+01  0.1934043E+00  0.7781146E+00  0.4774450E+00  0.0000000E+00  0.0000000E+00  0.0000000E+00  0.0000000E+00  0.0000000E+00  0.0000000E+00  0.0000000E+00  0.0000000E+00  0.0000000E+00  0.0000000E+00  0.1120000E-01  0.0000000E+00  0.1679875E+02
FUELWOOD            0.0000000E+00  0.0000000E+00  0.0000000E+00  0.0000000E+00  0.0000000E+00  0.0000000E+00  0.0000000E+00  0.0000000E+00  0.0000000E+00  0.0000000E+00  0.0000000E+00  0.0000000E+00  0.0000000E+00  0.0000000E+00  0.0000000E+00  0.6517440E+02  0.0000000E+00  0.0000000E+00  0.0000000E+00  0.6517440E+02
CROP_RESIDUE        0.0000000E+00  0.0000000E+00  0.0000000E+00  0.0000000E+00  0.0000000E+00  0.0000000E+00  0.0000000E+00  0.0000000E+00  0.0000000E+00  0.0000000E+00  0.0000000E+00  0.0000000E+00  0.0000000E+00  0.0000000E+00  0.0000000E+00  0.1227478E+05  0.0000000E+00  0.0000000E+00  0.0000000E+00  0.1227478E+05
ANIMAL_WASTE        0.0000000E+00  0.0000000E+00  0.0000000E+00  0.0000000E+00  0.0000000E+00  0.0000000E+00  0.0000000E+00  0.0000000E+00  0.0000000E+00  0.0000000E+00  0.0000000E+00  0.0000000E+00  0.0000000E+00  0.0000000E+00  0.0000000E+00  0.0000000E+00  0.0000000E+00  0.0000000E+00  0.0000000E+00  0.0000000E+00
OTHERS              0.0000000E+00  0.0000000E+00  0.0000000E+00  0.0000000E+00  0.0000000E+00  0.0000000E+00  0.0000000E+00  0.0000000E+00  0.0000000E+00  0.0000000E+00  0.0000000E+00  0.0000000E+00  0.0000000E+00  0.0000000E+00  0.0000000E+00  0.0000000E+00  0.0000000E+00  0.0000000E+00  0.0000000E+00  0.0000000E+00
SUB_TOTAL           0.4476504E+01  0.3372103E+02  0.2181627E+03  0.1078399E+03  0.4692151E+01  0.2906363E+01  0.1381090E+03  0.7812688E+02  0.1709864E+03  0.1031494E+03  0.1222028E+03  0.3026081E+03  0.4308422E+02  0.3467480E+02  0.1379507E+02  0.1458706E+05  0.6373063E+02  0.2343584E+02  0.4796654E+02  0.1610073E+05
  
Non-Combustion Sources [t/year]
  
Industry [t/year]
  
Sector
PIG_IRON            0.4180459E+03
CRUDE_STEEL         0.7219155E+03
IRON_STEEL_OTHERS   0.6489154E+02
ALUMINUM_ALUMINA    0.0000000E+00
COPPER              0.0000000E+00
ZINC                0.0000000E+00
LEAD                0.0000000E+00
CMENT               0.1027364E+03
BRICKS              0.1446498E+04
LIME                0.6740604E+01
COKE_OVENS          0.2842801E+04
OIL_REFINERY        0.9192400E+00
OTH_TRANSFORMATION  0.0000000E+00
SULPHRIC_ACID       0.0000000E+00
OTHERS              0.0000000E+00
SUB_TOTAL           0.5604548E+04
  
Total [t/year]
  
TOTAL               0.2170528E+05
