Year       : 2007
Country    : CHN
Sub-Region : YUNN
  
Combustion Sources [t/year]
  
Fuel Type           POWER_PLANTS   ENERGY         IRON_STEEL     CHEM_PETRCHEM  NON_FERR_MET   NON_MET_MINE   OTHERS         ROAD_CARS      ROAD_BUSES     ROAD_L_TRUCKS  ROAD_H_TRUCKS  ROAD_MC        ROAD_OTHERS    DOM_NAVI       RAILWAY_ETC    RESIDENT       COMM_PUB       AGR_FORE_FISH  OTHERS         SUB_TOTAL    
HARD_COAL           0.0000000E+00  0.4533401E+03  0.5474884E+02  0.1569896E+03  0.2842651E+02  0.0000000E+00  0.7331458E+02  0.0000000E+00  0.0000000E+00  0.0000000E+00  0.0000000E+00  0.0000000E+00  0.0000000E+00  0.0000000E+00  0.2166528E+02  0.9184880E+04  0.1301868E+02  0.1591654E+03  0.1270908E+02  0.1015826E+05
BROWN_COAL          0.0000000E+00  0.0000000E+00  0.0000000E+00  0.0000000E+00  0.0000000E+00  0.0000000E+00  0.0000000E+00  0.0000000E+00  0.0000000E+00  0.0000000E+00  0.0000000E+00  0.0000000E+00  0.0000000E+00  0.0000000E+00  0.0000000E+00  0.0000000E+00  0.0000000E+00  0.0000000E+00  0.0000000E+00  0.0000000E+00
DERIVED_COAL        0.0000000E+00  0.0000000E+00  0.0000000E+00  0.0000000E+00  0.0000000E+00  0.0000000E+00  0.0000000E+00  0.0000000E+00  0.0000000E+00  0.0000000E+00  0.0000000E+00  0.0000000E+00  0.0000000E+00  0.0000000E+00  0.0000000E+00  0.0000000E+00  0.0000000E+00  0.0000000E+00  0.0000000E+00  0.0000000E+00
NATURAL_GAS         0.0000000E+00  0.0000000E+00  0.0000000E+00  0.0000000E+00  0.0000000E+00  0.0000000E+00  0.0000000E+00  0.0000000E+00  0.0000000E+00  0.0000000E+00  0.0000000E+00  0.0000000E+00  0.0000000E+00  0.0000000E+00  0.0000000E+00  0.0000000E+00  0.0000000E+00  0.0000000E+00  0.0000000E+00  0.0000000E+00
COKE_OVEN_GAS       0.0000000E+00  0.0000000E+00  0.0000000E+00  0.0000000E+00  0.0000000E+00  0.0000000E+00  0.0000000E+00  0.0000000E+00  0.0000000E+00  0.0000000E+00  0.0000000E+00  0.0000000E+00  0.0000000E+00  0.0000000E+00  0.0000000E+00  0.0000000E+00  0.0000000E+00  0.0000000E+00  0.0000000E+00  0.0000000E+00
OTHER_GAS           0.0000000E+00  0.0000000E+00  0.0000000E+00  0.0000000E+00  0.0000000E+00  0.0000000E+00  0.0000000E+00  0.0000000E+00  0.0000000E+00  0.0000000E+00  0.0000000E+00  0.0000000E+00  0.0000000E+00  0.0000000E+00  0.0000000E+00  0.0000000E+00  0.0000000E+00  0.0000000E+00  0.0000000E+00  0.0000000E+00
MOTOR_GASOLINE      0.0000000E+00  0.0000000E+00  0.0000000E+00  0.0000000E+00  0.0000000E+00  0.0000000E+00  0.0000000E+00  0.1221026E+03  0.4749128E+02  0.1487180E+03  0.1494063E+03  0.5797326E+03  0.0000000E+00  0.0000000E+00  0.0000000E+00  0.0000000E+00  0.0000000E+00  0.7101000E+01  0.0000000E+00  0.1054552E+04
KEROSENE            0.0000000E+00  0.1201794E-01  0.2309498E-01  0.1210348E-01  0.4413709E-01  0.2754291E-01  0.4310359E-01  0.0000000E+00  0.0000000E+00  0.0000000E+00  0.0000000E+00  0.0000000E+00  0.0000000E+00  0.0000000E+00  0.0000000E+00  0.1800000E-01  0.9000000E-02  0.6300000E-01  0.5400000E+00  0.7920000E+00
OTHER_LF            0.0000000E+00  0.9190193E-02  0.1766087E-01  0.9255600E-02  0.3375189E-01  0.2106222E-01  0.2607921E-01  0.0000000E+00  0.0000000E+00  0.0000000E+00  0.0000000E+00  0.0000000E+00  0.0000000E+00  0.0000000E+00  0.0000000E+00  0.8991000E+01  0.3528000E+01  0.0000000E+00  0.2070000E+00  0.1284300E+02
DIESEL_OIL          0.8327195E+00  0.6971000E+00  0.1305273E+01  0.6840597E+00  0.2494522E+01  0.1556659E+01  0.8312848E+01  0.0000000E+00  0.1697078E+03  0.1579227E+03  0.7471329E+03  0.0000000E+00  0.3421137E+03  0.2741134E+00  0.8366984E+01  0.6139656E+01  0.1144487E+01  0.5768368E+01  0.1527258E+01  0.1455981E+04
CRUDE_OIL           0.0000000E+00  0.1128862E-02  0.2113720E-02  0.1107746E-02  0.4039554E-02  0.2520806E-02  0.3121260E-02  0.0000000E+00  0.0000000E+00  0.0000000E+00  0.0000000E+00  0.0000000E+00  0.0000000E+00  0.0000000E+00  0.0000000E+00  0.0000000E+00  0.0000000E+00  0.0000000E+00  0.0000000E+00  0.1403195E-01
HEAVY_FUEL_OIL      0.0000000E+00  0.5018305E-01  0.9396443E-01  0.4924432E-01  0.1795765E+00  0.1120613E+00  0.1387541E+00  0.0000000E+00  0.0000000E+00  0.0000000E+00  0.0000000E+00  0.0000000E+00  0.0000000E+00  0.0000000E+00  0.0000000E+00  0.0000000E+00  0.0000000E+00  0.0000000E+00  0.0000000E+00  0.6237837E+00
OTHER_HF            0.0000000E+00  0.4340988E-01  0.8128211E-01  0.4259785E-01  0.1553392E+00  0.9693645E-01  0.1200266E+00  0.0000000E+00  0.0000000E+00  0.0000000E+00  0.0000000E+00  0.0000000E+00  0.0000000E+00  0.2117200E+00  0.0000000E+00  0.0000000E+00  0.1680000E-02  0.0000000E+00  0.3920000E-02  0.7569121E+00
FUELWOOD            0.0000000E+00  0.0000000E+00  0.0000000E+00  0.0000000E+00  0.0000000E+00  0.0000000E+00  0.0000000E+00  0.0000000E+00  0.0000000E+00  0.0000000E+00  0.0000000E+00  0.0000000E+00  0.0000000E+00  0.0000000E+00  0.0000000E+00  0.4825765E+05  0.0000000E+00  0.0000000E+00  0.0000000E+00  0.4825765E+05
CROP_RESIDUE        0.0000000E+00  0.0000000E+00  0.0000000E+00  0.0000000E+00  0.0000000E+00  0.0000000E+00  0.0000000E+00  0.0000000E+00  0.0000000E+00  0.0000000E+00  0.0000000E+00  0.0000000E+00  0.0000000E+00  0.0000000E+00  0.0000000E+00  0.2234253E+05  0.0000000E+00  0.0000000E+00  0.0000000E+00  0.2234253E+05
ANIMAL_WASTE        0.0000000E+00  0.0000000E+00  0.0000000E+00  0.0000000E+00  0.0000000E+00  0.0000000E+00  0.0000000E+00  0.0000000E+00  0.0000000E+00  0.0000000E+00  0.0000000E+00  0.0000000E+00  0.0000000E+00  0.0000000E+00  0.0000000E+00  0.0000000E+00  0.0000000E+00  0.0000000E+00  0.0000000E+00  0.0000000E+00
OTHERS              0.0000000E+00  0.0000000E+00  0.0000000E+00  0.0000000E+00  0.0000000E+00  0.0000000E+00  0.0000000E+00  0.0000000E+00  0.0000000E+00  0.0000000E+00  0.0000000E+00  0.0000000E+00  0.0000000E+00  0.0000000E+00  0.0000000E+00  0.0000000E+00  0.0000000E+00  0.0000000E+00  0.0000000E+00  0.0000000E+00
SUB_TOTAL           0.8327195E+00  0.4541531E+03  0.5627223E+02  0.1577880E+03  0.3133788E+02  0.1816783E+01  0.8195851E+02  0.1221026E+03  0.2171991E+03  0.3066407E+03  0.8965392E+03  0.5797326E+03  0.3421137E+03  0.4858334E+00  0.3003226E+02  0.7980021E+05  0.1770185E+02  0.1720978E+03  0.1498726E+02  0.8328400E+05
  
Non-Combustion Sources [t/year]
  
Industry [t/year]
  
Sector
PIG_IRON            0.3502977E+03
CRUDE_STEEL         0.3982604E+03
IRON_STEEL_OTHERS   0.1900221E+03
ALUMINUM_ALUMINA    0.0000000E+00
COPPER              0.0000000E+00
ZINC                0.0000000E+00
LEAD                0.0000000E+00
CMENT               0.5963303E+03
BRICKS              0.1999436E+04
LIME                0.3751429E+02
COKE_OVENS          0.1080002E+05
OIL_REFINERY        0.0000000E+00
OTH_TRANSFORMATION  0.1018887E+03
SULPHRIC_ACID       0.0000000E+00
OTHERS              0.0000000E+00
SUB_TOTAL           0.1447377E+05
  
Total [t/year]
  
TOTAL               0.9775777E+05
