Year       : 2007
Country    : CHN
Sub-Region : HENA
  
Combustion Sources [t/year]
  
Fuel Type           POWER_PLANTS   ENERGY         IRON_STEEL     CHEM_PETRCHEM  NON_FERR_MET   NON_MET_MINE   OTHERS         ROAD_CARS      ROAD_BUSES     ROAD_L_TRUCKS  ROAD_H_TRUCKS  ROAD_MC        ROAD_OTHERS    DOM_NAVI       RAILWAY_ETC    RESIDENT       COMM_PUB       AGR_FORE_FISH  OTHERS         SUB_TOTAL    
HARD_COAL           0.0000000E+00  0.2201125E+04  0.1093639E+03  0.4728904E+03  0.2688806E+03  0.0000000E+00  0.4447847E+03  0.0000000E+00  0.0000000E+00  0.0000000E+00  0.0000000E+00  0.0000000E+00  0.0000000E+00  0.0000000E+00  0.1736000E+02  0.3247446E+05  0.1935000E+02  0.7740000E+02  0.0000000E+00  0.3608561E+05
BROWN_COAL          0.0000000E+00  0.0000000E+00  0.0000000E+00  0.0000000E+00  0.0000000E+00  0.0000000E+00  0.0000000E+00  0.0000000E+00  0.0000000E+00  0.0000000E+00  0.0000000E+00  0.0000000E+00  0.0000000E+00  0.0000000E+00  0.0000000E+00  0.0000000E+00  0.0000000E+00  0.0000000E+00  0.0000000E+00  0.0000000E+00
DERIVED_COAL        0.0000000E+00  0.0000000E+00  0.0000000E+00  0.0000000E+00  0.0000000E+00  0.0000000E+00  0.0000000E+00  0.0000000E+00  0.0000000E+00  0.0000000E+00  0.0000000E+00  0.0000000E+00  0.0000000E+00  0.0000000E+00  0.0000000E+00  0.0000000E+00  0.0000000E+00  0.0000000E+00  0.0000000E+00  0.0000000E+00
NATURAL_GAS         0.0000000E+00  0.0000000E+00  0.0000000E+00  0.0000000E+00  0.0000000E+00  0.0000000E+00  0.0000000E+00  0.0000000E+00  0.0000000E+00  0.0000000E+00  0.0000000E+00  0.0000000E+00  0.0000000E+00  0.0000000E+00  0.0000000E+00  0.0000000E+00  0.0000000E+00  0.0000000E+00  0.0000000E+00  0.0000000E+00
COKE_OVEN_GAS       0.0000000E+00  0.0000000E+00  0.0000000E+00  0.0000000E+00  0.0000000E+00  0.0000000E+00  0.0000000E+00  0.0000000E+00  0.0000000E+00  0.0000000E+00  0.0000000E+00  0.0000000E+00  0.0000000E+00  0.0000000E+00  0.0000000E+00  0.0000000E+00  0.0000000E+00  0.0000000E+00  0.0000000E+00  0.0000000E+00
OTHER_GAS           0.0000000E+00  0.0000000E+00  0.0000000E+00  0.0000000E+00  0.0000000E+00  0.0000000E+00  0.0000000E+00  0.0000000E+00  0.0000000E+00  0.0000000E+00  0.0000000E+00  0.0000000E+00  0.0000000E+00  0.0000000E+00  0.0000000E+00  0.0000000E+00  0.0000000E+00  0.0000000E+00  0.0000000E+00  0.0000000E+00
MOTOR_GASOLINE      0.0000000E+00  0.0000000E+00  0.0000000E+00  0.0000000E+00  0.0000000E+00  0.0000000E+00  0.0000000E+00  0.1489196E+03  0.1057612E+03  0.1291267E+03  0.1527943E+03  0.1829406E+04  0.0000000E+00  0.0000000E+00  0.0000000E+00  0.0000000E+00  0.0000000E+00  0.5400000E+01  0.0000000E+00  0.2371408E+04
KEROSENE            0.0000000E+00  0.1328418E+01  0.2551429E-01  0.9507096E-02  0.3905470E-01  0.4697727E-01  0.4452849E-01  0.0000000E+00  0.0000000E+00  0.0000000E+00  0.0000000E+00  0.0000000E+00  0.0000000E+00  0.0000000E+00  0.0000000E+00  0.0000000E+00  0.2520000E+00  0.0000000E+00  0.0000000E+00  0.1746000E+01
OTHER_LF            0.9009000E+01  0.1342022E+02  0.2577559E+00  0.9604455E-01  0.3945466E+00  0.4745837E+00  0.4498449E+00  0.0000000E+00  0.0000000E+00  0.0000000E+00  0.0000000E+00  0.0000000E+00  0.0000000E+00  0.0000000E+00  0.0000000E+00  0.2160000E+02  0.5535000E+01  0.0000000E+00  0.0000000E+00  0.5123700E+02
DIESEL_OIL          0.1221807E+01  0.1175620E+02  0.1619491E+01  0.1564029E+01  0.3227891E+01  0.1981843E+01  0.1084625E+02  0.0000000E+00  0.4033056E+03  0.1463246E+03  0.8153732E+03  0.0000000E+00  0.1731328E+04  0.1444139E+01  0.1957361E+02  0.0000000E+00  0.2296629E+01  0.3690683E+02  0.1531086E+01  0.3190301E+04
CRUDE_OIL           0.5065400E-01  0.2245614E+01  0.0000000E+00  0.0000000E+00  0.0000000E+00  0.0000000E+00  0.2524194E-03  0.0000000E+00  0.0000000E+00  0.0000000E+00  0.0000000E+00  0.0000000E+00  0.0000000E+00  0.0000000E+00  0.0000000E+00  0.0000000E+00  0.0000000E+00  0.0000000E+00  0.0000000E+00  0.2296520E+01
HEAVY_FUEL_OIL      0.1884800E+00  0.1774042E+01  0.1269508E+01  0.1361577E+00  0.1680574E+01  0.2688139E+01  0.2852826E+00  0.0000000E+00  0.0000000E+00  0.0000000E+00  0.0000000E+00  0.0000000E+00  0.0000000E+00  0.0000000E+00  0.0000000E+00  0.0000000E+00  0.0000000E+00  0.0000000E+00  0.0000000E+00  0.8022183E+01
OTHER_HF            0.0000000E+00  0.5265870E+00  0.3768267E+00  0.4041553E-01  0.4988430E+00  0.7979178E+00  0.2630680E+01  0.0000000E+00  0.0000000E+00  0.0000000E+00  0.0000000E+00  0.0000000E+00  0.0000000E+00  0.0000000E+00  0.0000000E+00  0.0000000E+00  0.0000000E+00  0.0000000E+00  0.0000000E+00  0.4871270E+01
FUELWOOD            0.0000000E+00  0.0000000E+00  0.0000000E+00  0.0000000E+00  0.0000000E+00  0.0000000E+00  0.0000000E+00  0.0000000E+00  0.0000000E+00  0.0000000E+00  0.0000000E+00  0.0000000E+00  0.0000000E+00  0.0000000E+00  0.0000000E+00  0.3781679E+05  0.0000000E+00  0.0000000E+00  0.0000000E+00  0.3781679E+05
CROP_RESIDUE        0.0000000E+00  0.0000000E+00  0.0000000E+00  0.0000000E+00  0.0000000E+00  0.0000000E+00  0.0000000E+00  0.0000000E+00  0.0000000E+00  0.0000000E+00  0.0000000E+00  0.0000000E+00  0.0000000E+00  0.0000000E+00  0.0000000E+00  0.8713772E+05  0.0000000E+00  0.0000000E+00  0.0000000E+00  0.8713772E+05
ANIMAL_WASTE        0.0000000E+00  0.0000000E+00  0.0000000E+00  0.0000000E+00  0.0000000E+00  0.0000000E+00  0.0000000E+00  0.0000000E+00  0.0000000E+00  0.0000000E+00  0.0000000E+00  0.0000000E+00  0.0000000E+00  0.0000000E+00  0.0000000E+00  0.0000000E+00  0.0000000E+00  0.0000000E+00  0.0000000E+00  0.0000000E+00
OTHERS              0.0000000E+00  0.0000000E+00  0.0000000E+00  0.0000000E+00  0.0000000E+00  0.0000000E+00  0.0000000E+00  0.0000000E+00  0.0000000E+00  0.0000000E+00  0.0000000E+00  0.0000000E+00  0.0000000E+00  0.0000000E+00  0.0000000E+00  0.0000000E+00  0.0000000E+00  0.0000000E+00  0.0000000E+00  0.0000000E+00
SUB_TOTAL           0.1046994E+02  0.2232176E+04  0.1129130E+03  0.4747366E+03  0.2747215E+03  0.5989461E+01  0.4590415E+03  0.1489196E+03  0.5090668E+03  0.2754513E+03  0.9681675E+03  0.1829406E+04  0.1731328E+04  0.1444139E+01  0.3693361E+02  0.1574506E+06  0.2743363E+02  0.1197068E+03  0.1531086E+01  0.1666700E+06
  
Non-Combustion Sources [t/year]
  
Industry [t/year]
  
Sector
PIG_IRON            0.5751845E+03
CRUDE_STEEL         0.1025284E+04
IRON_STEEL_OTHERS   0.2915970E+03
ALUMINUM_ALUMINA    0.0000000E+00
COPPER              0.0000000E+00
ZINC                0.0000000E+00
LEAD                0.0000000E+00
CMENT               0.1582741E+04
BRICKS              0.3646407E+04
LIME                0.3598979E+03
COKE_OVENS          0.1767176E+05
OIL_REFINERY        0.0000000E+00
OTH_TRANSFORMATION  0.2149863E+03
SULPHRIC_ACID       0.0000000E+00
OTHERS              0.0000000E+00
SUB_TOTAL           0.2536786E+05
  
Total [t/year]
  
TOTAL               0.1920379E+06
