Year       : 2007
Country    : CHN
Sub-Region : HUBE
  
Combustion Sources [t/year]
  
Fuel Type           POWER_PLANTS   ENERGY         IRON_STEEL     CHEM_PETRCHEM  NON_FERR_MET   NON_MET_MINE   OTHERS         ROAD_CARS      ROAD_BUSES     ROAD_L_TRUCKS  ROAD_H_TRUCKS  ROAD_MC        ROAD_OTHERS    DOM_NAVI       RAILWAY_ETC    RESIDENT       COMM_PUB       AGR_FORE_FISH  OTHERS         SUB_TOTAL    
HARD_COAL           0.0000000E+00  0.1672713E+02  0.3556395E+03  0.9048218E+03  0.6514859E+02  0.0000000E+00  0.5545960E+03  0.0000000E+00  0.0000000E+00  0.0000000E+00  0.0000000E+00  0.0000000E+00  0.0000000E+00  0.0000000E+00  0.1202180E+03  0.1608138E+05  0.1129034E+03  0.6863832E+02  0.4404060E+02  0.1832411E+05
BROWN_COAL          0.0000000E+00  0.0000000E+00  0.0000000E+00  0.0000000E+00  0.0000000E+00  0.0000000E+00  0.0000000E+00  0.0000000E+00  0.0000000E+00  0.0000000E+00  0.0000000E+00  0.0000000E+00  0.0000000E+00  0.0000000E+00  0.0000000E+00  0.0000000E+00  0.0000000E+00  0.0000000E+00  0.0000000E+00  0.0000000E+00
DERIVED_COAL        0.0000000E+00  0.0000000E+00  0.0000000E+00  0.0000000E+00  0.0000000E+00  0.0000000E+00  0.0000000E+00  0.0000000E+00  0.0000000E+00  0.0000000E+00  0.0000000E+00  0.0000000E+00  0.0000000E+00  0.0000000E+00  0.0000000E+00  0.0000000E+00  0.0000000E+00  0.0000000E+00  0.0000000E+00  0.0000000E+00
NATURAL_GAS         0.0000000E+00  0.0000000E+00  0.0000000E+00  0.0000000E+00  0.0000000E+00  0.0000000E+00  0.0000000E+00  0.0000000E+00  0.0000000E+00  0.0000000E+00  0.0000000E+00  0.0000000E+00  0.0000000E+00  0.0000000E+00  0.0000000E+00  0.0000000E+00  0.0000000E+00  0.0000000E+00  0.0000000E+00  0.0000000E+00
COKE_OVEN_GAS       0.0000000E+00  0.0000000E+00  0.0000000E+00  0.0000000E+00  0.0000000E+00  0.0000000E+00  0.0000000E+00  0.0000000E+00  0.0000000E+00  0.0000000E+00  0.0000000E+00  0.0000000E+00  0.0000000E+00  0.0000000E+00  0.0000000E+00  0.0000000E+00  0.0000000E+00  0.0000000E+00  0.0000000E+00  0.0000000E+00
OTHER_GAS           0.0000000E+00  0.0000000E+00  0.0000000E+00  0.0000000E+00  0.0000000E+00  0.0000000E+00  0.0000000E+00  0.0000000E+00  0.0000000E+00  0.0000000E+00  0.0000000E+00  0.0000000E+00  0.0000000E+00  0.0000000E+00  0.0000000E+00  0.0000000E+00  0.0000000E+00  0.0000000E+00  0.0000000E+00  0.0000000E+00
MOTOR_GASOLINE      0.0000000E+00  0.0000000E+00  0.0000000E+00  0.0000000E+00  0.0000000E+00  0.0000000E+00  0.0000000E+00  0.7783878E+02  0.6984623E+02  0.9459775E+02  0.9566344E+02  0.1449225E+05  0.0000000E+00  0.0000000E+00  0.0000000E+00  0.0000000E+00  0.0000000E+00  0.1540800E+02  0.0000000E+00  0.1484560E+05
KEROSENE            0.0000000E+00  0.6952149E+00  0.5214111E+00  0.1052217E+01  0.1597115E+00  0.6012670E+00  0.3288177E+01  0.0000000E+00  0.0000000E+00  0.0000000E+00  0.0000000E+00  0.0000000E+00  0.0000000E+00  0.0000000E+00  0.0000000E+00  0.4320000E+01  0.0000000E+00  0.0000000E+00  0.0000000E+00  0.1063800E+02
OTHER_LF            0.8757000E+01  0.3131438E+01  0.2348578E+01  0.4739475E+01  0.7193843E+00  0.2708271E+01  0.1481085E+02  0.0000000E+00  0.0000000E+00  0.0000000E+00  0.0000000E+00  0.0000000E+00  0.0000000E+00  0.0000000E+00  0.0000000E+00  0.4609800E+02  0.7020000E+01  0.0000000E+00  0.0000000E+00  0.9033300E+02
DIESEL_OIL          0.9527182E+00  0.8467819E+01  0.8391491E+01  0.4857491E+01  0.1576924E+01  0.5237643E+01  0.4313964E+02  0.0000000E+00  0.2593031E+03  0.1043611E+03  0.4969950E+03  0.0000000E+00  0.9174863E+01  0.9479476E+01  0.6653712E+01  0.3000929E+01  0.8535804E+01  0.5133348E+02  0.0000000E+00  0.1021461E+04
CRUDE_OIL           0.0000000E+00  0.1710723E+00  0.1605543E+00  0.1292155E+00  0.3315549E-01  0.1135462E+00  0.6138306E+00  0.0000000E+00  0.0000000E+00  0.0000000E+00  0.0000000E+00  0.0000000E+00  0.0000000E+00  0.0000000E+00  0.0000000E+00  0.0000000E+00  0.0000000E+00  0.0000000E+00  0.0000000E+00  0.1221374E+01
HEAVY_FUEL_OIL      0.7892600E+00  0.1561123E+01  0.1465142E+01  0.1179159E+01  0.3025612E+00  0.1036168E+01  0.5601526E+01  0.0000000E+00  0.0000000E+00  0.0000000E+00  0.0000000E+00  0.0000000E+00  0.0000000E+00  0.3966400E+01  0.0000000E+00  0.0000000E+00  0.0000000E+00  0.0000000E+00  0.0000000E+00  0.1590134E+02
OTHER_HF            0.1009546E+01  0.3222279E+01  0.3024164E+01  0.2433874E+01  0.6245092E+00  0.2138730E+01  0.1156198E+02  0.0000000E+00  0.0000000E+00  0.0000000E+00  0.0000000E+00  0.0000000E+00  0.0000000E+00  0.0000000E+00  0.0000000E+00  0.0000000E+00  0.0000000E+00  0.0000000E+00  0.0000000E+00  0.2401508E+02
FUELWOOD            0.0000000E+00  0.0000000E+00  0.0000000E+00  0.0000000E+00  0.0000000E+00  0.0000000E+00  0.0000000E+00  0.0000000E+00  0.0000000E+00  0.0000000E+00  0.0000000E+00  0.0000000E+00  0.0000000E+00  0.0000000E+00  0.0000000E+00  0.4424900E+05  0.0000000E+00  0.0000000E+00  0.0000000E+00  0.4424900E+05
CROP_RESIDUE        0.0000000E+00  0.0000000E+00  0.0000000E+00  0.0000000E+00  0.0000000E+00  0.0000000E+00  0.0000000E+00  0.0000000E+00  0.0000000E+00  0.0000000E+00  0.0000000E+00  0.0000000E+00  0.0000000E+00  0.0000000E+00  0.0000000E+00  0.6387820E+05  0.0000000E+00  0.0000000E+00  0.0000000E+00  0.6387820E+05
ANIMAL_WASTE        0.0000000E+00  0.0000000E+00  0.0000000E+00  0.0000000E+00  0.0000000E+00  0.0000000E+00  0.0000000E+00  0.0000000E+00  0.0000000E+00  0.0000000E+00  0.0000000E+00  0.0000000E+00  0.0000000E+00  0.0000000E+00  0.0000000E+00  0.0000000E+00  0.0000000E+00  0.0000000E+00  0.0000000E+00  0.0000000E+00
OTHERS              0.0000000E+00  0.0000000E+00  0.0000000E+00  0.0000000E+00  0.0000000E+00  0.0000000E+00  0.0000000E+00  0.0000000E+00  0.0000000E+00  0.0000000E+00  0.0000000E+00  0.0000000E+00  0.0000000E+00  0.0000000E+00  0.0000000E+00  0.0000000E+00  0.0000000E+00  0.0000000E+00  0.0000000E+00  0.0000000E+00
SUB_TOTAL           0.1150852E+02  0.3397608E+02  0.3715508E+03  0.9192132E+03  0.6856484E+02  0.1183563E+02  0.6336120E+03  0.7783878E+02  0.3291493E+03  0.1989588E+03  0.5926584E+03  0.1449225E+05  0.9174863E+01  0.1344588E+02  0.1268717E+03  0.1242620E+06  0.1284592E+03  0.1353798E+03  0.4404060E+02  0.1424605E+06
  
Non-Combustion Sources [t/year]
  
Industry [t/year]
  
Sector
PIG_IRON            0.4892221E+03
CRUDE_STEEL         0.8012384E+03
IRON_STEEL_OTHERS   0.4642638E+03
ALUMINUM_ALUMINA    0.0000000E+00
COPPER              0.0000000E+00
ZINC                0.0000000E+00
LEAD                0.0000000E+00
CMENT               0.9422973E+03
BRICKS              0.4195138E+04
LIME                0.7764294E+02
COKE_OVENS          0.6383992E+04
OIL_REFINERY        0.0000000E+00
OTH_TRANSFORMATION  0.3196844E+02
SULPHRIC_ACID       0.0000000E+00
OTHERS              0.0000000E+00
SUB_TOTAL           0.1338576E+05
  
Total [t/year]
  
TOTAL               0.1558463E+06
