Year       : 2007
Country    : CHN
Sub-Region : HUNA
  
Combustion Sources [t/year]
  
Fuel Type           POWER_PLANTS   ENERGY         IRON_STEEL     CHEM_PETRCHEM  NON_FERR_MET   NON_MET_MINE   OTHERS         ROAD_CARS      ROAD_BUSES     ROAD_L_TRUCKS  ROAD_H_TRUCKS  ROAD_MC        ROAD_OTHERS    DOM_NAVI       RAILWAY_ETC    RESIDENT       COMM_PUB       AGR_FORE_FISH  OTHERS         SUB_TOTAL    
HARD_COAL           0.0000000E+00  0.6731063E+03  0.3053814E+03  0.5168185E+03  0.1657100E+03  0.0000000E+00  0.4390996E+03  0.0000000E+00  0.0000000E+00  0.0000000E+00  0.0000000E+00  0.0000000E+00  0.0000000E+00  0.0000000E+00  0.8671320E+01  0.7758160E+04  0.2466583E+03  0.2587250E+03  0.9288000E+01  0.1038162E+05
BROWN_COAL          0.0000000E+00  0.0000000E+00  0.0000000E+00  0.0000000E+00  0.0000000E+00  0.0000000E+00  0.0000000E+00  0.0000000E+00  0.0000000E+00  0.0000000E+00  0.0000000E+00  0.0000000E+00  0.0000000E+00  0.0000000E+00  0.0000000E+00  0.0000000E+00  0.0000000E+00  0.0000000E+00  0.0000000E+00  0.0000000E+00
DERIVED_COAL        0.0000000E+00  0.0000000E+00  0.0000000E+00  0.0000000E+00  0.0000000E+00  0.0000000E+00  0.0000000E+00  0.0000000E+00  0.0000000E+00  0.0000000E+00  0.0000000E+00  0.0000000E+00  0.0000000E+00  0.0000000E+00  0.0000000E+00  0.0000000E+00  0.0000000E+00  0.0000000E+00  0.0000000E+00  0.0000000E+00
NATURAL_GAS         0.0000000E+00  0.0000000E+00  0.0000000E+00  0.0000000E+00  0.0000000E+00  0.0000000E+00  0.0000000E+00  0.0000000E+00  0.0000000E+00  0.0000000E+00  0.0000000E+00  0.0000000E+00  0.0000000E+00  0.0000000E+00  0.0000000E+00  0.0000000E+00  0.0000000E+00  0.0000000E+00  0.0000000E+00  0.0000000E+00
COKE_OVEN_GAS       0.0000000E+00  0.0000000E+00  0.0000000E+00  0.0000000E+00  0.0000000E+00  0.0000000E+00  0.0000000E+00  0.0000000E+00  0.0000000E+00  0.0000000E+00  0.0000000E+00  0.0000000E+00  0.0000000E+00  0.0000000E+00  0.0000000E+00  0.0000000E+00  0.0000000E+00  0.0000000E+00  0.0000000E+00  0.0000000E+00
OTHER_GAS           0.0000000E+00  0.0000000E+00  0.0000000E+00  0.0000000E+00  0.0000000E+00  0.0000000E+00  0.0000000E+00  0.0000000E+00  0.0000000E+00  0.0000000E+00  0.0000000E+00  0.0000000E+00  0.0000000E+00  0.0000000E+00  0.0000000E+00  0.0000000E+00  0.0000000E+00  0.0000000E+00  0.0000000E+00  0.0000000E+00
MOTOR_GASOLINE      0.0000000E+00  0.0000000E+00  0.0000000E+00  0.0000000E+00  0.0000000E+00  0.0000000E+00  0.0000000E+00  0.8076712E+02  0.6579613E+02  0.8468336E+02  0.1043677E+03  0.1007705E+04  0.0000000E+00  0.0000000E+00  0.0000000E+00  0.0000000E+00  0.0000000E+00  0.7632000E+01  0.0000000E+00  0.1350951E+04
KEROSENE            0.0000000E+00  0.2914285E-01  0.4538497E+00  0.9232758E-01  0.8971479E+00  0.5816010E-01  0.8813721E+00  0.0000000E+00  0.0000000E+00  0.0000000E+00  0.0000000E+00  0.0000000E+00  0.0000000E+00  0.0000000E+00  0.0000000E+00  0.0000000E+00  0.1467000E+01  0.0000000E+00  0.0000000E+00  0.3879000E+01
OTHER_LF            0.3546000E+01  0.1524189E+02  0.1333463E+01  0.7841848E+01  0.1979642E+01  0.3173531E+01  0.1522261E+02  0.0000000E+00  0.0000000E+00  0.0000000E+00  0.0000000E+00  0.0000000E+00  0.0000000E+00  0.0000000E+00  0.0000000E+00  0.2394900E+02  0.1834200E+02  0.0000000E+00  0.0000000E+00  0.9062998E+02
DIESEL_OIL          0.1054535E+01  0.5611275E+00  0.1601166E+01  0.2395039E+01  0.3496836E+01  0.2151803E+01  0.2185176E+02  0.0000000E+00  0.2379053E+03  0.9099024E+02  0.5280940E+03  0.0000000E+00  0.1599948E+03  0.4983160E+01  0.1136380E+02  0.0000000E+00  0.1248601E+02  0.2101416E+01  0.3712884E+00  0.1081402E+04
CRUDE_OIL           0.0000000E+00  0.5595451E+00  0.6529351E-05  0.2893318E-03  0.0000000E+00  0.1815812E-02  0.8047422E-04  0.0000000E+00  0.0000000E+00  0.0000000E+00  0.0000000E+00  0.0000000E+00  0.0000000E+00  0.0000000E+00  0.0000000E+00  0.0000000E+00  0.0000000E+00  0.0000000E+00  0.0000000E+00  0.5617372E+00
HEAVY_FUEL_OIL      0.5489480E+00  0.4977153E+00  0.9806114E-01  0.9036906E-01  0.3252417E+00  0.8138701E+00  0.1632006E+00  0.0000000E+00  0.0000000E+00  0.0000000E+00  0.0000000E+00  0.0000000E+00  0.0000000E+00  0.2680000E+01  0.0000000E+00  0.0000000E+00  0.0000000E+00  0.0000000E+00  0.0000000E+00  0.5217406E+01
OTHER_HF            0.0000000E+00  0.6343772E+01  0.2141782E-01  0.1358434E+01  0.2704793E-01  0.6216544E-01  0.1023962E+00  0.0000000E+00  0.0000000E+00  0.0000000E+00  0.0000000E+00  0.0000000E+00  0.0000000E+00  0.0000000E+00  0.0000000E+00  0.0000000E+00  0.0000000E+00  0.0000000E+00  0.0000000E+00  0.7915233E+01
FUELWOOD            0.0000000E+00  0.0000000E+00  0.0000000E+00  0.0000000E+00  0.0000000E+00  0.0000000E+00  0.0000000E+00  0.0000000E+00  0.0000000E+00  0.0000000E+00  0.0000000E+00  0.0000000E+00  0.0000000E+00  0.0000000E+00  0.0000000E+00  0.4479490E+05  0.0000000E+00  0.0000000E+00  0.0000000E+00  0.4479490E+05
CROP_RESIDUE        0.0000000E+00  0.0000000E+00  0.0000000E+00  0.0000000E+00  0.0000000E+00  0.0000000E+00  0.0000000E+00  0.0000000E+00  0.0000000E+00  0.0000000E+00  0.0000000E+00  0.0000000E+00  0.0000000E+00  0.0000000E+00  0.0000000E+00  0.2353931E+05  0.0000000E+00  0.0000000E+00  0.0000000E+00  0.2353931E+05
ANIMAL_WASTE        0.0000000E+00  0.0000000E+00  0.0000000E+00  0.0000000E+00  0.0000000E+00  0.0000000E+00  0.0000000E+00  0.0000000E+00  0.0000000E+00  0.0000000E+00  0.0000000E+00  0.0000000E+00  0.0000000E+00  0.0000000E+00  0.0000000E+00  0.0000000E+00  0.0000000E+00  0.0000000E+00  0.0000000E+00  0.0000000E+00
OTHERS              0.0000000E+00  0.0000000E+00  0.0000000E+00  0.0000000E+00  0.0000000E+00  0.0000000E+00  0.0000000E+00  0.0000000E+00  0.0000000E+00  0.0000000E+00  0.0000000E+00  0.0000000E+00  0.0000000E+00  0.0000000E+00  0.0000000E+00  0.0000000E+00  0.0000000E+00  0.0000000E+00  0.0000000E+00  0.0000000E+00
SUB_TOTAL           0.5149483E+01  0.6963395E+03  0.3088894E+03  0.5285968E+03  0.1724359E+03  0.6261345E+01  0.4773210E+03  0.8076712E+02  0.3037014E+03  0.1756736E+03  0.6324617E+03  0.1007705E+04  0.1599948E+03  0.7663160E+01  0.2003512E+02  0.7611632E+05  0.2789533E+03  0.2684584E+03  0.9659288E+01  0.8125639E+05
  
Non-Combustion Sources [t/year]
  
Industry [t/year]
  
Sector
PIG_IRON            0.3633976E+03
CRUDE_STEEL         0.6001006E+03
IRON_STEEL_OTHERS   0.2903763E+03
ALUMINUM_ALUMINA    0.0000000E+00
COPPER              0.0000000E+00
ZINC                0.0000000E+00
LEAD                0.0000000E+00
CMENT               0.9497220E+03
BRICKS              0.4028691E+04
LIME                0.1012980E+03
COKE_OVENS          0.4495358E+04
OIL_REFINERY        0.0000000E+00
OTH_TRANSFORMATION  0.2252460E+02
SULPHRIC_ACID       0.0000000E+00
OTHERS              0.0000000E+00
SUB_TOTAL           0.1085147E+05
  
Total [t/year]
  
TOTAL               0.9210785E+05
