Year       : 2007
Country    : CHN
Sub-Region : GUAD
  
Combustion Sources [t/year]
  
Fuel Type           POWER_PLANTS   ENERGY         IRON_STEEL     CHEM_PETRCHEM  NON_FERR_MET   NON_MET_MINE   OTHERS         ROAD_CARS      ROAD_BUSES     ROAD_L_TRUCKS  ROAD_H_TRUCKS  ROAD_MC        ROAD_OTHERS    DOM_NAVI       RAILWAY_ETC    RESIDENT       COMM_PUB       AGR_FORE_FISH  OTHERS         SUB_TOTAL    
HARD_COAL           0.5463290E+03  0.5089246E+01  0.1615706E+02  0.1475066E+02  0.3217175E+01  0.8717613E+02  0.7893729E+02  0.0000000E+00  0.0000000E+00  0.0000000E+00  0.0000000E+00  0.0000000E+00  0.0000000E+00  0.0000000E+00  0.1082407E+00  0.3075463E+01  0.1809629E+01  0.3588796E+01  0.0000000E+00  0.7602387E+03
BROWN_COAL          0.0000000E+00  0.0000000E+00  0.0000000E+00  0.0000000E+00  0.0000000E+00  0.0000000E+00  0.0000000E+00  0.0000000E+00  0.0000000E+00  0.0000000E+00  0.0000000E+00  0.0000000E+00  0.0000000E+00  0.0000000E+00  0.0000000E+00  0.0000000E+00  0.0000000E+00  0.0000000E+00  0.0000000E+00  0.0000000E+00
DERIVED_COAL        0.2297143E+02  0.1545264E+01  0.4905816E+01  0.4478787E+01  0.9768406E+00  0.2646955E+02  0.2411134E+02  0.0000000E+00  0.0000000E+00  0.0000000E+00  0.0000000E+00  0.0000000E+00  0.0000000E+00  0.0000000E+00  0.0000000E+00  0.2212823E+01  0.0000000E+00  0.0000000E+00  0.0000000E+00  0.8767185E+02
NATURAL_GAS         0.7263978E+02  0.0000000E+00  0.0000000E+00  0.0000000E+00  0.0000000E+00  0.0000000E+00  0.1052633E+02  0.0000000E+00  0.0000000E+00  0.0000000E+00  0.0000000E+00  0.0000000E+00  0.0000000E+00  0.0000000E+00  0.0000000E+00  0.1659628E+02  0.0000000E+00  0.0000000E+00  0.0000000E+00  0.9976239E+02
COKE_OVEN_GAS       0.0000000E+00  0.0000000E+00  0.0000000E+00  0.0000000E+00  0.0000000E+00  0.0000000E+00  0.4816256E+01  0.0000000E+00  0.0000000E+00  0.0000000E+00  0.0000000E+00  0.0000000E+00  0.0000000E+00  0.0000000E+00  0.0000000E+00  0.0000000E+00  0.0000000E+00  0.0000000E+00  0.0000000E+00  0.4816256E+01
OTHER_GAS           0.3241736E+00  0.0000000E+00  0.0000000E+00  0.0000000E+00  0.0000000E+00  0.0000000E+00  0.8495898E+01  0.0000000E+00  0.0000000E+00  0.0000000E+00  0.0000000E+00  0.0000000E+00  0.0000000E+00  0.0000000E+00  0.0000000E+00  0.0000000E+00  0.0000000E+00  0.0000000E+00  0.0000000E+00  0.8820072E+01
MOTOR_GASOLINE      0.0000000E+00  0.0000000E+00  0.0000000E+00  0.0000000E+00  0.0000000E+00  0.0000000E+00  0.0000000E+00  0.1835014E+04  0.5620462E+02  0.9679151E+02  0.2323967E+02  0.8248505E+03  0.0000000E+00  0.0000000E+00  0.0000000E+00  0.0000000E+00  0.0000000E+00  0.5853213E+00  0.0000000E+00  0.2836686E+04
KEROSENE            0.0000000E+00  0.0000000E+00  0.0000000E+00  0.0000000E+00  0.0000000E+00  0.0000000E+00  0.6606938E+00  0.0000000E+00  0.0000000E+00  0.0000000E+00  0.0000000E+00  0.0000000E+00  0.0000000E+00  0.0000000E+00  0.0000000E+00  0.2989058E+00  0.0000000E+00  0.0000000E+00  0.0000000E+00  0.9595996E+00
OTHER_LF            0.3338988E-01  0.0000000E+00  0.0000000E+00  0.0000000E+00  0.0000000E+00  0.0000000E+00  0.1052702E+01  0.0000000E+00  0.0000000E+00  0.0000000E+00  0.0000000E+00  0.0000000E+00  0.0000000E+00  0.0000000E+00  0.0000000E+00  0.2044192E+01  0.1094404E+00  0.0000000E+00  0.7827924E-02  0.3247552E+01
DIESEL_OIL          0.1309948E+01  0.0000000E+00  0.0000000E+00  0.0000000E+00  0.0000000E+00  0.0000000E+00  0.3220437E+02  0.0000000E+00  0.0000000E+00  0.0000000E+00  0.0000000E+00  0.0000000E+00  0.0000000E+00  0.1097743E+02  0.7436642E+00  0.6601845E+00  0.6610428E+01  0.5236688E+01  0.7282258E+00  0.5847094E+02
CRUDE_OIL           0.0000000E+00  0.3215672E-02  0.0000000E+00  0.0000000E+00  0.0000000E+00  0.0000000E+00  0.6431717E-01  0.0000000E+00  0.0000000E+00  0.0000000E+00  0.0000000E+00  0.0000000E+00  0.0000000E+00  0.0000000E+00  0.0000000E+00  0.0000000E+00  0.0000000E+00  0.0000000E+00  0.0000000E+00  0.6753284E-01
HEAVY_FUEL_OIL      0.1989898E+01  0.1460413E+00  0.0000000E+00  0.0000000E+00  0.0000000E+00  0.0000000E+00  0.2920995E+01  0.0000000E+00  0.0000000E+00  0.0000000E+00  0.0000000E+00  0.0000000E+00  0.0000000E+00  0.3701134E+00  0.0000000E+00  0.0000000E+00  0.4077060E-01  0.0000000E+00  0.0000000E+00  0.5467818E+01
OTHER_HF            0.0000000E+00  0.1095163E-01  0.0000000E+00  0.0000000E+00  0.0000000E+00  0.0000000E+00  0.2190453E+00  0.0000000E+00  0.0000000E+00  0.0000000E+00  0.0000000E+00  0.0000000E+00  0.0000000E+00  0.0000000E+00  0.0000000E+00  0.0000000E+00  0.0000000E+00  0.0000000E+00  0.0000000E+00  0.2299969E+00
FUELWOOD            0.0000000E+00  0.0000000E+00  0.0000000E+00  0.0000000E+00  0.0000000E+00  0.0000000E+00  0.0000000E+00  0.0000000E+00  0.0000000E+00  0.0000000E+00  0.0000000E+00  0.0000000E+00  0.0000000E+00  0.0000000E+00  0.0000000E+00  0.1867008E+05  0.0000000E+00  0.0000000E+00  0.0000000E+00  0.1867008E+05
CROP_RESIDUE        0.0000000E+00  0.0000000E+00  0.0000000E+00  0.0000000E+00  0.0000000E+00  0.0000000E+00  0.0000000E+00  0.0000000E+00  0.0000000E+00  0.0000000E+00  0.0000000E+00  0.0000000E+00  0.0000000E+00  0.0000000E+00  0.0000000E+00  0.9420580E+04  0.0000000E+00  0.0000000E+00  0.0000000E+00  0.9420580E+04
ANIMAL_WASTE        0.0000000E+00  0.0000000E+00  0.0000000E+00  0.0000000E+00  0.0000000E+00  0.0000000E+00  0.0000000E+00  0.0000000E+00  0.0000000E+00  0.0000000E+00  0.0000000E+00  0.0000000E+00  0.0000000E+00  0.0000000E+00  0.0000000E+00  0.0000000E+00  0.0000000E+00  0.0000000E+00  0.0000000E+00  0.0000000E+00
OTHERS              0.0000000E+00  0.0000000E+00  0.0000000E+00  0.0000000E+00  0.0000000E+00  0.0000000E+00  0.0000000E+00  0.0000000E+00  0.0000000E+00  0.0000000E+00  0.0000000E+00  0.0000000E+00  0.0000000E+00  0.0000000E+00  0.0000000E+00  0.2694370E+02  0.0000000E+00  0.0000000E+00  0.0000000E+00  0.2694370E+02
SUB_TOTAL           0.6455976E+03  0.6794719E+01  0.2106288E+02  0.1922945E+02  0.4194016E+01  0.1136457E+03  0.1640092E+03  0.1835014E+04  0.5620462E+02  0.9679151E+02  0.2323967E+02  0.8248505E+03  0.0000000E+00  0.1134754E+02  0.8519049E+00  0.2814249E+05  0.8570268E+01  0.9410805E+01  0.7360537E+00  0.3198404E+05
  
Non-Combustion Sources [t/year]
  
Industry [t/year]
  
Sector
AMMONIA             0.2356784E+04
AMMONIUM_NITRATE    0.3768603E+03
UREA                0.6951425E+04
SUB_TOTAL           0.9685069E+04
  
Agriculture [t/year]
  
Sector
FERTILIZER          0.4647099E+06
MANURE_MANAGEMENT   0.8572259E+05
SUB_TOTAL           0.5504325E+06
  
Others [t/year]
  
Sector
HUMAN               0.2035750E+05
WASTE_WATER         0.9134776E+05
SUB_TOTAL           0.1117053E+06
  
Total [t/year]
  
TOTAL               0.7038069E+06
