Year       : 2007
Country    : CHN
Sub-Region : JILI
  
Combustion Sources [t/year]
  
Fuel Type           POWER_PLANTS   ENERGY         IRON_STEEL     CHEM_PETRCHEM  NON_FERR_MET   NON_MET_MINE   OTHERS         ROAD_CARS      ROAD_BUSES     ROAD_L_TRUCKS  ROAD_H_TRUCKS  ROAD_MC        ROAD_OTHERS    DOM_NAVI       RAILWAY_ETC    RESIDENT       COMM_PUB       AGR_FORE_FISH  OTHERS         SUB_TOTAL    
HARD_COAL           0.2523558E+03  0.4318169E+02  0.6378739E+01  0.2077696E+02  0.1825546E+01  0.2919328E+02  0.5594904E+02  0.0000000E+00  0.0000000E+00  0.0000000E+00  0.0000000E+00  0.0000000E+00  0.0000000E+00  0.0000000E+00  0.5856081E+01  0.1697888E+02  0.1123759E+02  0.4971944E+01  0.1716037E+02  0.4658659E+03
BROWN_COAL          0.0000000E+00  0.0000000E+00  0.0000000E+00  0.0000000E+00  0.0000000E+00  0.0000000E+00  0.0000000E+00  0.0000000E+00  0.0000000E+00  0.0000000E+00  0.0000000E+00  0.0000000E+00  0.0000000E+00  0.0000000E+00  0.0000000E+00  0.0000000E+00  0.0000000E+00  0.0000000E+00  0.0000000E+00  0.0000000E+00
DERIVED_COAL        0.3255318E-01  0.2060613E-01  0.4798706E+02  0.6852533E-01  0.2127492E-01  0.2225912E+01  0.1115688E+01  0.0000000E+00  0.0000000E+00  0.0000000E+00  0.0000000E+00  0.0000000E+00  0.0000000E+00  0.0000000E+00  0.0000000E+00  0.5534041E+00  0.0000000E+00  0.0000000E+00  0.0000000E+00  0.5202502E+02
NATURAL_GAS         0.1512859E+01  0.7399576E+01  0.3040923E+00  0.7298215E+00  0.1013641E+00  0.6690027E+00  0.2899013E+01  0.0000000E+00  0.0000000E+00  0.0000000E+00  0.0000000E+00  0.0000000E+00  0.0000000E+00  0.0000000E+00  0.0000000E+00  0.8806192E+00  0.1128999E+00  0.0000000E+00  0.0000000E+00  0.1460925E+02
COKE_OVEN_GAS       0.2174109E+01  0.0000000E+00  0.9454220E+01  0.8719914E+00  0.0000000E+00  0.4589429E-01  0.1529810E-01  0.0000000E+00  0.0000000E+00  0.0000000E+00  0.0000000E+00  0.0000000E+00  0.0000000E+00  0.0000000E+00  0.0000000E+00  0.5284293E+01  0.4529394E-01  0.0000000E+00  0.0000000E+00  0.1789110E+02
OTHER_GAS           0.8250036E+00  0.2474674E+01  0.1016989E+00  0.2440774E+00  0.3389964E-01  0.2237376E+00  0.9695299E+00  0.0000000E+00  0.0000000E+00  0.0000000E+00  0.0000000E+00  0.0000000E+00  0.0000000E+00  0.0000000E+00  0.0000000E+00  0.0000000E+00  0.0000000E+00  0.0000000E+00  0.0000000E+00  0.4872621E+01
MOTOR_GASOLINE      0.0000000E+00  0.0000000E+00  0.0000000E+00  0.0000000E+00  0.0000000E+00  0.0000000E+00  0.0000000E+00  0.3318362E+03  0.7489190E+01  0.1170054E+02  0.7639338E+01  0.5868055E+02  0.0000000E+00  0.0000000E+00  0.0000000E+00  0.0000000E+00  0.0000000E+00  0.3372381E+00  0.0000000E+00  0.4176831E+03
KEROSENE            0.0000000E+00  0.1378239E-01  0.8614000E-03  0.6029800E-02  0.3445600E-02  0.9475400E-02  0.9216980E-01  0.0000000E+00  0.0000000E+00  0.0000000E+00  0.0000000E+00  0.0000000E+00  0.0000000E+00  0.0000000E+00  0.0000000E+00  0.0000000E+00  0.0000000E+00  0.0000000E+00  0.0000000E+00  0.1257644E+00
OTHER_LF            0.0000000E+00  0.1853672E-01  0.0000000E+00  0.1215216E+00  0.0000000E+00  0.3822166E-01  0.6589942E-02  0.0000000E+00  0.0000000E+00  0.0000000E+00  0.0000000E+00  0.0000000E+00  0.0000000E+00  0.0000000E+00  0.0000000E+00  0.2178772E+00  0.2609308E-02  0.0000000E+00  0.0000000E+00  0.4053564E+00
DIESEL_OIL          0.2451938E-01  0.1577099E+01  0.1829082E-01  0.3369813E+00  0.9360594E-01  0.2840457E+00  0.1537226E+01  0.0000000E+00  0.0000000E+00  0.0000000E+00  0.0000000E+00  0.0000000E+00  0.0000000E+00  0.3289365E-02  0.1576264E+01  0.1638508E+01  0.1911900E+01  0.5502805E+01  0.1987909E+01  0.1649244E+02
CRUDE_OIL           0.0000000E+00  0.9582101E-01  0.0000000E+00  0.4200054E+00  0.0000000E+00  0.4844408E-02  0.1056577E-03  0.0000000E+00  0.0000000E+00  0.0000000E+00  0.0000000E+00  0.0000000E+00  0.0000000E+00  0.0000000E+00  0.0000000E+00  0.0000000E+00  0.0000000E+00  0.0000000E+00  0.0000000E+00  0.5207765E+00
HEAVY_FUEL_OIL      0.2801672E-02  0.1730450E-02  0.9012755E-04  0.6373822E-01  0.0000000E+00  0.7210205E-04  0.3965613E-03  0.0000000E+00  0.0000000E+00  0.0000000E+00  0.0000000E+00  0.0000000E+00  0.0000000E+00  0.0000000E+00  0.0000000E+00  0.0000000E+00  0.0000000E+00  0.0000000E+00  0.0000000E+00  0.6882913E-01
OTHER_HF            0.0000000E+00  0.1643287E-02  0.0000000E+00  0.1977280E+00  0.0000000E+00  0.0000000E+00  0.2134139E-03  0.0000000E+00  0.0000000E+00  0.0000000E+00  0.0000000E+00  0.0000000E+00  0.0000000E+00  0.0000000E+00  0.0000000E+00  0.0000000E+00  0.0000000E+00  0.0000000E+00  0.0000000E+00  0.1995847E+00
FUELWOOD            0.0000000E+00  0.0000000E+00  0.0000000E+00  0.0000000E+00  0.0000000E+00  0.0000000E+00  0.0000000E+00  0.0000000E+00  0.0000000E+00  0.0000000E+00  0.0000000E+00  0.0000000E+00  0.0000000E+00  0.0000000E+00  0.0000000E+00  0.3960580E+04  0.0000000E+00  0.0000000E+00  0.0000000E+00  0.3960580E+04
CROP_RESIDUE        0.0000000E+00  0.0000000E+00  0.0000000E+00  0.0000000E+00  0.0000000E+00  0.0000000E+00  0.0000000E+00  0.0000000E+00  0.0000000E+00  0.0000000E+00  0.0000000E+00  0.0000000E+00  0.0000000E+00  0.0000000E+00  0.0000000E+00  0.1686009E+05  0.0000000E+00  0.0000000E+00  0.0000000E+00  0.1686009E+05
ANIMAL_WASTE        0.0000000E+00  0.0000000E+00  0.0000000E+00  0.0000000E+00  0.0000000E+00  0.0000000E+00  0.0000000E+00  0.0000000E+00  0.0000000E+00  0.0000000E+00  0.0000000E+00  0.0000000E+00  0.0000000E+00  0.0000000E+00  0.0000000E+00  0.0000000E+00  0.0000000E+00  0.0000000E+00  0.0000000E+00  0.0000000E+00
OTHERS              0.0000000E+00  0.0000000E+00  0.0000000E+00  0.0000000E+00  0.0000000E+00  0.0000000E+00  0.0000000E+00  0.0000000E+00  0.0000000E+00  0.0000000E+00  0.0000000E+00  0.0000000E+00  0.0000000E+00  0.0000000E+00  0.0000000E+00  0.2828700E+01  0.0000000E+00  0.0000000E+00  0.0000000E+00  0.2828700E+01
SUB_TOTAL           0.2569276E+03  0.5478516E+02  0.6424505E+02  0.2383738E+02  0.2079136E+01  0.3269449E+02  0.6258527E+02  0.3318362E+03  0.7489190E+01  0.1170054E+02  0.7639338E+01  0.5868055E+02  0.0000000E+00  0.3289365E-02  0.7432345E+01  0.2084905E+05  0.1331029E+02  0.1081199E+02  0.1914828E+02  0.2181426E+05
  
Non-Combustion Sources [t/year]
  
Industry [t/year]
  
Sector
AMMONIA             0.3431223E+03
AMMONIUM_NITRATE    0.5486681E+02
UREA                0.1012053E+04
SUB_TOTAL           0.1410042E+04
  
Agriculture [t/year]
  
Sector
FERTILIZER          0.2840885E+06
MANURE_MANAGEMENT   0.5576421E+05
SUB_TOTAL           0.3398527E+06
  
Others [t/year]
  
Sector
HUMAN               0.6729466E+04
WASTE_WATER         0.3019632E+05
SUB_TOTAL           0.3692579E+05
  
Total [t/year]
  
TOTAL               0.4000028E+06
