Year       : 2007
Country    : CHN
Sub-Region : JINU
  
Combustion Sources [t/year]
  
Fuel Type           POWER_PLANTS   ENERGY         IRON_STEEL     CHEM_PETRCHEM  NON_FERR_MET   NON_MET_MINE   OTHERS         ROAD_CARS      ROAD_BUSES     ROAD_L_TRUCKS  ROAD_H_TRUCKS  ROAD_MC        ROAD_OTHERS    DOM_NAVI       RAILWAY_ETC    RESIDENT       COMM_PUB       AGR_FORE_FISH  OTHERS         SUB_TOTAL    
HARD_COAL           0.8117364E+03  0.3315108E+02  0.0000000E+00  0.0000000E+00  0.0000000E+00  0.6979626E+02  0.2124111E+03  0.0000000E+00  0.0000000E+00  0.0000000E+00  0.0000000E+00  0.0000000E+00  0.0000000E+00  0.0000000E+00  0.2741666E+01  0.5121017E+01  0.2592592E+01  0.4083980E+01  0.0000000E+00  0.1141634E+04
BROWN_COAL          0.0000000E+00  0.0000000E+00  0.0000000E+00  0.0000000E+00  0.0000000E+00  0.0000000E+00  0.0000000E+00  0.0000000E+00  0.0000000E+00  0.0000000E+00  0.0000000E+00  0.0000000E+00  0.0000000E+00  0.0000000E+00  0.0000000E+00  0.0000000E+00  0.0000000E+00  0.0000000E+00  0.0000000E+00  0.0000000E+00
DERIVED_COAL        0.0000000E+00  0.8897275E+01  0.0000000E+00  0.0000000E+00  0.0000000E+00  0.1658990E+01  0.2297284E+03  0.0000000E+00  0.0000000E+00  0.0000000E+00  0.0000000E+00  0.0000000E+00  0.0000000E+00  0.0000000E+00  0.0000000E+00  0.1445044E+01  0.0000000E+00  0.0000000E+00  0.0000000E+00  0.2417297E+03
NATURAL_GAS         0.5012755E+02  0.0000000E+00  0.0000000E+00  0.0000000E+00  0.0000000E+00  0.0000000E+00  0.4080316E+02  0.0000000E+00  0.0000000E+00  0.0000000E+00  0.0000000E+00  0.0000000E+00  0.0000000E+00  0.0000000E+00  0.0000000E+00  0.7790093E+01  0.6773994E+00  0.0000000E+00  0.0000000E+00  0.9939820E+02
COKE_OVEN_GAS       0.1586797E+02  0.0000000E+00  0.0000000E+00  0.0000000E+00  0.0000000E+00  0.0000000E+00  0.2160219E+02  0.0000000E+00  0.0000000E+00  0.0000000E+00  0.0000000E+00  0.0000000E+00  0.0000000E+00  0.0000000E+00  0.0000000E+00  0.0000000E+00  0.2113717E+00  0.0000000E+00  0.0000000E+00  0.3768153E+02
OTHER_GAS           0.8525037E+01  0.0000000E+00  0.0000000E+00  0.0000000E+00  0.0000000E+00  0.0000000E+00  0.1246247E+02  0.0000000E+00  0.0000000E+00  0.0000000E+00  0.0000000E+00  0.0000000E+00  0.0000000E+00  0.0000000E+00  0.0000000E+00  0.0000000E+00  0.0000000E+00  0.0000000E+00  0.0000000E+00  0.2098751E+02
MOTOR_GASOLINE      0.0000000E+00  0.0000000E+00  0.0000000E+00  0.0000000E+00  0.0000000E+00  0.0000000E+00  0.0000000E+00  0.1627528E+04  0.3751281E+02  0.2419121E+02  0.2278238E+02  0.7976783E+03  0.0000000E+00  0.0000000E+00  0.0000000E+00  0.0000000E+00  0.0000000E+00  0.6774911E+00  0.0000000E+00  0.2510370E+04
KEROSENE            0.0000000E+00  0.0000000E+00  0.0000000E+00  0.0000000E+00  0.0000000E+00  0.0000000E+00  0.3824616E+00  0.0000000E+00  0.0000000E+00  0.0000000E+00  0.0000000E+00  0.0000000E+00  0.0000000E+00  0.0000000E+00  0.0000000E+00  0.0000000E+00  0.2584200E-02  0.8614000E-03  0.1292100E-01  0.3988282E+00
OTHER_LF            0.1240045E-01  0.0000000E+00  0.0000000E+00  0.0000000E+00  0.0000000E+00  0.0000000E+00  0.4798047E+00  0.0000000E+00  0.0000000E+00  0.0000000E+00  0.0000000E+00  0.0000000E+00  0.0000000E+00  0.0000000E+00  0.0000000E+00  0.3418193E+00  0.3281707E-01  0.0000000E+00  0.0000000E+00  0.8668415E+00
DIESEL_OIL          0.3677907E+00  0.0000000E+00  0.0000000E+00  0.0000000E+00  0.0000000E+00  0.0000000E+00  0.8566462E+01  0.0000000E+00  0.0000000E+00  0.0000000E+00  0.0000000E+00  0.0000000E+00  0.0000000E+00  0.7515717E+01  0.8055189E+00  0.0000000E+00  0.4254114E+00  0.7976974E+01  0.2329342E+00  0.2589081E+02
CRUDE_OIL           0.0000000E+00  0.3067452E-02  0.0000000E+00  0.0000000E+00  0.0000000E+00  0.0000000E+00  0.6137101E-01  0.0000000E+00  0.0000000E+00  0.0000000E+00  0.0000000E+00  0.0000000E+00  0.0000000E+00  0.0000000E+00  0.0000000E+00  0.0000000E+00  0.0000000E+00  0.0000000E+00  0.0000000E+00  0.6443846E-01
HEAVY_FUEL_OIL      0.2136368E+00  0.4001025E-01  0.0000000E+00  0.0000000E+00  0.0000000E+00  0.0000000E+00  0.8104018E+00  0.0000000E+00  0.0000000E+00  0.0000000E+00  0.0000000E+00  0.0000000E+00  0.0000000E+00  0.1152031E+00  0.0000000E+00  0.0000000E+00  0.0000000E+00  0.1681003E-01  0.0000000E+00  0.1196062E+01
OTHER_HF            0.0000000E+00  0.3198554E-01  0.0000000E+00  0.0000000E+00  0.0000000E+00  0.0000000E+00  0.9789071E+00  0.0000000E+00  0.0000000E+00  0.0000000E+00  0.0000000E+00  0.0000000E+00  0.0000000E+00  0.0000000E+00  0.0000000E+00  0.0000000E+00  0.0000000E+00  0.0000000E+00  0.0000000E+00  0.1010893E+01
FUELWOOD            0.0000000E+00  0.0000000E+00  0.0000000E+00  0.0000000E+00  0.0000000E+00  0.0000000E+00  0.0000000E+00  0.0000000E+00  0.0000000E+00  0.0000000E+00  0.0000000E+00  0.0000000E+00  0.0000000E+00  0.0000000E+00  0.0000000E+00  0.2356900E+04  0.0000000E+00  0.0000000E+00  0.0000000E+00  0.2356900E+04
CROP_RESIDUE        0.0000000E+00  0.0000000E+00  0.0000000E+00  0.0000000E+00  0.0000000E+00  0.0000000E+00  0.0000000E+00  0.0000000E+00  0.0000000E+00  0.0000000E+00  0.0000000E+00  0.0000000E+00  0.0000000E+00  0.0000000E+00  0.0000000E+00  0.2752178E+05  0.0000000E+00  0.0000000E+00  0.0000000E+00  0.2752178E+05
ANIMAL_WASTE        0.0000000E+00  0.0000000E+00  0.0000000E+00  0.0000000E+00  0.0000000E+00  0.0000000E+00  0.0000000E+00  0.0000000E+00  0.0000000E+00  0.0000000E+00  0.0000000E+00  0.0000000E+00  0.0000000E+00  0.0000000E+00  0.0000000E+00  0.0000000E+00  0.0000000E+00  0.0000000E+00  0.0000000E+00  0.0000000E+00
OTHERS              0.0000000E+00  0.0000000E+00  0.0000000E+00  0.0000000E+00  0.0000000E+00  0.0000000E+00  0.0000000E+00  0.0000000E+00  0.0000000E+00  0.0000000E+00  0.0000000E+00  0.0000000E+00  0.0000000E+00  0.0000000E+00  0.0000000E+00  0.1671950E+02  0.0000000E+00  0.0000000E+00  0.0000000E+00  0.1671950E+02
SUB_TOTAL           0.8868508E+03  0.4212342E+02  0.0000000E+00  0.0000000E+00  0.0000000E+00  0.7145525E+02  0.5282867E+03  0.1627528E+04  0.3751281E+02  0.2419121E+02  0.2278238E+02  0.7976783E+03  0.0000000E+00  0.7630920E+01  0.3547185E+01  0.2991010E+05  0.3942176E+01  0.1275612E+02  0.2458552E+00  0.3397663E+05
  
Non-Combustion Sources [t/year]
  
Industry [t/year]
  
Sector
AMMONIA             0.2057533E+04
AMMONIUM_NITRATE    0.3290088E+03
UREA                0.6068773E+04
SUB_TOTAL           0.8455315E+04
  
Agriculture [t/year]
  
Sector
FERTILIZER          0.5449731E+06
MANURE_MANAGEMENT   0.7074571E+05
SUB_TOTAL           0.6157188E+06
  
Others [t/year]
  
Sector
HUMAN               0.1903075E+05
WASTE_WATER         0.8539440E+05
SUB_TOTAL           0.1044251E+06
  
Total [t/year]
  
TOTAL               0.7625759E+06
