Year       : 2007
Country    : CHN
Sub-Region : HEBE
  
Combustion Sources [t/year]
  
Fuel Type           POWER_PLANTS   ENERGY         IRON_STEEL     CHEM_PETRCHEM  NON_FERR_MET   NON_MET_MINE   OTHERS         ROAD_CARS      ROAD_BUSES     ROAD_L_TRUCKS  ROAD_H_TRUCKS  ROAD_MC        ROAD_OTHERS    DOM_NAVI       RAILWAY_ETC    RESIDENT       COMM_PUB       AGR_FORE_FISH  OTHERS         SUB_TOTAL    
HARD_COAL           0.5709773E+03  0.3390087E+02  0.0000000E+00  0.0000000E+00  0.0000000E+00  0.8042729E+02  0.3156371E+03  0.0000000E+00  0.0000000E+00  0.0000000E+00  0.0000000E+00  0.0000000E+00  0.0000000E+00  0.0000000E+00  0.2846666E+01  0.4996545E+02  0.2958147E+01  0.1403889E+01  0.1358972E+02  0.1071706E+04
BROWN_COAL          0.0000000E+00  0.0000000E+00  0.0000000E+00  0.0000000E+00  0.0000000E+00  0.0000000E+00  0.0000000E+00  0.0000000E+00  0.0000000E+00  0.0000000E+00  0.0000000E+00  0.0000000E+00  0.0000000E+00  0.0000000E+00  0.0000000E+00  0.0000000E+00  0.0000000E+00  0.0000000E+00  0.0000000E+00  0.0000000E+00
DERIVED_COAL        0.0000000E+00  0.2404144E+02  0.0000000E+00  0.0000000E+00  0.0000000E+00  0.4518433E+01  0.6297468E+03  0.0000000E+00  0.0000000E+00  0.0000000E+00  0.0000000E+00  0.0000000E+00  0.0000000E+00  0.0000000E+00  0.2858328E-01  0.4804374E+01  0.1915663E+00  0.3734126E-01  0.2763548E+00  0.6636449E+03
NATURAL_GAS         0.0000000E+00  0.0000000E+00  0.0000000E+00  0.0000000E+00  0.0000000E+00  0.0000000E+00  0.2427348E+02  0.0000000E+00  0.0000000E+00  0.0000000E+00  0.0000000E+00  0.0000000E+00  0.0000000E+00  0.0000000E+00  0.0000000E+00  0.7902993E+00  0.4515996E+00  0.0000000E+00  0.9031992E+00  0.2641858E+02
COKE_OVEN_GAS       0.8439771E+01  0.0000000E+00  0.0000000E+00  0.0000000E+00  0.0000000E+00  0.0000000E+00  0.3122262E+02  0.0000000E+00  0.0000000E+00  0.0000000E+00  0.0000000E+00  0.0000000E+00  0.0000000E+00  0.0000000E+00  0.0000000E+00  0.2146933E+02  0.4529394E-01  0.0000000E+00  0.1675876E+01  0.6285289E+02
OTHER_GAS           0.1344956E+02  0.0000000E+00  0.0000000E+00  0.0000000E+00  0.0000000E+00  0.0000000E+00  0.2170779E+02  0.0000000E+00  0.0000000E+00  0.0000000E+00  0.0000000E+00  0.0000000E+00  0.0000000E+00  0.0000000E+00  0.0000000E+00  0.0000000E+00  0.0000000E+00  0.0000000E+00  0.0000000E+00  0.3515735E+02
MOTOR_GASOLINE      0.0000000E+00  0.0000000E+00  0.0000000E+00  0.0000000E+00  0.0000000E+00  0.0000000E+00  0.0000000E+00  0.1115455E+04  0.1312184E+02  0.4589430E+02  0.2873861E+02  0.2884309E+03  0.0000000E+00  0.0000000E+00  0.0000000E+00  0.0000000E+00  0.0000000E+00  0.3566196E+00  0.0000000E+00  0.1491997E+04
KEROSENE            0.0000000E+00  0.0000000E+00  0.0000000E+00  0.0000000E+00  0.0000000E+00  0.0000000E+00  0.1249030E+00  0.0000000E+00  0.0000000E+00  0.0000000E+00  0.0000000E+00  0.0000000E+00  0.0000000E+00  0.0000000E+00  0.0000000E+00  0.1231802E+00  0.3445600E-02  0.8614000E-02  0.3876300E-01  0.2989058E+00
OTHER_LF            0.1819173E-01  0.0000000E+00  0.0000000E+00  0.0000000E+00  0.0000000E+00  0.0000000E+00  0.1489460E+00  0.0000000E+00  0.0000000E+00  0.0000000E+00  0.0000000E+00  0.0000000E+00  0.0000000E+00  0.0000000E+00  0.0000000E+00  0.1760781E+00  0.4365573E-02  0.8028640E-03  0.8781325E-02  0.3571656E+00
DIESEL_OIL          0.1563111E+00  0.0000000E+00  0.0000000E+00  0.0000000E+00  0.0000000E+00  0.0000000E+00  0.8822076E+01  0.0000000E+00  0.0000000E+00  0.0000000E+00  0.0000000E+00  0.0000000E+00  0.0000000E+00  0.6068317E+01  0.2870843E+01  0.1115632E+01  0.5241019E+00  0.1565971E+01  0.4137646E+00  0.2153702E+02
CRUDE_OIL           0.0000000E+00  0.7176749E-02  0.0000000E+00  0.0000000E+00  0.0000000E+00  0.0000000E+00  0.1434862E+00  0.0000000E+00  0.0000000E+00  0.0000000E+00  0.0000000E+00  0.0000000E+00  0.0000000E+00  0.0000000E+00  0.0000000E+00  0.0000000E+00  0.0000000E+00  0.0000000E+00  0.0000000E+00  0.1506629E+00
HEAVY_FUEL_OIL      0.8363200E-03  0.8897739E-02  0.0000000E+00  0.0000000E+00  0.0000000E+00  0.0000000E+00  0.1791907E+00  0.0000000E+00  0.0000000E+00  0.0000000E+00  0.0000000E+00  0.0000000E+00  0.0000000E+00  0.1756272E-02  0.0000000E+00  0.0000000E+00  0.5310632E-02  0.1798088E-02  0.1421744E-02  0.1992115E+00
OTHER_HF            0.0000000E+00  0.8902602E-02  0.0000000E+00  0.0000000E+00  0.0000000E+00  0.0000000E+00  0.5559400E+00  0.0000000E+00  0.0000000E+00  0.0000000E+00  0.0000000E+00  0.0000000E+00  0.0000000E+00  0.0000000E+00  0.0000000E+00  0.0000000E+00  0.0000000E+00  0.0000000E+00  0.0000000E+00  0.5648426E+00
FUELWOOD            0.0000000E+00  0.0000000E+00  0.0000000E+00  0.0000000E+00  0.0000000E+00  0.0000000E+00  0.0000000E+00  0.0000000E+00  0.0000000E+00  0.0000000E+00  0.0000000E+00  0.0000000E+00  0.0000000E+00  0.0000000E+00  0.0000000E+00  0.1160120E+05  0.0000000E+00  0.0000000E+00  0.0000000E+00  0.1160120E+05
CROP_RESIDUE        0.0000000E+00  0.0000000E+00  0.0000000E+00  0.0000000E+00  0.0000000E+00  0.0000000E+00  0.0000000E+00  0.0000000E+00  0.0000000E+00  0.0000000E+00  0.0000000E+00  0.0000000E+00  0.0000000E+00  0.0000000E+00  0.0000000E+00  0.2381002E+05  0.0000000E+00  0.0000000E+00  0.0000000E+00  0.2381002E+05
ANIMAL_WASTE        0.0000000E+00  0.0000000E+00  0.0000000E+00  0.0000000E+00  0.0000000E+00  0.0000000E+00  0.0000000E+00  0.0000000E+00  0.0000000E+00  0.0000000E+00  0.0000000E+00  0.0000000E+00  0.0000000E+00  0.0000000E+00  0.0000000E+00  0.0000000E+00  0.0000000E+00  0.0000000E+00  0.0000000E+00  0.0000000E+00
OTHERS              0.0000000E+00  0.0000000E+00  0.0000000E+00  0.0000000E+00  0.0000000E+00  0.0000000E+00  0.0000000E+00  0.0000000E+00  0.0000000E+00  0.0000000E+00  0.0000000E+00  0.0000000E+00  0.0000000E+00  0.0000000E+00  0.0000000E+00  0.1133895E+03  0.0000000E+00  0.0000000E+00  0.0000000E+00  0.1133895E+03
SUB_TOTAL           0.5930420E+03  0.5796729E+02  0.0000000E+00  0.0000000E+00  0.0000000E+00  0.8494572E+02  0.1032562E+04  0.1115455E+04  0.1312184E+02  0.4589430E+02  0.2873861E+02  0.2884309E+03  0.0000000E+00  0.6070073E+01  0.5746092E+01  0.3560305E+05  0.4183831E+01  0.3375036E+01  0.1690788E+02  0.3889949E+05
  
Non-Combustion Sources [t/year]
  
Industry [t/year]
  
Sector
AMMONIA             0.1036167E+04
AMMONIUM_NITRATE    0.1656878E+03
UREA                0.3056215E+04
SUB_TOTAL           0.4258070E+04
  
Agriculture [t/year]
  
Sector
FERTILIZER          0.5038039E+06
MANURE_MANAGEMENT   0.1393621E+06
SUB_TOTAL           0.6431660E+06
  
Others [t/year]
  
Sector
HUMAN               0.1732973E+05
WASTE_WATER         0.7776160E+05
SUB_TOTAL           0.9509133E+05
  
Total [t/year]
  
TOTAL               0.7814149E+06
