Year       : 2007
Country    : CHN
Sub-Region : CHON
  
Combustion Sources [t/year]
  
Fuel Type           POWER_PLANTS   ENERGY         IRON_STEEL     CHEM_PETRCHEM  NON_FERR_MET   NON_MET_MINE   OTHERS         ROAD_CARS      ROAD_BUSES     ROAD_L_TRUCKS  ROAD_H_TRUCKS  ROAD_MC        ROAD_OTHERS    DOM_NAVI       RAILWAY_ETC    RESIDENT       COMM_PUB       AGR_FORE_FISH  OTHERS         SUB_TOTAL    
HARD_COAL           0.1105742E+03  0.4447919E+02  0.3777504E+01  0.9618922E+01  0.1493155E+01  0.1986289E+02  0.7192431E+01  0.0000000E+00  0.0000000E+00  0.0000000E+00  0.0000000E+00  0.0000000E+00  0.0000000E+00  0.0000000E+00  0.1421388E+01  0.9722221E+01  0.7712961E-01  0.1532220E+02  0.6805554E-01  0.2236093E+03
BROWN_COAL          0.0000000E+00  0.0000000E+00  0.0000000E+00  0.0000000E+00  0.0000000E+00  0.0000000E+00  0.0000000E+00  0.0000000E+00  0.0000000E+00  0.0000000E+00  0.0000000E+00  0.0000000E+00  0.0000000E+00  0.0000000E+00  0.0000000E+00  0.0000000E+00  0.0000000E+00  0.0000000E+00  0.0000000E+00  0.0000000E+00
DERIVED_COAL        0.0000000E+00  0.5964342E-02  0.3565009E+02  0.4405780E+00  0.7498604E-01  0.2309425E-02  0.2591215E+01  0.0000000E+00  0.0000000E+00  0.0000000E+00  0.0000000E+00  0.0000000E+00  0.0000000E+00  0.0000000E+00  0.0000000E+00  0.7506840E-01  0.0000000E+00  0.3127850E+01  0.0000000E+00  0.4196806E+02
NATURAL_GAS         0.6548194E+00  0.8009516E+00  0.3002929E+01  0.4322619E+02  0.2605231E+01  0.1071305E+02  0.9739924E+01  0.0000000E+00  0.0000000E+00  0.0000000E+00  0.0000000E+00  0.0000000E+00  0.0000000E+00  0.0000000E+00  0.0000000E+00  0.1806398E+02  0.5667575E+01  0.1354799E+01  0.1354799E+00  0.9596493E+02
COKE_OVEN_GAS       0.1373916E+01  0.1071450E-01  0.4017079E-01  0.5782455E+00  0.3485070E-01  0.1433107E+00  0.1287826E+00  0.0000000E+00  0.0000000E+00  0.0000000E+00  0.0000000E+00  0.0000000E+00  0.0000000E+00  0.0000000E+00  0.0000000E+00  0.0000000E+00  0.0000000E+00  0.0000000E+00  0.0000000E+00  0.2309991E+01
OTHER_GAS           0.0000000E+00  0.9776688E-02  0.3665475E-01  0.5276332E+00  0.3180033E-01  0.1307671E+00  0.1175107E+00  0.0000000E+00  0.0000000E+00  0.0000000E+00  0.0000000E+00  0.0000000E+00  0.0000000E+00  0.0000000E+00  0.0000000E+00  0.0000000E+00  0.0000000E+00  0.0000000E+00  0.0000000E+00  0.8541428E+00
MOTOR_GASOLINE      0.0000000E+00  0.0000000E+00  0.0000000E+00  0.0000000E+00  0.0000000E+00  0.0000000E+00  0.0000000E+00  0.2048642E+03  0.6470018E+01  0.1256369E+02  0.9673896E+01  0.3348867E+02  0.0000000E+00  0.0000000E+00  0.0000000E+00  0.0000000E+00  0.0000000E+00  0.1955378E+00  0.0000000E+00  0.2672560E+03
KEROSENE            0.0000000E+00  0.1629712E-02  0.8478908E-03  0.1117674E-01  0.1651735E-03  0.5571856E-02  0.6416442E-01  0.0000000E+00  0.0000000E+00  0.0000000E+00  0.0000000E+00  0.0000000E+00  0.0000000E+00  0.0000000E+00  0.0000000E+00  0.1636660E+00  0.8614000E-02  0.0000000E+00  0.0000000E+00  0.2558358E+00
OTHER_LF            0.0000000E+00  0.4180179E-04  0.2972441E-04  0.1758723E-03  0.9943318E-05  0.3379320E-04  0.3171216E-02  0.0000000E+00  0.0000000E+00  0.0000000E+00  0.0000000E+00  0.0000000E+00  0.0000000E+00  0.0000000E+00  0.0000000E+00  0.2137625E-01  0.1655907E-01  0.5519690E-02  0.0000000E+00  0.4691736E-01
DIESEL_OIL          0.1183060E+00  0.6517997E-01  0.4208706E-01  0.6222060E-01  0.1736406E-01  0.4038347E+00  0.6437252E+00  0.0000000E+00  0.0000000E+00  0.0000000E+00  0.0000000E+00  0.0000000E+00  0.0000000E+00  0.2849854E+01  0.2515442E+00  0.1722488E+00  0.2010591E+00  0.3857717E+00  0.2635835E-01  0.5239554E+01
CRUDE_OIL           0.0000000E+00  0.2403170E-04  0.1687611E-03  0.4686977E-04  0.6160003E-05  0.1112486E-03  0.1865368E-03  0.0000000E+00  0.0000000E+00  0.0000000E+00  0.0000000E+00  0.0000000E+00  0.0000000E+00  0.0000000E+00  0.0000000E+00  0.0000000E+00  0.0000000E+00  0.0000000E+00  0.0000000E+00  0.5436080E-03
HEAVY_FUEL_OIL      0.2676224E-02  0.3641727E-03  0.2557380E-02  0.7102573E-03  0.9334773E-04  0.1685844E-02  0.2826751E-02  0.0000000E+00  0.0000000E+00  0.0000000E+00  0.0000000E+00  0.0000000E+00  0.0000000E+00  0.2186977E-01  0.0000000E+00  0.0000000E+00  0.0000000E+00  0.0000000E+00  0.0000000E+00  0.3278375E-01
OTHER_HF            0.0000000E+00  0.1489984E-02  0.0000000E+00  0.2905963E-02  0.0000000E+00  0.0000000E+00  0.1156543E-01  0.0000000E+00  0.0000000E+00  0.0000000E+00  0.0000000E+00  0.0000000E+00  0.0000000E+00  0.0000000E+00  0.0000000E+00  0.0000000E+00  0.0000000E+00  0.0000000E+00  0.0000000E+00  0.1596138E-01
FUELWOOD            0.0000000E+00  0.0000000E+00  0.0000000E+00  0.0000000E+00  0.0000000E+00  0.0000000E+00  0.0000000E+00  0.0000000E+00  0.0000000E+00  0.0000000E+00  0.0000000E+00  0.0000000E+00  0.0000000E+00  0.0000000E+00  0.0000000E+00  0.6586580E+04  0.0000000E+00  0.0000000E+00  0.0000000E+00  0.6586580E+04
CROP_RESIDUE        0.0000000E+00  0.0000000E+00  0.0000000E+00  0.0000000E+00  0.0000000E+00  0.0000000E+00  0.0000000E+00  0.0000000E+00  0.0000000E+00  0.0000000E+00  0.0000000E+00  0.0000000E+00  0.0000000E+00  0.0000000E+00  0.0000000E+00  0.9461660E+04  0.0000000E+00  0.0000000E+00  0.0000000E+00  0.9461660E+04
ANIMAL_WASTE        0.0000000E+00  0.0000000E+00  0.0000000E+00  0.0000000E+00  0.0000000E+00  0.0000000E+00  0.0000000E+00  0.0000000E+00  0.0000000E+00  0.0000000E+00  0.0000000E+00  0.0000000E+00  0.0000000E+00  0.0000000E+00  0.0000000E+00  0.0000000E+00  0.0000000E+00  0.0000000E+00  0.0000000E+00  0.0000000E+00
OTHERS              0.0000000E+00  0.0000000E+00  0.0000000E+00  0.0000000E+00  0.0000000E+00  0.0000000E+00  0.0000000E+00  0.0000000E+00  0.0000000E+00  0.0000000E+00  0.0000000E+00  0.0000000E+00  0.0000000E+00  0.0000000E+00  0.0000000E+00  0.3980760E+02  0.0000000E+00  0.0000000E+00  0.0000000E+00  0.3980760E+02
SUB_TOTAL           0.1127239E+03  0.4537533E+02  0.4255304E+02  0.5446881E+02  0.4257662E+01  0.3126356E+02  0.2049550E+02  0.2048642E+03  0.6470018E+01  0.1256369E+02  0.9673896E+01  0.3348867E+02  0.0000000E+00  0.2871724E+01  0.1672932E+01  0.1611627E+05  0.5970937E+01  0.2039168E+02  0.2298938E+00  0.1672560E+05
  
Non-Combustion Sources [t/year]
  
Industry [t/year]
  
Sector
AMMONIA             0.2485224E+03
AMMONIUM_NITRATE    0.3973985E+02
UREA                0.7330265E+03
SUB_TOTAL           0.1021289E+04
  
Agriculture [t/year]
  
Sector
FERTILIZER          0.2270650E+06
MANURE_MANAGEMENT   0.4318604E+05
SUB_TOTAL           0.2702510E+06
  
Others [t/year]
  
Sector
HUMAN               0.2638197E+04
WASTE_WATER         0.1183806E+05
SUB_TOTAL           0.1447626E+05
  
Total [t/year]
  
TOTAL               0.3024742E+06
