Year       : 2007
Country    : CHN
Sub-Region : HEIL
  
Combustion Sources [t/year]
  
Fuel Type           POWER_PLANTS   ENERGY         IRON_STEEL     CHEM_PETRCHEM  NON_FERR_MET   NON_MET_MINE   OTHERS         ROAD_CARS      ROAD_BUSES     ROAD_L_TRUCKS  ROAD_H_TRUCKS  ROAD_MC        ROAD_OTHERS    DOM_NAVI       RAILWAY_ETC    RESIDENT       COMM_PUB       AGR_FORE_FISH  OTHERS         SUB_TOTAL    
HARD_COAL           0.3151169E+03  0.4197045E+02  0.1690895E+02  0.1318546E+02  0.5274991E+00  0.1443893E+02  0.3683632E+02  0.0000000E+00  0.0000000E+00  0.0000000E+00  0.0000000E+00  0.0000000E+00  0.0000000E+00  0.0000000E+00  0.8155000E+01  0.9760462E+01  0.0000000E+00  0.2895925E+01  0.0000000E+00  0.4597959E+03
BROWN_COAL          0.0000000E+00  0.0000000E+00  0.0000000E+00  0.0000000E+00  0.0000000E+00  0.0000000E+00  0.0000000E+00  0.0000000E+00  0.0000000E+00  0.0000000E+00  0.0000000E+00  0.0000000E+00  0.0000000E+00  0.0000000E+00  0.0000000E+00  0.0000000E+00  0.0000000E+00  0.0000000E+00  0.0000000E+00  0.0000000E+00
DERIVED_COAL        0.3834923E+00  0.2430097E+01  0.2466672E+02  0.2359679E+01  0.3012977E+00  0.6726080E+00  0.1129992E+01  0.0000000E+00  0.0000000E+00  0.0000000E+00  0.0000000E+00  0.0000000E+00  0.0000000E+00  0.0000000E+00  0.0000000E+00  0.0000000E+00  0.0000000E+00  0.0000000E+00  0.0000000E+00  0.3194389E+02
NATURAL_GAS         0.1097387E+02  0.3550855E+02  0.0000000E+00  0.5235702E+01  0.0000000E+00  0.5797314E+00  0.6521981E+00  0.0000000E+00  0.0000000E+00  0.0000000E+00  0.0000000E+00  0.0000000E+00  0.0000000E+00  0.0000000E+00  0.0000000E+00  0.0000000E+00  0.0000000E+00  0.0000000E+00  0.0000000E+00  0.5295005E+02
COKE_OVEN_GAS       0.2853518E+01  0.2128816E+01  0.2394109E+00  0.1294113E-01  0.0000000E+00  0.1941169E-01  0.4529394E-01  0.0000000E+00  0.0000000E+00  0.0000000E+00  0.0000000E+00  0.0000000E+00  0.0000000E+00  0.0000000E+00  0.0000000E+00  0.0000000E+00  0.0000000E+00  0.0000000E+00  0.0000000E+00  0.5299392E+01
OTHER_GAS           0.0000000E+00  0.4580738E+00  0.6191448E+00  0.1862089E-02  0.8286298E-01  0.1275531E+00  0.7839393E+00  0.0000000E+00  0.0000000E+00  0.0000000E+00  0.0000000E+00  0.0000000E+00  0.0000000E+00  0.0000000E+00  0.0000000E+00  0.0000000E+00  0.0000000E+00  0.0000000E+00  0.0000000E+00  0.2073436E+01
MOTOR_GASOLINE      0.0000000E+00  0.0000000E+00  0.0000000E+00  0.0000000E+00  0.0000000E+00  0.0000000E+00  0.0000000E+00  0.4384239E+03  0.1479094E+02  0.1600291E+02  0.1367262E+02  0.2115521E+02  0.0000000E+00  0.0000000E+00  0.0000000E+00  0.0000000E+00  0.0000000E+00  0.0000000E+00  0.0000000E+00  0.5040456E+03
KEROSENE            0.0000000E+00  0.7419418E-01  0.1787811E-02  0.8939058E-03  0.2502936E-01  0.2681716E-02  0.2270521E+00  0.0000000E+00  0.0000000E+00  0.0000000E+00  0.0000000E+00  0.0000000E+00  0.0000000E+00  0.0000000E+00  0.0000000E+00  0.0000000E+00  0.0000000E+00  0.0000000E+00  0.0000000E+00  0.3316391E+00
OTHER_LF            0.1393163E+00  0.5297777E-01  0.1416199E-02  0.8681944E-02  0.5962943E-03  0.1573168E-02  0.4596362E-01  0.0000000E+00  0.0000000E+00  0.0000000E+00  0.0000000E+00  0.0000000E+00  0.0000000E+00  0.0000000E+00  0.0000000E+00  0.4651092E+00  0.0000000E+00  0.0000000E+00  0.0000000E+00  0.7156345E+00
DIESEL_OIL          0.3126222E-01  0.2517633E+01  0.4202236E-02  0.1038199E+00  0.2224713E-01  0.9566268E-01  0.4004483E+00  0.0000000E+00  0.0000000E+00  0.0000000E+00  0.0000000E+00  0.0000000E+00  0.0000000E+00  0.4444822E-01  0.7389518E+00  0.4553251E+01  0.5199949E+01  0.1070811E+02  0.0000000E+00  0.2441999E+02
CRUDE_OIL           0.0000000E+00  0.9682741E+00  0.0000000E+00  0.1635728E+00  0.0000000E+00  0.0000000E+00  0.1539509E-03  0.0000000E+00  0.0000000E+00  0.0000000E+00  0.0000000E+00  0.0000000E+00  0.0000000E+00  0.0000000E+00  0.0000000E+00  0.0000000E+00  0.0000000E+00  0.0000000E+00  0.0000000E+00  0.1132001E+01
HEAVY_FUEL_OIL      0.8982077E-01  0.6404531E-01  0.3552093E-02  0.1523094E-01  0.1237851E-02  0.5381959E-04  0.1318580E-01  0.0000000E+00  0.0000000E+00  0.0000000E+00  0.0000000E+00  0.0000000E+00  0.0000000E+00  0.0000000E+00  0.0000000E+00  0.0000000E+00  0.0000000E+00  0.0000000E+00  0.0000000E+00  0.1871266E+00
OTHER_HF            0.0000000E+00  0.5956490E+00  0.0000000E+00  0.1585666E-02  0.0000000E+00  0.0000000E+00  0.1321389E-02  0.0000000E+00  0.0000000E+00  0.0000000E+00  0.0000000E+00  0.0000000E+00  0.0000000E+00  0.0000000E+00  0.0000000E+00  0.0000000E+00  0.0000000E+00  0.0000000E+00  0.0000000E+00  0.5985561E+00
FUELWOOD            0.0000000E+00  0.0000000E+00  0.0000000E+00  0.0000000E+00  0.0000000E+00  0.0000000E+00  0.0000000E+00  0.0000000E+00  0.0000000E+00  0.0000000E+00  0.0000000E+00  0.0000000E+00  0.0000000E+00  0.0000000E+00  0.0000000E+00  0.4516850E+04  0.0000000E+00  0.0000000E+00  0.0000000E+00  0.4516850E+04
CROP_RESIDUE        0.0000000E+00  0.0000000E+00  0.0000000E+00  0.0000000E+00  0.0000000E+00  0.0000000E+00  0.0000000E+00  0.0000000E+00  0.0000000E+00  0.0000000E+00  0.0000000E+00  0.0000000E+00  0.0000000E+00  0.0000000E+00  0.0000000E+00  0.3083899E+05  0.0000000E+00  0.0000000E+00  0.0000000E+00  0.3083899E+05
ANIMAL_WASTE        0.0000000E+00  0.0000000E+00  0.0000000E+00  0.0000000E+00  0.0000000E+00  0.0000000E+00  0.0000000E+00  0.0000000E+00  0.0000000E+00  0.0000000E+00  0.0000000E+00  0.0000000E+00  0.0000000E+00  0.0000000E+00  0.0000000E+00  0.0000000E+00  0.0000000E+00  0.0000000E+00  0.0000000E+00  0.0000000E+00
OTHERS              0.0000000E+00  0.0000000E+00  0.0000000E+00  0.0000000E+00  0.0000000E+00  0.0000000E+00  0.0000000E+00  0.0000000E+00  0.0000000E+00  0.0000000E+00  0.0000000E+00  0.0000000E+00  0.0000000E+00  0.0000000E+00  0.0000000E+00  0.6453300E+01  0.0000000E+00  0.0000000E+00  0.0000000E+00  0.6453300E+01
SUB_TOTAL           0.3295882E+03  0.8676876E+02  0.4244518E+02  0.2108943E+02  0.9607704E+00  0.1593821E+02  0.4013587E+02  0.4384239E+03  0.1479094E+02  0.1600291E+02  0.1367262E+02  0.2115521E+02  0.0000000E+00  0.4444822E-01  0.8893952E+01  0.3537707E+05  0.5199949E+01  0.1360404E+02  0.0000000E+00  0.3644579E+05
  
Non-Combustion Sources [t/year]
  
Industry [t/year]
  
Sector
AMMONIA             0.5258731E+03
AMMONIUM_NITRATE    0.8408947E+02
UREA                0.1551083E+04
SUB_TOTAL           0.2161046E+04
  
Agriculture [t/year]
  
Sector
FERTILIZER          0.3058975E+06
MANURE_MANAGEMENT   0.9628841E+05
SUB_TOTAL           0.4021859E+06
  
Others [t/year]
  
Sector
HUMAN               0.9544704E+04
WASTE_WATER         0.4282880E+05
SUB_TOTAL           0.5237350E+05
  
Total [t/year]
  
TOTAL               0.4931662E+06
