Year       : 2007
Country    : CHN
Sub-Region : SHAN
  
Combustion Sources [t/year]
  
Fuel Type           POWER_PLANTS   ENERGY         IRON_STEEL     CHEM_PETRCHEM  NON_FERR_MET   NON_MET_MINE   OTHERS         ROAD_CARS      ROAD_BUSES     ROAD_L_TRUCKS  ROAD_H_TRUCKS  ROAD_MC        ROAD_OTHERS    DOM_NAVI       RAILWAY_ETC    RESIDENT       COMM_PUB       AGR_FORE_FISH  OTHERS         SUB_TOTAL    
HARD_COAL           0.1974343E+03  0.4307642E+01  0.0000000E+00  0.0000000E+00  0.0000000E+00  0.2604238E+01  0.5029032E+02  0.0000000E+00  0.0000000E+00  0.0000000E+00  0.0000000E+00  0.0000000E+00  0.0000000E+00  0.0000000E+00  0.3837037E+00  0.5982404E+01  0.2733888E+01  0.1296296E+00  0.3046296E+01  0.2669124E+03
BROWN_COAL          0.0000000E+00  0.0000000E+00  0.0000000E+00  0.0000000E+00  0.0000000E+00  0.0000000E+00  0.0000000E+00  0.0000000E+00  0.0000000E+00  0.0000000E+00  0.0000000E+00  0.0000000E+00  0.0000000E+00  0.0000000E+00  0.0000000E+00  0.0000000E+00  0.0000000E+00  0.0000000E+00  0.0000000E+00  0.0000000E+00
DERIVED_COAL        0.0000000E+00  0.1912756E+01  0.0000000E+00  0.0000000E+00  0.0000000E+00  0.2188929E+00  0.8963754E+02  0.0000000E+00  0.0000000E+00  0.0000000E+00  0.0000000E+00  0.0000000E+00  0.0000000E+00  0.0000000E+00  0.0000000E+00  0.0000000E+00  0.1251140E+01  0.0000000E+00  0.1281167E+01  0.9430150E+02
NATURAL_GAS         0.1803077E+02  0.0000000E+00  0.0000000E+00  0.0000000E+00  0.0000000E+00  0.0000000E+00  0.2406168E+02  0.0000000E+00  0.0000000E+00  0.0000000E+00  0.0000000E+00  0.0000000E+00  0.0000000E+00  0.0000000E+00  0.0000000E+00  0.1038679E+02  0.1309639E+01  0.0000000E+00  0.3612797E+01  0.5740168E+02
COKE_OVEN_GAS       0.1343720E+01  0.0000000E+00  0.0000000E+00  0.0000000E+00  0.0000000E+00  0.0000000E+00  0.3428751E+02  0.0000000E+00  0.0000000E+00  0.0000000E+00  0.0000000E+00  0.0000000E+00  0.0000000E+00  0.0000000E+00  0.0000000E+00  0.6039192E+00  0.0000000E+00  0.0000000E+00  0.6039192E-01  0.3629554E+02
OTHER_GAS           0.9007655E+01  0.0000000E+00  0.0000000E+00  0.0000000E+00  0.0000000E+00  0.0000000E+00  0.4589424E+00  0.0000000E+00  0.0000000E+00  0.0000000E+00  0.0000000E+00  0.0000000E+00  0.0000000E+00  0.0000000E+00  0.0000000E+00  0.0000000E+00  0.0000000E+00  0.0000000E+00  0.0000000E+00  0.9466597E+01
MOTOR_GASOLINE      0.0000000E+00  0.0000000E+00  0.0000000E+00  0.0000000E+00  0.0000000E+00  0.0000000E+00  0.0000000E+00  0.4379071E+03  0.1823192E+02  0.6866561E+01  0.9549723E+01  0.5276632E+02  0.0000000E+00  0.0000000E+00  0.0000000E+00  0.0000000E+00  0.0000000E+00  0.7145313E+00  0.0000000E+00  0.5260362E+03
KEROSENE            0.0000000E+00  0.0000000E+00  0.0000000E+00  0.0000000E+00  0.0000000E+00  0.0000000E+00  0.1257644E+00  0.0000000E+00  0.0000000E+00  0.0000000E+00  0.0000000E+00  0.0000000E+00  0.0000000E+00  0.0000000E+00  0.0000000E+00  0.1722800E-02  0.8614000E-02  0.0000000E+00  0.2584200E-02  0.1386854E+00
OTHER_LF            0.2862967E-02  0.0000000E+00  0.0000000E+00  0.0000000E+00  0.0000000E+00  0.0000000E+00  0.7546217E+00  0.0000000E+00  0.0000000E+00  0.0000000E+00  0.0000000E+00  0.0000000E+00  0.0000000E+00  0.0000000E+00  0.0000000E+00  0.1442646E+00  0.3422208E-01  0.0000000E+00  0.4746933E-01  0.9834407E+00
DIESEL_OIL          0.1961551E+00  0.0000000E+00  0.0000000E+00  0.0000000E+00  0.0000000E+00  0.0000000E+00  0.6089389E+01  0.0000000E+00  0.0000000E+00  0.0000000E+00  0.0000000E+00  0.0000000E+00  0.0000000E+00  0.7193213E+01  0.1759459E-01  0.2231265E+01  0.3248819E+01  0.1420817E+01  0.4444140E+01  0.2484139E+02
CRUDE_OIL           0.0000000E+00  0.0000000E+00  0.0000000E+00  0.0000000E+00  0.0000000E+00  0.0000000E+00  0.0000000E+00  0.0000000E+00  0.0000000E+00  0.0000000E+00  0.0000000E+00  0.0000000E+00  0.0000000E+00  0.0000000E+00  0.0000000E+00  0.0000000E+00  0.0000000E+00  0.0000000E+00  0.0000000E+00  0.0000000E+00
HEAVY_FUEL_OIL      0.2033512E+00  0.1831972E-01  0.0000000E+00  0.0000000E+00  0.0000000E+00  0.0000000E+00  0.4148941E+00  0.0000000E+00  0.0000000E+00  0.0000000E+00  0.0000000E+00  0.0000000E+00  0.0000000E+00  0.2880077E+01  0.0000000E+00  0.0000000E+00  0.2508960E-01  0.0000000E+00  0.6816008E-02  0.3548548E+01
OTHER_HF            0.0000000E+00  0.1355270E+00  0.0000000E+00  0.0000000E+00  0.0000000E+00  0.0000000E+00  0.2756403E+01  0.0000000E+00  0.0000000E+00  0.0000000E+00  0.0000000E+00  0.0000000E+00  0.0000000E+00  0.0000000E+00  0.0000000E+00  0.0000000E+00  0.3150854E-01  0.0000000E+00  0.0000000E+00  0.2923439E+01
FUELWOOD            0.0000000E+00  0.0000000E+00  0.0000000E+00  0.0000000E+00  0.0000000E+00  0.0000000E+00  0.0000000E+00  0.0000000E+00  0.0000000E+00  0.0000000E+00  0.0000000E+00  0.0000000E+00  0.0000000E+00  0.0000000E+00  0.0000000E+00  0.1300000E+01  0.0000000E+00  0.0000000E+00  0.0000000E+00  0.1300000E+01
CROP_RESIDUE        0.0000000E+00  0.0000000E+00  0.0000000E+00  0.0000000E+00  0.0000000E+00  0.0000000E+00  0.0000000E+00  0.0000000E+00  0.0000000E+00  0.0000000E+00  0.0000000E+00  0.0000000E+00  0.0000000E+00  0.0000000E+00  0.0000000E+00  0.1300000E+01  0.0000000E+00  0.0000000E+00  0.0000000E+00  0.1300000E+01
ANIMAL_WASTE        0.0000000E+00  0.0000000E+00  0.0000000E+00  0.0000000E+00  0.0000000E+00  0.0000000E+00  0.0000000E+00  0.0000000E+00  0.0000000E+00  0.0000000E+00  0.0000000E+00  0.0000000E+00  0.0000000E+00  0.0000000E+00  0.0000000E+00  0.0000000E+00  0.0000000E+00  0.0000000E+00  0.0000000E+00  0.0000000E+00
OTHERS              0.0000000E+00  0.0000000E+00  0.0000000E+00  0.0000000E+00  0.0000000E+00  0.0000000E+00  0.0000000E+00  0.0000000E+00  0.0000000E+00  0.0000000E+00  0.0000000E+00  0.0000000E+00  0.0000000E+00  0.0000000E+00  0.0000000E+00  0.6496000E+00  0.0000000E+00  0.0000000E+00  0.0000000E+00  0.6496000E+00
SUB_TOTAL           0.2262188E+03  0.6374245E+01  0.0000000E+00  0.0000000E+00  0.0000000E+00  0.2823131E+01  0.2088771E+03  0.4379071E+03  0.1823192E+02  0.6866561E+01  0.9549723E+01  0.5276632E+02  0.0000000E+00  0.1007329E+02  0.4012983E+00  0.2259997E+02  0.8642920E+01  0.2264978E+01  0.1250166E+02  0.1026099E+04
  
Non-Combustion Sources [t/year]
  
Industry [t/year]
  
Sector
AMMONIA             0.8374516E+03
AMMONIUM_NITRATE    0.1339123E+03
UREA                0.2470096E+04
SUB_TOTAL           0.3441460E+04
  
Agriculture [t/year]
  
Sector
FERTILIZER          0.5567590E+05
MANURE_MANAGEMENT   0.8541739E+04
SUB_TOTAL           0.6421764E+05
  
Others [t/year]
  
Sector
HUMAN               0.4637768E+04
WASTE_WATER         0.1486464E+05
SUB_TOTAL           0.1950241E+05
  
Total [t/year]
  
TOTAL               0.8818761E+05
