Year       : 2007
Country    : CHN
Sub-Region : ANHU
  
Combustion Sources [t/year]
  
Fuel Type           POWER_PLANTS   ENERGY         IRON_STEEL     CHEM_PETRCHEM  NON_FERR_MET   NON_MET_MINE   OTHERS         ROAD_CARS      ROAD_BUSES     ROAD_L_TRUCKS  ROAD_H_TRUCKS  ROAD_MC        ROAD_OTHERS    DOM_NAVI       RAILWAY_ETC    RESIDENT       COMM_PUB       AGR_FORE_FISH  OTHERS         SUB_TOTAL    
HARD_COAL           0.2711150E+03  0.7668341E+02  0.1930024E+02  0.3457008E+02  0.8249679E+00  0.4399106E+02  0.1643585E+02  0.0000000E+00  0.0000000E+00  0.0000000E+00  0.0000000E+00  0.0000000E+00  0.0000000E+00  0.0000000E+00  0.9897221E+00  0.0000000E+00  0.4148147E+01  0.2398796E+01  0.1782407E+01  0.4722397E+03
BROWN_COAL          0.0000000E+00  0.0000000E+00  0.0000000E+00  0.0000000E+00  0.0000000E+00  0.0000000E+00  0.0000000E+00  0.0000000E+00  0.0000000E+00  0.0000000E+00  0.0000000E+00  0.0000000E+00  0.0000000E+00  0.0000000E+00  0.0000000E+00  0.0000000E+00  0.0000000E+00  0.0000000E+00  0.0000000E+00  0.0000000E+00
DERIVED_COAL        0.0000000E+00  0.2375322E-02  0.1003241E+03  0.1894640E+01  0.4837653E+00  0.1465494E+00  0.1369039E+01  0.0000000E+00  0.0000000E+00  0.0000000E+00  0.0000000E+00  0.0000000E+00  0.0000000E+00  0.0000000E+00  0.0000000E+00  0.3423642E+02  0.0000000E+00  0.0000000E+00  0.0000000E+00  0.1384569E+03
NATURAL_GAS         0.0000000E+00  0.0000000E+00  0.0000000E+00  0.0000000E+00  0.0000000E+00  0.0000000E+00  0.4786956E+01  0.0000000E+00  0.0000000E+00  0.0000000E+00  0.0000000E+00  0.0000000E+00  0.0000000E+00  0.0000000E+00  0.0000000E+00  0.2867657E+01  0.9031992E+00  0.0000000E+00  0.0000000E+00  0.8557812E+01
COKE_OVEN_GAS       0.3246066E+01  0.0000000E+00  0.0000000E+00  0.0000000E+00  0.0000000E+00  0.0000000E+00  0.2969773E+02  0.0000000E+00  0.0000000E+00  0.0000000E+00  0.0000000E+00  0.0000000E+00  0.0000000E+00  0.0000000E+00  0.0000000E+00  0.1479602E+01  0.0000000E+00  0.0000000E+00  0.0000000E+00  0.3442340E+02
OTHER_GAS           0.4033958E+01  0.0000000E+00  0.0000000E+00  0.0000000E+00  0.0000000E+00  0.0000000E+00  0.2913920E-01  0.0000000E+00  0.0000000E+00  0.0000000E+00  0.0000000E+00  0.0000000E+00  0.0000000E+00  0.0000000E+00  0.0000000E+00  0.0000000E+00  0.0000000E+00  0.0000000E+00  0.0000000E+00  0.4063097E+01
MOTOR_GASOLINE      0.0000000E+00  0.0000000E+00  0.0000000E+00  0.0000000E+00  0.0000000E+00  0.0000000E+00  0.0000000E+00  0.3146465E+03  0.1487507E+02  0.1955688E+02  0.1668255E+02  0.9507224E+02  0.0000000E+00  0.0000000E+00  0.0000000E+00  0.0000000E+00  0.0000000E+00  0.4836761E+00  0.0000000E+00  0.4613169E+03
KEROSENE            0.0000000E+00  0.2290168E-02  0.6970076E-03  0.3763842E-02  0.6472216E-03  0.3295850E-02  0.3323732E-01  0.0000000E+00  0.0000000E+00  0.0000000E+00  0.0000000E+00  0.0000000E+00  0.0000000E+00  0.0000000E+00  0.0000000E+00  0.0000000E+00  0.0000000E+00  0.0000000E+00  0.0000000E+00  0.4393141E-01
OTHER_LF            0.2325778E-01  0.5937277E-02  0.4655365E-02  0.1175485E-01  0.1249266E-02  0.3057872E-02  0.3330687E-01  0.0000000E+00  0.0000000E+00  0.0000000E+00  0.0000000E+00  0.0000000E+00  0.0000000E+00  0.0000000E+00  0.0000000E+00  0.1821497E+00  0.0000000E+00  0.0000000E+00  0.0000000E+00  0.2653690E+00
DIESEL_OIL          0.2451939E-02  0.2343961E+00  0.2344955E-01  0.1321309E+00  0.8980795E-01  0.5413848E+00  0.9853961E+00  0.0000000E+00  0.0000000E+00  0.0000000E+00  0.0000000E+00  0.0000000E+00  0.0000000E+00  0.8364618E+00  0.1163572E+01  0.0000000E+00  0.9194771E-01  0.3447754E+01  0.0000000E+00  0.7548753E+01
CRUDE_OIL           0.0000000E+00  0.1498691E-01  0.0000000E+00  0.2300092E-04  0.0000000E+00  0.5733561E-06  0.1460058E-05  0.0000000E+00  0.0000000E+00  0.0000000E+00  0.0000000E+00  0.0000000E+00  0.0000000E+00  0.0000000E+00  0.0000000E+00  0.0000000E+00  0.0000000E+00  0.0000000E+00  0.0000000E+00  0.1501194E-01
HEAVY_FUEL_OIL      0.0000000E+00  0.6306136E-02  0.1307801E-02  0.4796907E-02  0.2381602E-01  0.1392498E-01  0.5212534E-02  0.0000000E+00  0.0000000E+00  0.0000000E+00  0.0000000E+00  0.0000000E+00  0.0000000E+00  0.0000000E+00  0.0000000E+00  0.0000000E+00  0.0000000E+00  0.0000000E+00  0.0000000E+00  0.5536438E-01
OTHER_HF            0.0000000E+00  0.3686299E-01  0.0000000E+00  0.2804067E-01  0.0000000E+00  0.0000000E+00  0.3047025E-01  0.0000000E+00  0.0000000E+00  0.0000000E+00  0.0000000E+00  0.0000000E+00  0.0000000E+00  0.0000000E+00  0.0000000E+00  0.0000000E+00  0.0000000E+00  0.0000000E+00  0.0000000E+00  0.9537391E-01
FUELWOOD            0.0000000E+00  0.0000000E+00  0.0000000E+00  0.0000000E+00  0.0000000E+00  0.0000000E+00  0.0000000E+00  0.0000000E+00  0.0000000E+00  0.0000000E+00  0.0000000E+00  0.0000000E+00  0.0000000E+00  0.0000000E+00  0.0000000E+00  0.1068392E+05  0.0000000E+00  0.0000000E+00  0.0000000E+00  0.1068392E+05
CROP_RESIDUE        0.0000000E+00  0.0000000E+00  0.0000000E+00  0.0000000E+00  0.0000000E+00  0.0000000E+00  0.0000000E+00  0.0000000E+00  0.0000000E+00  0.0000000E+00  0.0000000E+00  0.0000000E+00  0.0000000E+00  0.0000000E+00  0.0000000E+00  0.3873350E+05  0.0000000E+00  0.0000000E+00  0.0000000E+00  0.3873350E+05
ANIMAL_WASTE        0.0000000E+00  0.0000000E+00  0.0000000E+00  0.0000000E+00  0.0000000E+00  0.0000000E+00  0.0000000E+00  0.0000000E+00  0.0000000E+00  0.0000000E+00  0.0000000E+00  0.0000000E+00  0.0000000E+00  0.0000000E+00  0.0000000E+00  0.0000000E+00  0.0000000E+00  0.0000000E+00  0.0000000E+00  0.0000000E+00
OTHERS              0.0000000E+00  0.0000000E+00  0.0000000E+00  0.0000000E+00  0.0000000E+00  0.0000000E+00  0.0000000E+00  0.0000000E+00  0.0000000E+00  0.0000000E+00  0.0000000E+00  0.0000000E+00  0.0000000E+00  0.0000000E+00  0.0000000E+00  0.2558150E+02  0.0000000E+00  0.0000000E+00  0.0000000E+00  0.2558150E+02
SUB_TOTAL           0.2784207E+03  0.7698656E+02  0.1196544E+03  0.3664523E+02  0.1424254E+01  0.4469927E+02  0.5340634E+02  0.3146465E+03  0.1487507E+02  0.1955688E+02  0.1668255E+02  0.9507224E+02  0.0000000E+00  0.8364618E+00  0.2153294E+01  0.4948177E+05  0.5143294E+01  0.6330226E+01  0.1782407E+01  0.5057008E+05
  
Non-Combustion Sources [t/year]
  
Industry [t/year]
  
Sector
AMMONIA             0.4350130E+03
AMMONIUM_NITRATE    0.6956054E+02
UREA                0.1283088E+04
SUB_TOTAL           0.1787662E+04
  
Agriculture [t/year]
  
Sector
FERTILIZER          0.4426815E+06
MANURE_MANAGEMENT   0.6687619E+05
SUB_TOTAL           0.5095577E+06
  
Others [t/year]
  
Sector
HUMAN               0.1666330E+05
WASTE_WATER         0.7477120E+05
SUB_TOTAL           0.9143450E+05
  
Total [t/year]
  
TOTAL               0.6533499E+06
