Year       : 2007
Country    : CHN
Sub-Region : HUNA
  
Combustion Sources [t/year]
  
Fuel Type           POWER_PLANTS   ENERGY         IRON_STEEL     CHEM_PETRCHEM  NON_FERR_MET   NON_MET_MINE   OTHERS         ROAD_CARS      ROAD_BUSES     ROAD_L_TRUCKS  ROAD_H_TRUCKS  ROAD_MC        ROAD_OTHERS    DOM_NAVI       RAILWAY_ETC    RESIDENT       COMM_PUB       AGR_FORE_FISH  OTHERS         SUB_TOTAL    
HARD_COAL           0.2040425E+03  0.7934993E+02  0.3659280E+02  0.5975573E+02  0.1928228E+02  0.7371210E+02  0.5092026E+02  0.0000000E+00  0.0000000E+00  0.0000000E+00  0.0000000E+00  0.0000000E+00  0.0000000E+00  0.0000000E+00  0.6474998E+00  0.1698795E+02  0.2067091E+02  0.2166564E+02  0.7777776E+00  0.5844054E+03
BROWN_COAL          0.0000000E+00  0.0000000E+00  0.0000000E+00  0.0000000E+00  0.0000000E+00  0.0000000E+00  0.0000000E+00  0.0000000E+00  0.0000000E+00  0.0000000E+00  0.0000000E+00  0.0000000E+00  0.0000000E+00  0.0000000E+00  0.0000000E+00  0.0000000E+00  0.0000000E+00  0.0000000E+00  0.0000000E+00  0.0000000E+00
DERIVED_COAL        0.0000000E+00  0.1128432E-02  0.7831329E+02  0.2455125E+01  0.7224121E+01  0.7907776E+00  0.5789815E+01  0.0000000E+00  0.0000000E+00  0.0000000E+00  0.0000000E+00  0.0000000E+00  0.0000000E+00  0.0000000E+00  0.0000000E+00  0.1865853E+02  0.3858743E+00  0.2151961E+00  0.0000000E+00  0.1138339E+03
NATURAL_GAS         0.0000000E+00  0.4469622E-03  0.1443241E+01  0.5944594E+00  0.2670599E+00  0.2567351E+01  0.3007857E+01  0.0000000E+00  0.0000000E+00  0.0000000E+00  0.0000000E+00  0.0000000E+00  0.0000000E+00  0.0000000E+00  0.0000000E+00  0.2416058E+01  0.2370898E+01  0.0000000E+00  0.0000000E+00  0.1266737E+02
COKE_OVEN_GAS       0.4680374E+00  0.9957481E+00  0.1800187E+02  0.2884255E+00  0.5207283E-02  0.6436779E-01  0.0000000E+00  0.0000000E+00  0.0000000E+00  0.0000000E+00  0.0000000E+00  0.0000000E+00  0.0000000E+00  0.0000000E+00  0.0000000E+00  0.0000000E+00  0.0000000E+00  0.0000000E+00  0.0000000E+00  0.1982366E+02
OTHER_GAS           0.2248271E+01  0.0000000E+00  0.4380424E+01  0.0000000E+00  0.4462645E-01  0.9197945E-01  0.2278058E-02  0.0000000E+00  0.0000000E+00  0.0000000E+00  0.0000000E+00  0.0000000E+00  0.0000000E+00  0.0000000E+00  0.0000000E+00  0.0000000E+00  0.0000000E+00  0.0000000E+00  0.0000000E+00  0.6767579E+01
MOTOR_GASOLINE      0.0000000E+00  0.0000000E+00  0.0000000E+00  0.0000000E+00  0.0000000E+00  0.0000000E+00  0.0000000E+00  0.3772821E+03  0.1330730E+02  0.1663550E+02  0.1460583E+02  0.1185528E+03  0.0000000E+00  0.0000000E+00  0.0000000E+00  0.0000000E+00  0.0000000E+00  0.3652336E+00  0.0000000E+00  0.5407488E+03
KEROSENE            0.0000000E+00  0.2789295E-02  0.4343846E-01  0.8836776E-02  0.8586702E-01  0.5566568E-02  0.8435710E-01  0.0000000E+00  0.0000000E+00  0.0000000E+00  0.0000000E+00  0.0000000E+00  0.0000000E+00  0.0000000E+00  0.0000000E+00  0.0000000E+00  0.1404082E+00  0.0000000E+00  0.0000000E+00  0.3712634E+00
OTHER_LF            0.1814567E-01  0.8485441E-01  0.6845729E-02  0.4256698E-01  0.1035082E-01  0.1672118E-01  0.8163842E-01  0.0000000E+00  0.0000000E+00  0.0000000E+00  0.0000000E+00  0.0000000E+00  0.0000000E+00  0.0000000E+00  0.0000000E+00  0.1335263E+00  0.1022648E+00  0.0000000E+00  0.0000000E+00  0.4969143E+00
DIESEL_OIL          0.1777656E+00  0.9216521E-01  0.1799416E-01  0.4037375E+00  0.5894698E+00  0.3627344E+00  0.3683602E+01  0.0000000E+00  0.0000000E+00  0.0000000E+00  0.0000000E+00  0.0000000E+00  0.0000000E+00  0.8512237E+00  0.1941163E+01  0.0000000E+00  0.1999556E+01  0.3589638E+00  0.5945952E-01  0.1053783E+02
CRUDE_OIL           0.0000000E+00  0.1790887E-01  0.2144786E-06  0.9504084E-05  0.0000000E+00  0.5964650E-04  0.2643448E-05  0.0000000E+00  0.0000000E+00  0.0000000E+00  0.0000000E+00  0.0000000E+00  0.0000000E+00  0.0000000E+00  0.0000000E+00  0.0000000E+00  0.0000000E+00  0.0000000E+00  0.0000000E+00  0.1798088E-01
HEAVY_FUEL_OIL      0.1948626E-01  0.1592993E-01  0.3221151E-02  0.2968478E-02  0.1068366E-01  0.2673432E-01  0.5360876E-02  0.0000000E+00  0.0000000E+00  0.0000000E+00  0.0000000E+00  0.0000000E+00  0.0000000E+00  0.8363200E-01  0.0000000E+00  0.0000000E+00  0.0000000E+00  0.0000000E+00  0.0000000E+00  0.1680167E+00
OTHER_HF            0.0000000E+00  0.1870307E+00  0.0000000E+00  0.4110407E-01  0.0000000E+00  0.0000000E+00  0.3098351E-02  0.0000000E+00  0.0000000E+00  0.0000000E+00  0.0000000E+00  0.0000000E+00  0.0000000E+00  0.0000000E+00  0.0000000E+00  0.0000000E+00  0.0000000E+00  0.0000000E+00  0.0000000E+00  0.2312331E+00
FUELWOOD            0.0000000E+00  0.0000000E+00  0.0000000E+00  0.0000000E+00  0.0000000E+00  0.0000000E+00  0.0000000E+00  0.0000000E+00  0.0000000E+00  0.0000000E+00  0.0000000E+00  0.0000000E+00  0.0000000E+00  0.0000000E+00  0.0000000E+00  0.1305681E+05  0.0000000E+00  0.0000000E+00  0.0000000E+00  0.1305681E+05
CROP_RESIDUE        0.0000000E+00  0.0000000E+00  0.0000000E+00  0.0000000E+00  0.0000000E+00  0.0000000E+00  0.0000000E+00  0.0000000E+00  0.0000000E+00  0.0000000E+00  0.0000000E+00  0.0000000E+00  0.0000000E+00  0.0000000E+00  0.0000000E+00  0.7688720E+04  0.0000000E+00  0.0000000E+00  0.0000000E+00  0.7688720E+04
ANIMAL_WASTE        0.0000000E+00  0.0000000E+00  0.0000000E+00  0.0000000E+00  0.0000000E+00  0.0000000E+00  0.0000000E+00  0.0000000E+00  0.0000000E+00  0.0000000E+00  0.0000000E+00  0.0000000E+00  0.0000000E+00  0.0000000E+00  0.0000000E+00  0.0000000E+00  0.0000000E+00  0.0000000E+00  0.0000000E+00  0.0000000E+00
OTHERS              0.0000000E+00  0.0000000E+00  0.0000000E+00  0.0000000E+00  0.0000000E+00  0.0000000E+00  0.0000000E+00  0.0000000E+00  0.0000000E+00  0.0000000E+00  0.0000000E+00  0.0000000E+00  0.0000000E+00  0.0000000E+00  0.0000000E+00  0.1273433E+03  0.0000000E+00  0.0000000E+00  0.0000000E+00  0.1273433E+03
SUB_TOTAL           0.2069742E+03  0.8074793E+02  0.1388031E+03  0.6359296E+02  0.2751967E+02  0.7763839E+02  0.6357827E+02  0.3772821E+03  0.1330730E+02  0.1663550E+02  0.1460583E+02  0.1185528E+03  0.0000000E+00  0.9348557E+00  0.2588663E+01  0.2091107E+05  0.2566991E+02  0.2260503E+02  0.8372371E+00  0.2216294E+05
  
Non-Combustion Sources [t/year]
  
Industry [t/year]
  
Sector
AMMONIA             0.5336136E+03
AMMONIUM_NITRATE    0.8532722E+02
UREA                0.1573914E+04
SUB_TOTAL           0.2192855E+04
  
Agriculture [t/year]
  
Sector
FERTILIZER          0.4519249E+06
MANURE_MANAGEMENT   0.1432755E+06
SUB_TOTAL           0.5952004E+06
  
Others [t/year]
  
Sector
HUMAN               0.2463302E+05
WASTE_WATER         0.1105328E+06
SUB_TOTAL           0.1351658E+06
  
Total [t/year]
  
TOTAL               0.7547220E+06
