Year       : 2007
Country    : CHN
Sub-Region : HAIN
  
Combustion Sources [t/year]
  
Fuel Type           POWER_PLANTS   ENERGY         IRON_STEEL     CHEM_PETRCHEM  NON_FERR_MET   NON_MET_MINE   OTHERS         ROAD_CARS      ROAD_BUSES     ROAD_L_TRUCKS  ROAD_H_TRUCKS  ROAD_MC        ROAD_OTHERS    DOM_NAVI       RAILWAY_ETC    RESIDENT       COMM_PUB       AGR_FORE_FISH  OTHERS         SUB_TOTAL    
HARD_COAL           0.2330177E+02  0.8817076E+00  0.0000000E+00  0.0000000E+00  0.0000000E+00  0.1528968E+01  0.2294231E+01  0.0000000E+00  0.0000000E+00  0.0000000E+00  0.0000000E+00  0.0000000E+00  0.0000000E+00  0.0000000E+00  0.0000000E+00  0.0000000E+00  0.0000000E+00  0.0000000E+00  0.0000000E+00  0.2800668E+02
BROWN_COAL          0.0000000E+00  0.0000000E+00  0.0000000E+00  0.0000000E+00  0.0000000E+00  0.0000000E+00  0.0000000E+00  0.0000000E+00  0.0000000E+00  0.0000000E+00  0.0000000E+00  0.0000000E+00  0.0000000E+00  0.0000000E+00  0.0000000E+00  0.0000000E+00  0.0000000E+00  0.0000000E+00  0.0000000E+00  0.0000000E+00
DERIVED_COAL        0.0000000E+00  0.1055190E+00  0.0000000E+00  0.0000000E+00  0.0000000E+00  0.0000000E+00  0.2770852E+01  0.0000000E+00  0.0000000E+00  0.0000000E+00  0.0000000E+00  0.0000000E+00  0.0000000E+00  0.0000000E+00  0.0000000E+00  0.1230669E+00  0.6987024E-01  0.0000000E+00  0.0000000E+00  0.3069308E+01
NATURAL_GAS         0.1381895E+02  0.0000000E+00  0.0000000E+00  0.0000000E+00  0.0000000E+00  0.0000000E+00  0.3782146E+02  0.0000000E+00  0.0000000E+00  0.0000000E+00  0.0000000E+00  0.0000000E+00  0.0000000E+00  0.0000000E+00  0.0000000E+00  0.0000000E+00  0.5644995E+00  0.0000000E+00  0.0000000E+00  0.5220491E+02
COKE_OVEN_GAS       0.0000000E+00  0.0000000E+00  0.0000000E+00  0.0000000E+00  0.0000000E+00  0.0000000E+00  0.0000000E+00  0.0000000E+00  0.0000000E+00  0.0000000E+00  0.0000000E+00  0.0000000E+00  0.0000000E+00  0.0000000E+00  0.0000000E+00  0.0000000E+00  0.0000000E+00  0.0000000E+00  0.0000000E+00  0.0000000E+00
OTHER_GAS           0.0000000E+00  0.0000000E+00  0.0000000E+00  0.0000000E+00  0.0000000E+00  0.0000000E+00  0.0000000E+00  0.0000000E+00  0.0000000E+00  0.0000000E+00  0.0000000E+00  0.0000000E+00  0.0000000E+00  0.0000000E+00  0.0000000E+00  0.0000000E+00  0.0000000E+00  0.0000000E+00  0.0000000E+00  0.0000000E+00
MOTOR_GASOLINE      0.0000000E+00  0.0000000E+00  0.0000000E+00  0.0000000E+00  0.0000000E+00  0.0000000E+00  0.0000000E+00  0.7142786E+02  0.2515868E+01  0.3729492E+01  0.1821067E+01  0.2947532E+02  0.0000000E+00  0.0000000E+00  0.0000000E+00  0.0000000E+00  0.0000000E+00  0.1378240E+00  0.0000000E+00  0.1091074E+03
KEROSENE            0.0000000E+00  0.0000000E+00  0.0000000E+00  0.0000000E+00  0.0000000E+00  0.0000000E+00  0.1722800E-02  0.0000000E+00  0.0000000E+00  0.0000000E+00  0.0000000E+00  0.0000000E+00  0.0000000E+00  0.0000000E+00  0.0000000E+00  0.0000000E+00  0.0000000E+00  0.0000000E+00  0.0000000E+00  0.1722800E-02
OTHER_LF            0.8980725E-02  0.0000000E+00  0.0000000E+00  0.0000000E+00  0.0000000E+00  0.0000000E+00  0.9739326E-01  0.0000000E+00  0.0000000E+00  0.0000000E+00  0.0000000E+00  0.0000000E+00  0.0000000E+00  0.0000000E+00  0.0000000E+00  0.3261635E-01  0.1756265E-01  0.0000000E+00  0.0000000E+00  0.1565530E+00
DIESEL_OIL          0.3432714E-01  0.0000000E+00  0.0000000E+00  0.0000000E+00  0.0000000E+00  0.0000000E+00  0.6375041E+00  0.0000000E+00  0.0000000E+00  0.0000000E+00  0.0000000E+00  0.0000000E+00  0.0000000E+00  0.5674891E+00  0.1834160E-02  0.0000000E+00  0.1011425E+00  0.1445009E+01  0.1532462E+00  0.2940552E+01
CRUDE_OIL           0.0000000E+00  0.6248267E-03  0.0000000E+00  0.0000000E+00  0.0000000E+00  0.0000000E+00  0.1263084E-01  0.0000000E+00  0.0000000E+00  0.0000000E+00  0.0000000E+00  0.0000000E+00  0.0000000E+00  0.0000000E+00  0.0000000E+00  0.0000000E+00  0.0000000E+00  0.0000000E+00  0.0000000E+00  0.1325567E-01
HEAVY_FUEL_OIL      0.6230584E-02  0.1072258E-02  0.0000000E+00  0.0000000E+00  0.0000000E+00  0.0000000E+00  0.2167564E-01  0.0000000E+00  0.0000000E+00  0.0000000E+00  0.0000000E+00  0.0000000E+00  0.0000000E+00  0.5540620E-01  0.0000000E+00  0.0000000E+00  0.0000000E+00  0.0000000E+00  0.0000000E+00  0.8438468E-01
OTHER_HF            0.0000000E+00  0.7133704E-02  0.0000000E+00  0.0000000E+00  0.0000000E+00  0.0000000E+00  0.1442075E+00  0.0000000E+00  0.0000000E+00  0.0000000E+00  0.0000000E+00  0.0000000E+00  0.0000000E+00  0.0000000E+00  0.0000000E+00  0.0000000E+00  0.0000000E+00  0.0000000E+00  0.0000000E+00  0.1513412E+00
FUELWOOD            0.0000000E+00  0.0000000E+00  0.0000000E+00  0.0000000E+00  0.0000000E+00  0.0000000E+00  0.0000000E+00  0.0000000E+00  0.0000000E+00  0.0000000E+00  0.0000000E+00  0.0000000E+00  0.0000000E+00  0.0000000E+00  0.0000000E+00  0.2236000E+04  0.0000000E+00  0.0000000E+00  0.0000000E+00  0.2236000E+04
CROP_RESIDUE        0.0000000E+00  0.0000000E+00  0.0000000E+00  0.0000000E+00  0.0000000E+00  0.0000000E+00  0.0000000E+00  0.0000000E+00  0.0000000E+00  0.0000000E+00  0.0000000E+00  0.0000000E+00  0.0000000E+00  0.0000000E+00  0.0000000E+00  0.1005420E+04  0.0000000E+00  0.0000000E+00  0.0000000E+00  0.1005420E+04
ANIMAL_WASTE        0.0000000E+00  0.0000000E+00  0.0000000E+00  0.0000000E+00  0.0000000E+00  0.0000000E+00  0.0000000E+00  0.0000000E+00  0.0000000E+00  0.0000000E+00  0.0000000E+00  0.0000000E+00  0.0000000E+00  0.0000000E+00  0.0000000E+00  0.0000000E+00  0.0000000E+00  0.0000000E+00  0.0000000E+00  0.0000000E+00
OTHERS              0.0000000E+00  0.0000000E+00  0.0000000E+00  0.0000000E+00  0.0000000E+00  0.0000000E+00  0.0000000E+00  0.0000000E+00  0.0000000E+00  0.0000000E+00  0.0000000E+00  0.0000000E+00  0.0000000E+00  0.0000000E+00  0.0000000E+00  0.2528820E+02  0.0000000E+00  0.0000000E+00  0.0000000E+00  0.2528820E+02
SUB_TOTAL           0.3717026E+02  0.9960574E+00  0.0000000E+00  0.0000000E+00  0.0000000E+00  0.1528968E+01  0.4380168E+02  0.7142786E+02  0.2515868E+01  0.3729492E+01  0.1821067E+01  0.2947532E+02  0.0000000E+00  0.6228953E+00  0.1834160E-02  0.3266864E+04  0.7530749E+00  0.1582833E+01  0.1532462E+00  0.3462444E+04
  
Non-Combustion Sources [t/year]
  
Industry [t/year]
  
Sector
AMMONIA             0.4400111E+02
AMMONIUM_NITRATE    0.7035975E+01
UREA                0.1297830E+03
SUB_TOTAL           0.1808201E+03
  
Agriculture [t/year]
  
Sector
FERTILIZER          0.7177489E+05
MANURE_MANAGEMENT   0.3749270E+05
SUB_TOTAL           0.1092676E+06
  
Others [t/year]
  
Sector
HUMAN               0.2119753E+04
WASTE_WATER         0.9511712E+04
SUB_TOTAL           0.1163147E+05
  
Total [t/year]
  
TOTAL               0.1245423E+06
