Year       : 2007
Country    : CHN
Sub-Region : ZHEJ
  
Combustion Sources [t/year]
  
Fuel Type           POWER_PLANTS   ENERGY         IRON_STEEL     CHEM_PETRCHEM  NON_FERR_MET   NON_MET_MINE   OTHERS         ROAD_CARS      ROAD_BUSES     ROAD_L_TRUCKS  ROAD_H_TRUCKS  ROAD_MC        ROAD_OTHERS    DOM_NAVI       RAILWAY_ETC    RESIDENT       COMM_PUB       AGR_FORE_FISH  OTHERS         SUB_TOTAL    
HARD_COAL           0.6027128E+03  0.2687245E+02  0.0000000E+00  0.0000000E+00  0.0000000E+00  0.7825402E+02  0.1180296E+03  0.0000000E+00  0.0000000E+00  0.0000000E+00  0.0000000E+00  0.0000000E+00  0.0000000E+00  0.0000000E+00  0.2540740E+00  0.0000000E+00  0.1587963E+01  0.5924072E+00  0.0000000E+00  0.8283033E+03
BROWN_COAL          0.0000000E+00  0.0000000E+00  0.0000000E+00  0.0000000E+00  0.0000000E+00  0.0000000E+00  0.0000000E+00  0.0000000E+00  0.0000000E+00  0.0000000E+00  0.0000000E+00  0.0000000E+00  0.0000000E+00  0.0000000E+00  0.0000000E+00  0.0000000E+00  0.0000000E+00  0.0000000E+00  0.0000000E+00  0.0000000E+00
DERIVED_COAL        0.4763880E-02  0.1385875E+01  0.0000000E+00  0.0000000E+00  0.0000000E+00  0.3503729E+00  0.3548926E+02  0.0000000E+00  0.0000000E+00  0.0000000E+00  0.0000000E+00  0.0000000E+00  0.0000000E+00  0.0000000E+00  0.0000000E+00  0.7191078E+01  0.4763880E+00  0.0000000E+00  0.0000000E+00  0.4489774E+02
NATURAL_GAS         0.3291130E+02  0.0000000E+00  0.0000000E+00  0.0000000E+00  0.0000000E+00  0.0000000E+00  0.9483592E+01  0.0000000E+00  0.0000000E+00  0.0000000E+00  0.0000000E+00  0.0000000E+00  0.0000000E+00  0.0000000E+00  0.0000000E+00  0.6096595E+01  0.2257998E+00  0.0000000E+00  0.0000000E+00  0.4871729E+02
COKE_OVEN_GAS       0.3321556E+00  0.0000000E+00  0.0000000E+00  0.0000000E+00  0.0000000E+00  0.0000000E+00  0.3200772E+01  0.0000000E+00  0.0000000E+00  0.0000000E+00  0.0000000E+00  0.0000000E+00  0.0000000E+00  0.0000000E+00  0.0000000E+00  0.0000000E+00  0.0000000E+00  0.0000000E+00  0.0000000E+00  0.3532928E+01
OTHER_GAS           0.3642400E+00  0.0000000E+00  0.0000000E+00  0.0000000E+00  0.0000000E+00  0.0000000E+00  0.1011677E+01  0.0000000E+00  0.0000000E+00  0.0000000E+00  0.0000000E+00  0.0000000E+00  0.0000000E+00  0.0000000E+00  0.0000000E+00  0.0000000E+00  0.0000000E+00  0.0000000E+00  0.0000000E+00  0.1375917E+01
MOTOR_GASOLINE      0.0000000E+00  0.0000000E+00  0.0000000E+00  0.0000000E+00  0.0000000E+00  0.0000000E+00  0.0000000E+00  0.1710174E+04  0.2715571E+02  0.5678945E+02  0.1253860E+02  0.1197992E+03  0.0000000E+00  0.0000000E+00  0.0000000E+00  0.0000000E+00  0.0000000E+00  0.3014900E+00  0.0000000E+00  0.1926758E+04
KEROSENE            0.0000000E+00  0.0000000E+00  0.0000000E+00  0.0000000E+00  0.0000000E+00  0.0000000E+00  0.4444824E+00  0.0000000E+00  0.0000000E+00  0.0000000E+00  0.0000000E+00  0.0000000E+00  0.0000000E+00  0.0000000E+00  0.0000000E+00  0.0000000E+00  0.0000000E+00  0.0000000E+00  0.0000000E+00  0.4444824E+00
OTHER_LF            0.4605500E-03  0.0000000E+00  0.0000000E+00  0.0000000E+00  0.0000000E+00  0.0000000E+00  0.4231697E+00  0.0000000E+00  0.0000000E+00  0.0000000E+00  0.0000000E+00  0.0000000E+00  0.0000000E+00  0.0000000E+00  0.0000000E+00  0.8528925E+00  0.1254475E+00  0.0000000E+00  0.5017900E-01  0.1452149E+01
DIESEL_OIL          0.1734747E+00  0.0000000E+00  0.0000000E+00  0.0000000E+00  0.0000000E+00  0.0000000E+00  0.1986071E+02  0.0000000E+00  0.0000000E+00  0.0000000E+00  0.0000000E+00  0.0000000E+00  0.0000000E+00  0.6651280E+01  0.3687509E+00  0.7355816E+00  0.9194770E+00  0.1278800E+02  0.9194770E+00  0.4241675E+02
CRUDE_OIL           0.6335124E-01  0.3185424E-04  0.0000000E+00  0.0000000E+00  0.0000000E+00  0.0000000E+00  0.6372018E-03  0.0000000E+00  0.0000000E+00  0.0000000E+00  0.0000000E+00  0.0000000E+00  0.0000000E+00  0.0000000E+00  0.0000000E+00  0.0000000E+00  0.0000000E+00  0.0000000E+00  0.0000000E+00  0.6402030E-01
HEAVY_FUEL_OIL      0.1243354E+00  0.3020578E-01  0.0000000E+00  0.0000000E+00  0.0000000E+00  0.0000000E+00  0.6042266E+00  0.0000000E+00  0.0000000E+00  0.0000000E+00  0.0000000E+00  0.0000000E+00  0.0000000E+00  0.1756272E+00  0.0000000E+00  0.0000000E+00  0.1254480E-01  0.0000000E+00  0.4181600E-02  0.9511214E+00
OTHER_HF            0.0000000E+00  0.2199784E-01  0.0000000E+00  0.0000000E+00  0.0000000E+00  0.0000000E+00  0.4400376E+00  0.0000000E+00  0.0000000E+00  0.0000000E+00  0.0000000E+00  0.0000000E+00  0.0000000E+00  0.0000000E+00  0.0000000E+00  0.0000000E+00  0.0000000E+00  0.0000000E+00  0.0000000E+00  0.4620354E+00
FUELWOOD            0.0000000E+00  0.0000000E+00  0.0000000E+00  0.0000000E+00  0.0000000E+00  0.0000000E+00  0.0000000E+00  0.0000000E+00  0.0000000E+00  0.0000000E+00  0.0000000E+00  0.0000000E+00  0.0000000E+00  0.0000000E+00  0.0000000E+00  0.3490240E+04  0.0000000E+00  0.0000000E+00  0.0000000E+00  0.3490240E+04
CROP_RESIDUE        0.0000000E+00  0.0000000E+00  0.0000000E+00  0.0000000E+00  0.0000000E+00  0.0000000E+00  0.0000000E+00  0.0000000E+00  0.0000000E+00  0.0000000E+00  0.0000000E+00  0.0000000E+00  0.0000000E+00  0.0000000E+00  0.0000000E+00  0.3800030E+04  0.0000000E+00  0.0000000E+00  0.0000000E+00  0.3800030E+04
ANIMAL_WASTE        0.0000000E+00  0.0000000E+00  0.0000000E+00  0.0000000E+00  0.0000000E+00  0.0000000E+00  0.0000000E+00  0.0000000E+00  0.0000000E+00  0.0000000E+00  0.0000000E+00  0.0000000E+00  0.0000000E+00  0.0000000E+00  0.0000000E+00  0.0000000E+00  0.0000000E+00  0.0000000E+00  0.0000000E+00  0.0000000E+00
OTHERS              0.0000000E+00  0.0000000E+00  0.0000000E+00  0.0000000E+00  0.0000000E+00  0.0000000E+00  0.0000000E+00  0.0000000E+00  0.0000000E+00  0.0000000E+00  0.0000000E+00  0.0000000E+00  0.0000000E+00  0.0000000E+00  0.0000000E+00  0.1474970E+02  0.0000000E+00  0.0000000E+00  0.0000000E+00  0.1474970E+02
SUB_TOTAL           0.6366869E+03  0.2831056E+02  0.0000000E+00  0.0000000E+00  0.0000000E+00  0.7860439E+02  0.1889882E+03  0.1710174E+04  0.2715571E+02  0.5678945E+02  0.1253860E+02  0.1197992E+03  0.0000000E+00  0.6826907E+01  0.6228249E+00  0.7319896E+04  0.3347620E+01  0.1368190E+02  0.9738376E+00  0.1020440E+05
  
Non-Combustion Sources [t/year]
  
Industry [t/year]
  
Sector
AMMONIA             0.1437722E+04
AMMONIUM_NITRATE    0.2298982E+03
UREA                0.4240617E+04
SUB_TOTAL           0.5908237E+04
  
Agriculture [t/year]
  
Sector
FERTILIZER          0.1998917E+06
MANURE_MANAGEMENT   0.3135322E+05
SUB_TOTAL           0.2312449E+06
  
Others [t/year]
  
Sector
HUMAN               0.1162971E+05
WASTE_WATER         0.5218461E+05
SUB_TOTAL           0.6381432E+05
  
Total [t/year]
  
TOTAL               0.3111719E+06
