Year       : 2007
Country    : CHN
Sub-Region : SHNX
  
Combustion Sources [t/year]
  
Fuel Type           POWER_PLANTS   ENERGY         IRON_STEEL     CHEM_PETRCHEM  NON_FERR_MET   NON_MET_MINE   OTHERS         ROAD_CARS      ROAD_BUSES     ROAD_L_TRUCKS  ROAD_H_TRUCKS  ROAD_MC        ROAD_OTHERS    DOM_NAVI       RAILWAY_ETC    RESIDENT       COMM_PUB       AGR_FORE_FISH  OTHERS         SUB_TOTAL    
HARD_COAL           0.5354895E+03  0.1219542E+03  0.1458366E+02  0.1038011E+02  0.9644247E+01  0.6497511E+01  0.6211717E+01  0.0000000E+00  0.0000000E+00  0.0000000E+00  0.0000000E+00  0.0000000E+00  0.0000000E+00  0.0000000E+00  0.3539537E+01  0.3688560E+02  0.4225926E+01  0.6504166E+01  0.2381296E+01  0.7582975E+03
BROWN_COAL          0.0000000E+00  0.0000000E+00  0.0000000E+00  0.0000000E+00  0.0000000E+00  0.0000000E+00  0.0000000E+00  0.0000000E+00  0.0000000E+00  0.0000000E+00  0.0000000E+00  0.0000000E+00  0.0000000E+00  0.0000000E+00  0.0000000E+00  0.0000000E+00  0.0000000E+00  0.0000000E+00  0.0000000E+00  0.0000000E+00
DERIVED_COAL        0.0000000E+00  0.1322156E+02  0.2539362E+03  0.3059001E+02  0.3153766E+01  0.2532110E+01  0.7523526E+01  0.0000000E+00  0.0000000E+00  0.0000000E+00  0.0000000E+00  0.0000000E+00  0.0000000E+00  0.0000000E+00  0.0000000E+00  0.2990788E+01  0.5794943E+01  0.6255700E+00  0.0000000E+00  0.3203685E+03
NATURAL_GAS         0.1219319E+01  0.0000000E+00  0.0000000E+00  0.0000000E+00  0.0000000E+00  0.0000000E+00  0.9754550E+01  0.0000000E+00  0.0000000E+00  0.0000000E+00  0.0000000E+00  0.0000000E+00  0.0000000E+00  0.0000000E+00  0.0000000E+00  0.2619278E+01  0.4967596E+00  0.0000000E+00  0.2709598E+00  0.1436087E+02
COKE_OVEN_GAS       0.3843945E+02  0.0000000E+00  0.0000000E+00  0.0000000E+00  0.0000000E+00  0.0000000E+00  0.2078388E+03  0.0000000E+00  0.0000000E+00  0.0000000E+00  0.0000000E+00  0.0000000E+00  0.0000000E+00  0.0000000E+00  0.0000000E+00  0.1636622E+02  0.5737232E+01  0.0000000E+00  0.0000000E+00  0.2683817E+03
OTHER_GAS           0.6629168E+01  0.0000000E+00  0.0000000E+00  0.0000000E+00  0.0000000E+00  0.0000000E+00  0.5096628E+01  0.0000000E+00  0.0000000E+00  0.0000000E+00  0.0000000E+00  0.0000000E+00  0.0000000E+00  0.0000000E+00  0.0000000E+00  0.0000000E+00  0.0000000E+00  0.0000000E+00  0.0000000E+00  0.1172580E+02
MOTOR_GASOLINE      0.0000000E+00  0.0000000E+00  0.0000000E+00  0.0000000E+00  0.0000000E+00  0.0000000E+00  0.0000000E+00  0.5497751E+03  0.8517611E+01  0.1795844E+02  0.1511736E+02  0.9024258E+02  0.0000000E+00  0.0000000E+00  0.0000000E+00  0.0000000E+00  0.0000000E+00  0.5073646E+00  0.0000000E+00  0.6821185E+03
KEROSENE            0.0000000E+00  0.1011988E+00  0.3396558E-01  0.2198456E-01  0.5699700E-02  0.7328188E-02  0.2363820E-01  0.0000000E+00  0.0000000E+00  0.0000000E+00  0.0000000E+00  0.0000000E+00  0.0000000E+00  0.0000000E+00  0.0000000E+00  0.3101040E-01  0.1808940E-01  0.3445600E-02  0.2067360E-01  0.2670340E+00
OTHER_LF            0.0000000E+00  0.3850413E-02  0.1292323E-02  0.8364693E-03  0.2168624E-03  0.2788231E-03  0.1102137E-02  0.0000000E+00  0.0000000E+00  0.0000000E+00  0.0000000E+00  0.0000000E+00  0.0000000E+00  0.0000000E+00  0.0000000E+00  0.2433682E-01  0.1756265E-02  0.0000000E+00  0.3010740E-03  0.3397119E-01
DIESEL_OIL          0.0000000E+00  0.2237612E+01  0.5703508E-01  0.3294933E+00  0.1644839E+00  0.2012693E+00  0.6189770E+00  0.0000000E+00  0.0000000E+00  0.0000000E+00  0.0000000E+00  0.0000000E+00  0.0000000E+00  0.0000000E+00  0.2093094E+01  0.0000000E+00  0.2390640E+00  0.2373477E+01  0.3996660E+00  0.8714172E+01
CRUDE_OIL           0.0000000E+00  0.0000000E+00  0.0000000E+00  0.0000000E+00  0.0000000E+00  0.0000000E+00  0.0000000E+00  0.0000000E+00  0.0000000E+00  0.0000000E+00  0.0000000E+00  0.0000000E+00  0.0000000E+00  0.0000000E+00  0.0000000E+00  0.0000000E+00  0.0000000E+00  0.0000000E+00  0.0000000E+00  0.0000000E+00
HEAVY_FUEL_OIL      0.0000000E+00  0.3190184E-01  0.1257994E-01  0.4124263E-02  0.2485858E-02  0.3013160E-02  0.6068165E-02  0.0000000E+00  0.0000000E+00  0.0000000E+00  0.0000000E+00  0.0000000E+00  0.0000000E+00  0.0000000E+00  0.0000000E+00  0.0000000E+00  0.0000000E+00  0.0000000E+00  0.0000000E+00  0.6017323E-01
OTHER_HF            0.0000000E+00  0.1234453E-01  0.0000000E+00  0.1595898E-02  0.0000000E+00  0.0000000E+00  0.8270979E-03  0.0000000E+00  0.0000000E+00  0.0000000E+00  0.0000000E+00  0.0000000E+00  0.0000000E+00  0.0000000E+00  0.0000000E+00  0.0000000E+00  0.0000000E+00  0.0000000E+00  0.0000000E+00  0.1476753E-01
FUELWOOD            0.0000000E+00  0.0000000E+00  0.0000000E+00  0.0000000E+00  0.0000000E+00  0.0000000E+00  0.0000000E+00  0.0000000E+00  0.0000000E+00  0.0000000E+00  0.0000000E+00  0.0000000E+00  0.0000000E+00  0.0000000E+00  0.0000000E+00  0.2999360E+04  0.0000000E+00  0.0000000E+00  0.0000000E+00  0.2999360E+04
CROP_RESIDUE        0.0000000E+00  0.0000000E+00  0.0000000E+00  0.0000000E+00  0.0000000E+00  0.0000000E+00  0.0000000E+00  0.0000000E+00  0.0000000E+00  0.0000000E+00  0.0000000E+00  0.0000000E+00  0.0000000E+00  0.0000000E+00  0.0000000E+00  0.1505257E+05  0.0000000E+00  0.0000000E+00  0.0000000E+00  0.1505257E+05
ANIMAL_WASTE        0.0000000E+00  0.0000000E+00  0.0000000E+00  0.0000000E+00  0.0000000E+00  0.0000000E+00  0.0000000E+00  0.0000000E+00  0.0000000E+00  0.0000000E+00  0.0000000E+00  0.0000000E+00  0.0000000E+00  0.0000000E+00  0.0000000E+00  0.0000000E+00  0.0000000E+00  0.0000000E+00  0.0000000E+00  0.0000000E+00
OTHERS              0.0000000E+00  0.0000000E+00  0.0000000E+00  0.0000000E+00  0.0000000E+00  0.0000000E+00  0.0000000E+00  0.0000000E+00  0.0000000E+00  0.0000000E+00  0.0000000E+00  0.0000000E+00  0.0000000E+00  0.0000000E+00  0.0000000E+00  0.2080470E+02  0.0000000E+00  0.0000000E+00  0.0000000E+00  0.2080470E+02
SUB_TOTAL           0.5817774E+03  0.1375627E+03  0.2686247E+03  0.4132815E+02  0.1297090E+02  0.9241510E+01  0.2370758E+03  0.5497751E+03  0.8517611E+01  0.1795844E+02  0.1511736E+02  0.9024258E+02  0.0000000E+00  0.0000000E+00  0.5632631E+01  0.1813165E+05  0.1651377E+02  0.1001402E+02  0.3072896E+01  0.2013708E+05
  
Non-Combustion Sources [t/year]
  
Industry [t/year]
  
Sector
AMMONIA             0.4966291E+03
AMMONIUM_NITRATE    0.7941323E+02
UREA                0.1464827E+04
SUB_TOTAL           0.2040869E+04
  
Agriculture [t/year]
  
Sector
FERTILIZER          0.1530741E+06
MANURE_MANAGEMENT   0.4717511E+05
SUB_TOTAL           0.2002492E+06
  
Others [t/year]
  
Sector
HUMAN               0.2732421E+04
WASTE_WATER         0.1226086E+05
SUB_TOTAL           0.1499328E+05
  
Total [t/year]
  
TOTAL               0.2374204E+06
