Year       : 2007
Country    : CHN
Sub-Region : SICH
  
Combustion Sources [t/year]
  
Fuel Type           POWER_PLANTS   ENERGY         IRON_STEEL     CHEM_PETRCHEM  NON_FERR_MET   NON_MET_MINE   OTHERS         ROAD_CARS      ROAD_BUSES     ROAD_L_TRUCKS  ROAD_H_TRUCKS  ROAD_MC        ROAD_OTHERS    DOM_NAVI       RAILWAY_ETC    RESIDENT       COMM_PUB       AGR_FORE_FISH  OTHERS         SUB_TOTAL    
HARD_COAL           0.2210113E+03  0.4964742E+01  0.0000000E+00  0.0000000E+00  0.0000000E+00  0.1853424E+02  0.1274685E+03  0.0000000E+00  0.0000000E+00  0.0000000E+00  0.0000000E+00  0.0000000E+00  0.0000000E+00  0.0000000E+00  0.8237055E+00  0.3902564E+02  0.3205286E+01  0.1971666E+01  0.9176477E+00  0.4179227E+03
BROWN_COAL          0.0000000E+00  0.0000000E+00  0.0000000E+00  0.0000000E+00  0.0000000E+00  0.0000000E+00  0.0000000E+00  0.0000000E+00  0.0000000E+00  0.0000000E+00  0.0000000E+00  0.0000000E+00  0.0000000E+00  0.0000000E+00  0.0000000E+00  0.0000000E+00  0.0000000E+00  0.0000000E+00  0.0000000E+00  0.0000000E+00
DERIVED_COAL        0.0000000E+00  0.4922012E+01  0.0000000E+00  0.0000000E+00  0.0000000E+00  0.0000000E+00  0.1369610E+03  0.0000000E+00  0.0000000E+00  0.0000000E+00  0.0000000E+00  0.0000000E+00  0.0000000E+00  0.0000000E+00  0.0000000E+00  0.4253876E-01  0.9871497E+00  0.0000000E+00  0.2252052E-01  0.1429352E+03
NATURAL_GAS         0.4470836E+01  0.0000000E+00  0.0000000E+00  0.0000000E+00  0.0000000E+00  0.1136742E+02  0.7281073E+02  0.0000000E+00  0.0000000E+00  0.0000000E+00  0.0000000E+00  0.0000000E+00  0.0000000E+00  0.0000000E+00  0.0000000E+00  0.6290784E+02  0.9302951E+01  0.4515996E-01  0.3161197E+00  0.1612211E+03
COKE_OVEN_GAS       0.1207838E+01  0.0000000E+00  0.0000000E+00  0.0000000E+00  0.0000000E+00  0.0000000E+00  0.0000000E+00  0.0000000E+00  0.0000000E+00  0.0000000E+00  0.0000000E+00  0.0000000E+00  0.0000000E+00  0.0000000E+00  0.0000000E+00  0.0000000E+00  0.0000000E+00  0.0000000E+00  0.0000000E+00  0.1207838E+01
OTHER_GAS           0.2256467E+01  0.0000000E+00  0.0000000E+00  0.0000000E+00  0.0000000E+00  0.0000000E+00  0.0000000E+00  0.0000000E+00  0.0000000E+00  0.0000000E+00  0.0000000E+00  0.0000000E+00  0.0000000E+00  0.0000000E+00  0.0000000E+00  0.0000000E+00  0.0000000E+00  0.0000000E+00  0.0000000E+00  0.2256467E+01
MOTOR_GASOLINE      0.0000000E+00  0.0000000E+00  0.0000000E+00  0.0000000E+00  0.0000000E+00  0.0000000E+00  0.0000000E+00  0.7862886E+03  0.1430781E+02  0.2966726E+02  0.2007033E+02  0.1109956E+03  0.0000000E+00  0.0000000E+00  0.0000000E+00  0.0000000E+00  0.0000000E+00  0.2131965E+00  0.0000000E+00  0.9615428E+03
KEROSENE            0.0000000E+00  0.0000000E+00  0.0000000E+00  0.0000000E+00  0.0000000E+00  0.0000000E+00  0.4281158E+00  0.0000000E+00  0.0000000E+00  0.0000000E+00  0.0000000E+00  0.0000000E+00  0.0000000E+00  0.0000000E+00  0.0000000E+00  0.6718920E-01  0.2411920E+00  0.1119820E-01  0.1808940E-01  0.7657846E+00
OTHER_LF            0.0000000E+00  0.0000000E+00  0.0000000E+00  0.0000000E+00  0.0000000E+00  0.0000000E+00  0.3833676E-01  0.0000000E+00  0.0000000E+00  0.0000000E+00  0.0000000E+00  0.0000000E+00  0.0000000E+00  0.0000000E+00  0.0000000E+00  0.0000000E+00  0.0000000E+00  0.0000000E+00  0.0000000E+00  0.3833676E-01
DIESEL_OIL          0.0000000E+00  0.0000000E+00  0.0000000E+00  0.0000000E+00  0.0000000E+00  0.0000000E+00  0.2983396E+01  0.0000000E+00  0.0000000E+00  0.0000000E+00  0.0000000E+00  0.0000000E+00  0.0000000E+00  0.1170123E+00  0.8508925E+00  0.1710227E+00  0.2884705E+01  0.6683005E+01  0.1023684E+01  0.1471372E+02
CRUDE_OIL           0.0000000E+00  0.5161176E-03  0.0000000E+00  0.0000000E+00  0.0000000E+00  0.0000000E+00  0.1035604E-01  0.0000000E+00  0.0000000E+00  0.0000000E+00  0.0000000E+00  0.0000000E+00  0.0000000E+00  0.0000000E+00  0.0000000E+00  0.0000000E+00  0.0000000E+00  0.0000000E+00  0.0000000E+00  0.1087216E-01
HEAVY_FUEL_OIL      0.8948624E-02  0.3989986E-03  0.0000000E+00  0.0000000E+00  0.0000000E+00  0.0000000E+00  0.1624377E-01  0.0000000E+00  0.0000000E+00  0.0000000E+00  0.0000000E+00  0.0000000E+00  0.0000000E+00  0.0000000E+00  0.0000000E+00  0.0000000E+00  0.4014336E-02  0.2927120E-03  0.0000000E+00  0.2989844E-01
OTHER_HF            0.0000000E+00  0.1732738E-01  0.0000000E+00  0.0000000E+00  0.0000000E+00  0.0000000E+00  0.3476786E+00  0.0000000E+00  0.0000000E+00  0.0000000E+00  0.0000000E+00  0.0000000E+00  0.0000000E+00  0.0000000E+00  0.0000000E+00  0.0000000E+00  0.0000000E+00  0.0000000E+00  0.0000000E+00  0.3650060E+00
FUELWOOD            0.0000000E+00  0.0000000E+00  0.0000000E+00  0.0000000E+00  0.0000000E+00  0.0000000E+00  0.0000000E+00  0.0000000E+00  0.0000000E+00  0.0000000E+00  0.0000000E+00  0.0000000E+00  0.0000000E+00  0.0000000E+00  0.0000000E+00  0.1760681E+05  0.0000000E+00  0.0000000E+00  0.0000000E+00  0.1760681E+05
CROP_RESIDUE        0.0000000E+00  0.0000000E+00  0.0000000E+00  0.0000000E+00  0.0000000E+00  0.0000000E+00  0.0000000E+00  0.0000000E+00  0.0000000E+00  0.0000000E+00  0.0000000E+00  0.0000000E+00  0.0000000E+00  0.0000000E+00  0.0000000E+00  0.5117632E+05  0.0000000E+00  0.0000000E+00  0.0000000E+00  0.5117632E+05
ANIMAL_WASTE        0.0000000E+00  0.0000000E+00  0.0000000E+00  0.0000000E+00  0.0000000E+00  0.0000000E+00  0.0000000E+00  0.0000000E+00  0.0000000E+00  0.0000000E+00  0.0000000E+00  0.0000000E+00  0.0000000E+00  0.0000000E+00  0.0000000E+00  0.0000000E+00  0.0000000E+00  0.0000000E+00  0.0000000E+00  0.0000000E+00
OTHERS              0.0000000E+00  0.0000000E+00  0.0000000E+00  0.0000000E+00  0.0000000E+00  0.0000000E+00  0.0000000E+00  0.0000000E+00  0.0000000E+00  0.0000000E+00  0.0000000E+00  0.0000000E+00  0.0000000E+00  0.0000000E+00  0.0000000E+00  0.2096619E+03  0.0000000E+00  0.0000000E+00  0.0000000E+00  0.2096619E+03
SUB_TOTAL           0.2289554E+03  0.9904996E+01  0.0000000E+00  0.0000000E+00  0.0000000E+00  0.2990166E+02  0.3410644E+03  0.7862886E+03  0.1430781E+02  0.2966726E+02  0.2007033E+02  0.1109956E+03  0.0000000E+00  0.1170123E+00  0.1674598E+01  0.6909501E+05  0.1662530E+02  0.8924518E+01  0.2298061E+01  0.7069580E+05
  
Non-Combustion Sources [t/year]
  
Industry [t/year]
  
Sector
AMMONIA             0.6186616E+03
AMMONIUM_NITRATE    0.9892677E+02
UREA                0.1824766E+04
SUB_TOTAL           0.2542354E+04
  
Agriculture [t/year]
  
Sector
FERTILIZER          0.5751122E+06
MANURE_MANAGEMENT   0.1956778E+06
SUB_TOTAL           0.7707900E+06
  
Others [t/year]
  
Sector
HUMAN               0.2200274E+05
WASTE_WATER         0.9873025E+05
SUB_TOTAL           0.1207330E+06
  
Total [t/year]
  
TOTAL               0.9647611E+06
