Year       : 2007
Country    : CHN
Sub-Region : NINX
  
Combustion Sources [t/year]
  
Fuel Type           POWER_PLANTS   ENERGY         IRON_STEEL     CHEM_PETRCHEM  NON_FERR_MET   NON_MET_MINE   OTHERS         ROAD_CARS      ROAD_BUSES     ROAD_L_TRUCKS  ROAD_H_TRUCKS  ROAD_MC        ROAD_OTHERS    DOM_NAVI       RAILWAY_ETC    RESIDENT       COMM_PUB       AGR_FORE_FISH  OTHERS         SUB_TOTAL    
HARD_COAL           0.1498276E+03  0.3132745E+02  0.3134482E+01  0.1100519E+02  0.1338035E+01  0.5866565E+01  0.4511755E+01  0.0000000E+00  0.0000000E+00  0.0000000E+00  0.0000000E+00  0.0000000E+00  0.0000000E+00  0.0000000E+00  0.8652776E+00  0.6249444E+01  0.2592592E+00  0.2916666E+00  0.2592592E+00  0.2149360E+03
BROWN_COAL          0.0000000E+00  0.0000000E+00  0.0000000E+00  0.0000000E+00  0.0000000E+00  0.0000000E+00  0.0000000E+00  0.0000000E+00  0.0000000E+00  0.0000000E+00  0.0000000E+00  0.0000000E+00  0.0000000E+00  0.0000000E+00  0.0000000E+00  0.0000000E+00  0.0000000E+00  0.0000000E+00  0.0000000E+00  0.0000000E+00
DERIVED_COAL        0.0000000E+00  0.4950451E+00  0.5927272E+01  0.2400003E+01  0.6998841E-01  0.2191145E+00  0.1638779E-01  0.0000000E+00  0.0000000E+00  0.0000000E+00  0.0000000E+00  0.0000000E+00  0.0000000E+00  0.0000000E+00  0.0000000E+00  0.0000000E+00  0.0000000E+00  0.0000000E+00  0.0000000E+00  0.9127811E+01
NATURAL_GAS         0.6322394E+00  0.0000000E+00  0.2522227E-03  0.1796666E+01  0.1358359E+00  0.1244298E-01  0.4184094E-01  0.0000000E+00  0.0000000E+00  0.0000000E+00  0.0000000E+00  0.0000000E+00  0.0000000E+00  0.0000000E+00  0.0000000E+00  0.3386997E+01  0.0000000E+00  0.0000000E+00  0.0000000E+00  0.6006274E+01
COKE_OVEN_GAS       0.0000000E+00  0.0000000E+00  0.1490809E+01  0.1046308E-01  0.1790089E+01  0.0000000E+00  0.0000000E+00  0.0000000E+00  0.0000000E+00  0.0000000E+00  0.0000000E+00  0.0000000E+00  0.0000000E+00  0.0000000E+00  0.0000000E+00  0.0000000E+00  0.0000000E+00  0.0000000E+00  0.0000000E+00  0.3291361E+01
OTHER_GAS           0.0000000E+00  0.5570236E-02  0.2625163E-02  0.0000000E+00  0.0000000E+00  0.0000000E+00  0.0000000E+00  0.0000000E+00  0.0000000E+00  0.0000000E+00  0.0000000E+00  0.0000000E+00  0.0000000E+00  0.0000000E+00  0.0000000E+00  0.0000000E+00  0.0000000E+00  0.0000000E+00  0.0000000E+00  0.8195399E-02
MOTOR_GASOLINE      0.0000000E+00  0.0000000E+00  0.0000000E+00  0.0000000E+00  0.0000000E+00  0.0000000E+00  0.0000000E+00  0.6637448E+02  0.2194935E+01  0.4824732E+01  0.2981552E+01  0.1245174E+02  0.0000000E+00  0.0000000E+00  0.0000000E+00  0.0000000E+00  0.0000000E+00  0.5168400E-01  0.0000000E+00  0.8887912E+02
KEROSENE            0.0000000E+00  0.0000000E+00  0.0000000E+00  0.0000000E+00  0.0000000E+00  0.0000000E+00  0.0000000E+00  0.0000000E+00  0.0000000E+00  0.0000000E+00  0.0000000E+00  0.0000000E+00  0.0000000E+00  0.0000000E+00  0.0000000E+00  0.0000000E+00  0.0000000E+00  0.0000000E+00  0.0000000E+00  0.0000000E+00
OTHER_LF            0.0000000E+00  0.2658275E-02  0.2943403E-02  0.3075002E-02  0.2153817E-02  0.1947647E-02  0.1121652E-01  0.0000000E+00  0.0000000E+00  0.0000000E+00  0.0000000E+00  0.0000000E+00  0.0000000E+00  0.0000000E+00  0.0000000E+00  0.1415048E-01  0.0000000E+00  0.0000000E+00  0.0000000E+00  0.3814514E-01
DIESEL_OIL          0.0000000E+00  0.1894621E+00  0.9336881E-03  0.1633824E+00  0.2422649E-01  0.6712999E-01  0.1186124E+00  0.0000000E+00  0.0000000E+00  0.0000000E+00  0.0000000E+00  0.0000000E+00  0.0000000E+00  0.0000000E+00  0.6617051E+00  0.0000000E+00  0.1225969E+00  0.2811557E+00  0.1225969E+00  0.1751802E+01
CRUDE_OIL           0.0000000E+00  0.0000000E+00  0.0000000E+00  0.0000000E+00  0.0000000E+00  0.0000000E+00  0.0000000E+00  0.0000000E+00  0.0000000E+00  0.0000000E+00  0.0000000E+00  0.0000000E+00  0.0000000E+00  0.0000000E+00  0.0000000E+00  0.0000000E+00  0.0000000E+00  0.0000000E+00  0.0000000E+00  0.0000000E+00
HEAVY_FUEL_OIL      0.0000000E+00  0.5453909E-03  0.2010658E-05  0.1332564E-02  0.0000000E+00  0.7037303E-05  0.3292454E-03  0.0000000E+00  0.0000000E+00  0.0000000E+00  0.0000000E+00  0.0000000E+00  0.0000000E+00  0.0000000E+00  0.0000000E+00  0.0000000E+00  0.0000000E+00  0.0000000E+00  0.0000000E+00  0.2216248E-02
OTHER_HF            0.0000000E+00  0.3443608E-02  0.0000000E+00  0.4393009E-01  0.0000000E+00  0.0000000E+00  0.1422509E-02  0.0000000E+00  0.0000000E+00  0.0000000E+00  0.0000000E+00  0.0000000E+00  0.0000000E+00  0.0000000E+00  0.0000000E+00  0.0000000E+00  0.0000000E+00  0.0000000E+00  0.0000000E+00  0.4879621E-01
FUELWOOD            0.0000000E+00  0.0000000E+00  0.0000000E+00  0.0000000E+00  0.0000000E+00  0.0000000E+00  0.0000000E+00  0.0000000E+00  0.0000000E+00  0.0000000E+00  0.0000000E+00  0.0000000E+00  0.0000000E+00  0.0000000E+00  0.0000000E+00  0.1823900E+03  0.0000000E+00  0.0000000E+00  0.0000000E+00  0.1823900E+03
CROP_RESIDUE        0.0000000E+00  0.0000000E+00  0.0000000E+00  0.0000000E+00  0.0000000E+00  0.0000000E+00  0.0000000E+00  0.0000000E+00  0.0000000E+00  0.0000000E+00  0.0000000E+00  0.0000000E+00  0.0000000E+00  0.0000000E+00  0.0000000E+00  0.1840540E+04  0.0000000E+00  0.0000000E+00  0.0000000E+00  0.1840540E+04
ANIMAL_WASTE        0.0000000E+00  0.0000000E+00  0.0000000E+00  0.0000000E+00  0.0000000E+00  0.0000000E+00  0.0000000E+00  0.0000000E+00  0.0000000E+00  0.0000000E+00  0.0000000E+00  0.0000000E+00  0.0000000E+00  0.0000000E+00  0.0000000E+00  0.0000000E+00  0.0000000E+00  0.0000000E+00  0.0000000E+00  0.0000000E+00
OTHERS              0.0000000E+00  0.0000000E+00  0.0000000E+00  0.0000000E+00  0.0000000E+00  0.0000000E+00  0.0000000E+00  0.0000000E+00  0.0000000E+00  0.0000000E+00  0.0000000E+00  0.0000000E+00  0.0000000E+00  0.0000000E+00  0.0000000E+00  0.6746600E+01  0.0000000E+00  0.0000000E+00  0.0000000E+00  0.6746600E+01
SUB_TOTAL           0.1504598E+03  0.3202417E+02  0.1055932E+02  0.1542404E+02  0.3360329E+01  0.6167207E+01  0.4701564E+01  0.6637448E+02  0.2194935E+01  0.4824732E+01  0.2981552E+01  0.1245174E+02  0.0000000E+00  0.0000000E+00  0.1526983E+01  0.2039327E+04  0.3818561E+00  0.6245063E+00  0.3818561E+00  0.2353766E+04
  
Non-Combustion Sources [t/year]
  
Industry [t/year]
  
Sector
AMMONIA             0.6010023E+02
AMMONIUM_NITRATE    0.9610298E+01
UREA                0.1772680E+03
SUB_TOTAL           0.2469785E+03
  
Agriculture [t/year]
  
Sector
FERTILIZER          0.5716934E+05
MANURE_MANAGEMENT   0.3138546E+05
SUB_TOTAL           0.8855480E+05
  
Others [t/year]
  
Sector
HUMAN               0.1523189E+04
WASTE_WATER         0.6834823E+04
SUB_TOTAL           0.8358012E+04
  
Total [t/year]
  
TOTAL               0.9951356E+05
