Year       : 2007
Country    : CHN
Sub-Region : XING
  
Combustion Sources [t/year]
  
Fuel Type           POWER_PLANTS   ENERGY         IRON_STEEL     CHEM_PETRCHEM  NON_FERR_MET   NON_MET_MINE   OTHERS         ROAD_CARS      ROAD_BUSES     ROAD_L_TRUCKS  ROAD_H_TRUCKS  ROAD_MC        ROAD_OTHERS    DOM_NAVI       RAILWAY_ETC    RESIDENT       COMM_PUB       AGR_FORE_FISH  OTHERS         SUB_TOTAL    
HARD_COAL           0.1605101E+03  0.3545889E+02  0.1278236E+02  0.7431396E+01  0.2049412E+01  0.1520248E+02  0.1537899E+02  0.0000000E+00  0.0000000E+00  0.0000000E+00  0.0000000E+00  0.0000000E+00  0.0000000E+00  0.0000000E+00  0.3564814E+01  0.1380555E+02  0.2398148E+01  0.6581942E+01  0.2592592E+01  0.2777567E+03
BROWN_COAL          0.0000000E+00  0.0000000E+00  0.0000000E+00  0.0000000E+00  0.0000000E+00  0.0000000E+00  0.0000000E+00  0.0000000E+00  0.0000000E+00  0.0000000E+00  0.0000000E+00  0.0000000E+00  0.0000000E+00  0.0000000E+00  0.0000000E+00  0.0000000E+00  0.0000000E+00  0.0000000E+00  0.0000000E+00  0.0000000E+00
DERIVED_COAL        0.0000000E+00  0.6097004E-01  0.2907255E+02  0.5691806E+01  0.4598157E+00  0.3569287E+00  0.5271369E+00  0.0000000E+00  0.0000000E+00  0.0000000E+00  0.0000000E+00  0.0000000E+00  0.0000000E+00  0.0000000E+00  0.0000000E+00  0.0000000E+00  0.0000000E+00  0.0000000E+00  0.0000000E+00  0.3616921E+02
NATURAL_GAS         0.3048297E+02  0.8999600E+02  0.7069603E-01  0.1834561E+02  0.0000000E+00  0.1413921E+00  0.1237180E+00  0.0000000E+00  0.0000000E+00  0.0000000E+00  0.0000000E+00  0.0000000E+00  0.0000000E+00  0.0000000E+00  0.0000000E+00  0.6096595E+01  0.2528958E+01  0.0000000E+00  0.1174159E+01  0.1489601E+03
COKE_OVEN_GAS       0.4469003E+01  0.3988351E+01  0.3133034E-02  0.8130220E+00  0.0000000E+00  0.6266069E-02  0.5482809E-02  0.0000000E+00  0.0000000E+00  0.0000000E+00  0.0000000E+00  0.0000000E+00  0.0000000E+00  0.0000000E+00  0.0000000E+00  0.2415677E+00  0.0000000E+00  0.0000000E+00  0.0000000E+00  0.9526826E+01
OTHER_GAS           0.3351008E+00  0.1621250E+01  0.1273567E-02  0.3304904E+00  0.0000000E+00  0.2547134E-02  0.2228741E-02  0.0000000E+00  0.0000000E+00  0.0000000E+00  0.0000000E+00  0.0000000E+00  0.0000000E+00  0.0000000E+00  0.0000000E+00  0.0000000E+00  0.0000000E+00  0.0000000E+00  0.0000000E+00  0.2292891E+01
MOTOR_GASOLINE      0.0000000E+00  0.0000000E+00  0.0000000E+00  0.0000000E+00  0.0000000E+00  0.0000000E+00  0.0000000E+00  0.2156828E+03  0.7391645E+01  0.1155891E+02  0.7241244E+01  0.2779434E+02  0.0000000E+00  0.0000000E+00  0.0000000E+00  0.0000000E+00  0.0000000E+00  0.4987506E+00  0.0000000E+00  0.2701677E+03
KEROSENE            0.0000000E+00  0.2953372E-02  0.9844568E-03  0.1968914E-02  0.0000000E+00  0.0000000E+00  0.9844568E-03  0.0000000E+00  0.0000000E+00  0.0000000E+00  0.0000000E+00  0.0000000E+00  0.0000000E+00  0.0000000E+00  0.0000000E+00  0.3617880E-01  0.4134720E-01  0.4134720E-01  0.6029800E-01  0.1860624E+00
OTHER_LF            0.8529386E-01  0.1587581E+00  0.2716024E-01  0.3459698E-01  0.7760068E-02  0.1228677E-01  0.5108711E-01  0.0000000E+00  0.0000000E+00  0.0000000E+00  0.0000000E+00  0.0000000E+00  0.0000000E+00  0.0000000E+00  0.0000000E+00  0.7291009E-01  0.1906802E-01  0.0000000E+00  0.1038705E-01  0.4793083E+00
DIESEL_OIL          0.2370413E+01  0.1404866E+01  0.3112854E-01  0.2473413E+00  0.2448924E+00  0.6016192E+00  0.1095989E+01  0.0000000E+00  0.0000000E+00  0.0000000E+00  0.0000000E+00  0.0000000E+00  0.0000000E+00  0.0000000E+00  0.7381896E+00  0.3751466E+00  0.1409865E+01  0.3929640E+01  0.1612150E+01  0.1406124E+02
CRUDE_OIL           0.3763440E-03  0.3288410E+00  0.0000000E+00  0.0000000E+00  0.0000000E+00  0.0000000E+00  0.0000000E+00  0.0000000E+00  0.0000000E+00  0.0000000E+00  0.0000000E+00  0.0000000E+00  0.0000000E+00  0.0000000E+00  0.0000000E+00  0.0000000E+00  0.0000000E+00  0.0000000E+00  0.0000000E+00  0.3292173E+00
HEAVY_FUEL_OIL      0.5436080E-03  0.9220609E-01  0.0000000E+00  0.0000000E+00  0.8318095E-04  0.0000000E+00  0.2495428E-03  0.0000000E+00  0.0000000E+00  0.0000000E+00  0.0000000E+00  0.0000000E+00  0.0000000E+00  0.0000000E+00  0.0000000E+00  0.0000000E+00  0.0000000E+00  0.0000000E+00  0.0000000E+00  0.9308242E-01
OTHER_HF            0.0000000E+00  0.7019027E+00  0.0000000E+00  0.0000000E+00  0.0000000E+00  0.0000000E+00  0.1923315E-01  0.0000000E+00  0.0000000E+00  0.0000000E+00  0.0000000E+00  0.0000000E+00  0.0000000E+00  0.0000000E+00  0.0000000E+00  0.0000000E+00  0.7703800E-03  0.0000000E+00  0.0000000E+00  0.7219062E+00
FUELWOOD            0.0000000E+00  0.0000000E+00  0.0000000E+00  0.0000000E+00  0.0000000E+00  0.0000000E+00  0.0000000E+00  0.0000000E+00  0.0000000E+00  0.0000000E+00  0.0000000E+00  0.0000000E+00  0.0000000E+00  0.0000000E+00  0.0000000E+00  0.5171400E+04  0.0000000E+00  0.0000000E+00  0.0000000E+00  0.5171400E+04
CROP_RESIDUE        0.0000000E+00  0.0000000E+00  0.0000000E+00  0.0000000E+00  0.0000000E+00  0.0000000E+00  0.0000000E+00  0.0000000E+00  0.0000000E+00  0.0000000E+00  0.0000000E+00  0.0000000E+00  0.0000000E+00  0.0000000E+00  0.0000000E+00  0.7066800E+04  0.0000000E+00  0.0000000E+00  0.0000000E+00  0.7066800E+04
ANIMAL_WASTE        0.0000000E+00  0.0000000E+00  0.0000000E+00  0.0000000E+00  0.0000000E+00  0.0000000E+00  0.0000000E+00  0.0000000E+00  0.0000000E+00  0.0000000E+00  0.0000000E+00  0.0000000E+00  0.0000000E+00  0.0000000E+00  0.0000000E+00  0.0000000E+00  0.0000000E+00  0.0000000E+00  0.0000000E+00  0.0000000E+00
OTHERS              0.0000000E+00  0.0000000E+00  0.0000000E+00  0.0000000E+00  0.0000000E+00  0.0000000E+00  0.0000000E+00  0.0000000E+00  0.0000000E+00  0.0000000E+00  0.0000000E+00  0.0000000E+00  0.0000000E+00  0.0000000E+00  0.0000000E+00  0.7668500E+01  0.0000000E+00  0.0000000E+00  0.0000000E+00  0.7668500E+01
SUB_TOTAL           0.1982538E+03  0.1338150E+03  0.4198929E+02  0.3289623E+02  0.2761963E+01  0.1632352E+02  0.1720510E+02  0.2156828E+03  0.7391645E+01  0.1155891E+02  0.7241244E+01  0.2779434E+02  0.0000000E+00  0.0000000E+00  0.4303004E+01  0.1226650E+05  0.6398157E+01  0.1105168E+02  0.5449586E+01  0.1300661E+05
  
Non-Combustion Sources [t/year]
  
Industry [t/year]
  
Sector
AMMONIA             0.2221015E+03
AMMONIUM_NITRATE    0.3551503E+02
UREA                0.6550971E+03
SUB_TOTAL           0.9127136E+03
  
Agriculture [t/year]
  
Sector
FERTILIZER          0.2007981E+06
MANURE_MANAGEMENT   0.1271393E+06
SUB_TOTAL           0.3279374E+06
  
Others [t/year]
  
Sector
HUMAN               0.5229594E+04
WASTE_WATER         0.2346613E+05
SUB_TOTAL           0.2869572E+05
  
Total [t/year]
  
TOTAL               0.3705525E+06
