Year       : 2007
Country    : CHN
Sub-Region : GANS
  
Combustion Sources [t/year]
  
Fuel Type           POWER_PLANTS   ENERGY         IRON_STEEL     CHEM_PETRCHEM  NON_FERR_MET   NON_MET_MINE   OTHERS         ROAD_CARS      ROAD_BUSES     ROAD_L_TRUCKS  ROAD_H_TRUCKS  ROAD_MC        ROAD_OTHERS    DOM_NAVI       RAILWAY_ETC    RESIDENT       COMM_PUB       AGR_FORE_FISH  OTHERS         SUB_TOTAL    
HARD_COAL           0.1528689E+03  0.7945307E+01  0.2018186E+02  0.8095409E+01  0.4410484E+01  0.1156882E+02  0.6172709E+01  0.0000000E+00  0.0000000E+00  0.0000000E+00  0.0000000E+00  0.0000000E+00  0.0000000E+00  0.0000000E+00  0.3538241E+01  0.2313888E+02  0.1490740E+01  0.2449999E+01  0.1004629E+01  0.2428660E+03
BROWN_COAL          0.0000000E+00  0.0000000E+00  0.0000000E+00  0.0000000E+00  0.0000000E+00  0.0000000E+00  0.0000000E+00  0.0000000E+00  0.0000000E+00  0.0000000E+00  0.0000000E+00  0.0000000E+00  0.0000000E+00  0.0000000E+00  0.0000000E+00  0.0000000E+00  0.0000000E+00  0.0000000E+00  0.0000000E+00  0.0000000E+00
DERIVED_COAL        0.0000000E+00  0.0000000E+00  0.6132047E+02  0.2898995E+01  0.2653132E+01  0.1494757E+01  0.2100025E+00  0.0000000E+00  0.0000000E+00  0.0000000E+00  0.0000000E+00  0.0000000E+00  0.0000000E+00  0.0000000E+00  0.0000000E+00  0.3969900E+01  0.0000000E+00  0.0000000E+00  0.0000000E+00  0.7254726E+02
NATURAL_GAS         0.1399959E+01  0.5982480E+01  0.1068300E-01  0.2895093E+01  0.4700520E+00  0.1217863E+01  0.4202789E+00  0.0000000E+00  0.0000000E+00  0.0000000E+00  0.0000000E+00  0.0000000E+00  0.0000000E+00  0.0000000E+00  0.0000000E+00  0.1625759E+01  0.1016099E+01  0.0000000E+00  0.5193395E+00  0.1555761E+02
COKE_OVEN_GAS       0.3034694E+01  0.9529288E+01  0.1701659E-01  0.4611495E+01  0.7487298E+00  0.1939892E+01  0.5615475E+00  0.0000000E+00  0.0000000E+00  0.0000000E+00  0.0000000E+00  0.0000000E+00  0.0000000E+00  0.0000000E+00  0.0000000E+00  0.6190172E+00  0.0000000E+00  0.0000000E+00  0.0000000E+00  0.2106168E+02
OTHER_GAS           0.7193740E-01  0.1914130E+00  0.3418088E-03  0.9263018E-01  0.1503959E-01  0.3896623E-01  0.1127969E-01  0.0000000E+00  0.0000000E+00  0.0000000E+00  0.0000000E+00  0.0000000E+00  0.0000000E+00  0.0000000E+00  0.0000000E+00  0.0000000E+00  0.0000000E+00  0.0000000E+00  0.0000000E+00  0.4216079E+00
MOTOR_GASOLINE      0.0000000E+00  0.0000000E+00  0.0000000E+00  0.0000000E+00  0.0000000E+00  0.0000000E+00  0.0000000E+00  0.1160601E+03  0.5190297E+01  0.7840055E+01  0.5966642E+01  0.1408973E+02  0.0000000E+00  0.0000000E+00  0.0000000E+00  0.0000000E+00  0.0000000E+00  0.1399775E+00  0.0000000E+00  0.1492868E+03
KEROSENE            0.0000000E+00  0.5841369E-02  0.2503444E-02  0.1668962E-02  0.7510332E-02  0.1668962E-02  0.9233131E-02  0.0000000E+00  0.0000000E+00  0.0000000E+00  0.0000000E+00  0.0000000E+00  0.0000000E+00  0.0000000E+00  0.0000000E+00  0.8614000E-03  0.8614000E-03  0.8614000E-03  0.1722800E-02  0.3273320E-01
OTHER_LF            0.8137919E-01  0.8540297E-01  0.1861347E-01  0.2573491E-01  0.2866837E-01  0.1094910E-01  0.4462670E-01  0.0000000E+00  0.0000000E+00  0.0000000E+00  0.0000000E+00  0.0000000E+00  0.0000000E+00  0.0000000E+00  0.0000000E+00  0.2503933E-01  0.1003580E-03  0.0000000E+00  0.0000000E+00  0.3205144E+00
DIESEL_OIL          0.1838955E-01  0.2191800E+00  0.6233373E-02  0.5342892E-01  0.1876083E+00  0.9896494E-01  0.6640084E+00  0.0000000E+00  0.0000000E+00  0.0000000E+00  0.0000000E+00  0.0000000E+00  0.0000000E+00  0.7554075E-03  0.5744120E+00  0.1838955E-02  0.4597386E-01  0.1588857E+01  0.6742831E-01  0.3527079E+01
CRUDE_OIL           0.0000000E+00  0.2400238E-01  0.0000000E+00  0.0000000E+00  0.0000000E+00  0.0000000E+00  0.0000000E+00  0.0000000E+00  0.0000000E+00  0.0000000E+00  0.0000000E+00  0.0000000E+00  0.0000000E+00  0.0000000E+00  0.0000000E+00  0.0000000E+00  0.0000000E+00  0.0000000E+00  0.0000000E+00  0.2400238E-01
HEAVY_FUEL_OIL      0.2028076E-01  0.1178450E-01  0.3084947E-04  0.4349774E-02  0.2298285E-01  0.3084947E-03  0.1850968E-03  0.0000000E+00  0.0000000E+00  0.0000000E+00  0.0000000E+00  0.0000000E+00  0.0000000E+00  0.0000000E+00  0.0000000E+00  0.0000000E+00  0.0000000E+00  0.0000000E+00  0.0000000E+00  0.5992232E-01
OTHER_HF            0.0000000E+00  0.3099727E-01  0.0000000E+00  0.1144140E-01  0.0000000E+00  0.0000000E+00  0.2566894E-02  0.0000000E+00  0.0000000E+00  0.0000000E+00  0.0000000E+00  0.0000000E+00  0.0000000E+00  0.0000000E+00  0.0000000E+00  0.0000000E+00  0.3851900E-04  0.0000000E+00  0.0000000E+00  0.4504408E-01
FUELWOOD            0.0000000E+00  0.0000000E+00  0.0000000E+00  0.0000000E+00  0.0000000E+00  0.0000000E+00  0.0000000E+00  0.0000000E+00  0.0000000E+00  0.0000000E+00  0.0000000E+00  0.0000000E+00  0.0000000E+00  0.0000000E+00  0.0000000E+00  0.4877990E+04  0.0000000E+00  0.0000000E+00  0.0000000E+00  0.4877990E+04
CROP_RESIDUE        0.0000000E+00  0.0000000E+00  0.0000000E+00  0.0000000E+00  0.0000000E+00  0.0000000E+00  0.0000000E+00  0.0000000E+00  0.0000000E+00  0.0000000E+00  0.0000000E+00  0.0000000E+00  0.0000000E+00  0.0000000E+00  0.0000000E+00  0.8890050E+04  0.0000000E+00  0.0000000E+00  0.0000000E+00  0.8890050E+04
ANIMAL_WASTE        0.0000000E+00  0.0000000E+00  0.0000000E+00  0.0000000E+00  0.0000000E+00  0.0000000E+00  0.0000000E+00  0.0000000E+00  0.0000000E+00  0.0000000E+00  0.0000000E+00  0.0000000E+00  0.0000000E+00  0.0000000E+00  0.0000000E+00  0.0000000E+00  0.0000000E+00  0.0000000E+00  0.0000000E+00  0.0000000E+00
OTHERS              0.0000000E+00  0.0000000E+00  0.0000000E+00  0.0000000E+00  0.0000000E+00  0.0000000E+00  0.0000000E+00  0.0000000E+00  0.0000000E+00  0.0000000E+00  0.0000000E+00  0.0000000E+00  0.0000000E+00  0.0000000E+00  0.0000000E+00  0.1581860E+02  0.0000000E+00  0.0000000E+00  0.0000000E+00  0.1581860E+02
SUB_TOTAL           0.1574955E+03  0.2402570E+02  0.8155775E+02  0.1869025E+02  0.8544207E+01  0.1637219E+02  0.8096438E+01  0.1160601E+03  0.5190297E+01  0.7840055E+01  0.5966642E+01  0.1408973E+02  0.0000000E+00  0.7554075E-03  0.4112653E+01  0.1381324E+05  0.2553813E+01  0.4179695E+01  0.1593120E+01  0.1428961E+05
  
Non-Combustion Sources [t/year]
  
Industry [t/year]
  
Sector
AMMONIA             0.1681580E+03
AMMONIUM_NITRATE    0.2688922E+02
UREA                0.4959886E+03
SUB_TOTAL           0.6910358E+03
  
Agriculture [t/year]
  
Sector
FERTILIZER          0.1408001E+06
MANURE_MANAGEMENT   0.8673963E+05
SUB_TOTAL           0.2275397E+06
  
Others [t/year]
  
Sector
HUMAN               0.6532431E+04
WASTE_WATER         0.2931219E+05
SUB_TOTAL           0.3584462E+05
  
Total [t/year]
  
TOTAL               0.2783650E+06
