Year       : 2007
Country    : CHN
Sub-Region : NEMO
  
Combustion Sources [t/year]
  
Fuel Type           POWER_PLANTS   ENERGY         IRON_STEEL     CHEM_PETRCHEM  NON_FERR_MET   NON_MET_MINE   OTHERS         ROAD_CARS      ROAD_BUSES     ROAD_L_TRUCKS  ROAD_H_TRUCKS  ROAD_MC        ROAD_OTHERS    DOM_NAVI       RAILWAY_ETC    RESIDENT       COMM_PUB       AGR_FORE_FISH  OTHERS         SUB_TOTAL    
HARD_COAL           0.7517395E+03  0.5755039E+02  0.2457966E+02  0.1150189E+02  0.1203401E+02  0.1168609E+02  0.1970789E+02  0.0000000E+00  0.0000000E+00  0.0000000E+00  0.0000000E+00  0.0000000E+00  0.0000000E+00  0.0000000E+00  0.8135669E+01  0.3147475E+02  0.1205354E+02  0.6842477E+01  0.1213002E+02  0.9594359E+03
BROWN_COAL          0.0000000E+00  0.0000000E+00  0.0000000E+00  0.0000000E+00  0.0000000E+00  0.0000000E+00  0.0000000E+00  0.0000000E+00  0.0000000E+00  0.0000000E+00  0.0000000E+00  0.0000000E+00  0.0000000E+00  0.0000000E+00  0.0000000E+00  0.0000000E+00  0.0000000E+00  0.0000000E+00  0.0000000E+00  0.0000000E+00
DERIVED_COAL        0.6772652E+00  0.1296570E+01  0.9702668E+02  0.2830846E+02  0.1404618E+01  0.5402374E+00  0.2160950E+00  0.0000000E+00  0.0000000E+00  0.0000000E+00  0.0000000E+00  0.0000000E+00  0.0000000E+00  0.0000000E+00  0.0000000E+00  0.2314609E+00  0.1657761E+01  0.5367393E+00  0.0000000E+00  0.1318959E+03
NATURAL_GAS         0.9528750E+01  0.0000000E+00  0.0000000E+00  0.2505776E+02  0.0000000E+00  0.0000000E+00  0.1789840E+01  0.0000000E+00  0.0000000E+00  0.0000000E+00  0.0000000E+00  0.0000000E+00  0.0000000E+00  0.0000000E+00  0.0000000E+00  0.1045453E+02  0.4064396E+00  0.0000000E+00  0.5870795E+00  0.4782440E+02
COKE_OVEN_GAS       0.5646645E+01  0.0000000E+00  0.0000000E+00  0.2427956E+02  0.0000000E+00  0.0000000E+00  0.1734255E+01  0.0000000E+00  0.0000000E+00  0.0000000E+00  0.0000000E+00  0.0000000E+00  0.0000000E+00  0.0000000E+00  0.0000000E+00  0.0000000E+00  0.0000000E+00  0.0000000E+00  0.0000000E+00  0.3166046E+02
OTHER_GAS           0.4937273E+01  0.0000000E+00  0.0000000E+00  0.9636091E+01  0.0000000E+00  0.0000000E+00  0.6882921E+00  0.0000000E+00  0.0000000E+00  0.0000000E+00  0.0000000E+00  0.0000000E+00  0.0000000E+00  0.0000000E+00  0.0000000E+00  0.0000000E+00  0.0000000E+00  0.0000000E+00  0.0000000E+00  0.1526166E+02
MOTOR_GASOLINE      0.0000000E+00  0.0000000E+00  0.0000000E+00  0.0000000E+00  0.0000000E+00  0.0000000E+00  0.0000000E+00  0.3873878E+03  0.7669544E+01  0.1292934E+02  0.1713250E+02  0.8790737E+01  0.0000000E+00  0.0000000E+00  0.0000000E+00  0.0000000E+00  0.0000000E+00  0.1077181E+01  0.0000000E+00  0.4349871E+03
KEROSENE            0.0000000E+00  0.6460500E-02  0.6460500E-02  0.3230250E-02  0.6460500E-02  0.0000000E+00  0.3230250E-02  0.0000000E+00  0.0000000E+00  0.0000000E+00  0.0000000E+00  0.0000000E+00  0.0000000E+00  0.0000000E+00  0.0000000E+00  0.0000000E+00  0.0000000E+00  0.0000000E+00  0.0000000E+00  0.2584200E-01
OTHER_LF            0.0000000E+00  0.6259869E-02  0.6259869E-02  0.3129935E-02  0.6259869E-02  0.0000000E+00  0.3129935E-02  0.0000000E+00  0.0000000E+00  0.0000000E+00  0.0000000E+00  0.0000000E+00  0.0000000E+00  0.0000000E+00  0.0000000E+00  0.5027936E-01  0.0000000E+00  0.0000000E+00  0.0000000E+00  0.7531884E-01
DIESEL_OIL          0.3861803E-01  0.2545849E+01  0.6527814E-01  0.6527817E-01  0.2611127E+00  0.1958344E+00  0.1196226E+01  0.0000000E+00  0.0000000E+00  0.0000000E+00  0.0000000E+00  0.0000000E+00  0.0000000E+00  0.0000000E+00  0.6655890E+01  0.7619401E+00  0.2557986E+01  0.3453638E+01  0.1378603E+01  0.1917625E+02
CRUDE_OIL           0.0000000E+00  0.3997610E-01  0.0000000E+00  0.0000000E+00  0.0000000E+00  0.0000000E+00  0.0000000E+00  0.0000000E+00  0.0000000E+00  0.0000000E+00  0.0000000E+00  0.0000000E+00  0.0000000E+00  0.0000000E+00  0.0000000E+00  0.0000000E+00  0.0000000E+00  0.0000000E+00  0.0000000E+00  0.3997610E-01
HEAVY_FUEL_OIL      0.0000000E+00  0.0000000E+00  0.0000000E+00  0.0000000E+00  0.0000000E+00  0.3010752E-01  0.0000000E+00  0.0000000E+00  0.0000000E+00  0.0000000E+00  0.0000000E+00  0.0000000E+00  0.0000000E+00  0.0000000E+00  0.0000000E+00  0.0000000E+00  0.0000000E+00  0.0000000E+00  0.0000000E+00  0.3010752E-01
OTHER_HF            0.0000000E+00  0.0000000E+00  0.0000000E+00  0.0000000E+00  0.0000000E+00  0.0000000E+00  0.0000000E+00  0.0000000E+00  0.0000000E+00  0.0000000E+00  0.0000000E+00  0.0000000E+00  0.0000000E+00  0.0000000E+00  0.0000000E+00  0.0000000E+00  0.0000000E+00  0.0000000E+00  0.0000000E+00  0.0000000E+00
FUELWOOD            0.0000000E+00  0.0000000E+00  0.0000000E+00  0.0000000E+00  0.0000000E+00  0.0000000E+00  0.0000000E+00  0.0000000E+00  0.0000000E+00  0.0000000E+00  0.0000000E+00  0.0000000E+00  0.0000000E+00  0.0000000E+00  0.0000000E+00  0.3645720E+04  0.0000000E+00  0.0000000E+00  0.0000000E+00  0.3645720E+04
CROP_RESIDUE        0.0000000E+00  0.0000000E+00  0.0000000E+00  0.0000000E+00  0.0000000E+00  0.0000000E+00  0.0000000E+00  0.0000000E+00  0.0000000E+00  0.0000000E+00  0.0000000E+00  0.0000000E+00  0.0000000E+00  0.0000000E+00  0.0000000E+00  0.1294761E+05  0.0000000E+00  0.0000000E+00  0.0000000E+00  0.1294761E+05
ANIMAL_WASTE        0.0000000E+00  0.0000000E+00  0.0000000E+00  0.0000000E+00  0.0000000E+00  0.0000000E+00  0.0000000E+00  0.0000000E+00  0.0000000E+00  0.0000000E+00  0.0000000E+00  0.0000000E+00  0.0000000E+00  0.0000000E+00  0.0000000E+00  0.0000000E+00  0.0000000E+00  0.0000000E+00  0.0000000E+00  0.0000000E+00
OTHERS              0.0000000E+00  0.0000000E+00  0.0000000E+00  0.0000000E+00  0.0000000E+00  0.0000000E+00  0.0000000E+00  0.0000000E+00  0.0000000E+00  0.0000000E+00  0.0000000E+00  0.0000000E+00  0.0000000E+00  0.0000000E+00  0.0000000E+00  0.6934900E+01  0.0000000E+00  0.0000000E+00  0.0000000E+00  0.6934900E+01
SUB_TOTAL           0.7725681E+03  0.6144551E+02  0.1216843E+03  0.9885540E+02  0.1371246E+02  0.1245227E+02  0.2533896E+02  0.3873878E+03  0.7669544E+01  0.1292934E+02  0.1713250E+02  0.8790737E+01  0.0000000E+00  0.0000000E+00  0.1479156E+02  0.1664324E+05  0.1667573E+02  0.1191004E+02  0.1409570E+02  0.1824068E+05
  
Non-Combustion Sources [t/year]
  
Industry [t/year]
  
Sector
AMMONIA             0.4335256E+03
AMMONIUM_NITRATE    0.6932270E+02
UREA                0.1278701E+04
SUB_TOTAL           0.1781549E+04
  
Agriculture [t/year]
  
Sector
FERTILIZER          0.3189212E+06
MANURE_MANAGEMENT   0.2095886E+06
SUB_TOTAL           0.5285098E+06
  
Others [t/year]
  
Sector
HUMAN               0.6003130E+04
WASTE_WATER         0.2693712E+05
SUB_TOTAL           0.3294025E+05
  
Total [t/year]
  
TOTAL               0.5814723E+06
