Year       : 2007
Country    : CHN
Sub-Region : YUNN
  
Combustion Sources [t/year]
  
Fuel Type           POWER_PLANTS   ENERGY         IRON_STEEL     CHEM_PETRCHEM  NON_FERR_MET   NON_MET_MINE   OTHERS         ROAD_CARS      ROAD_BUSES     ROAD_L_TRUCKS  ROAD_H_TRUCKS  ROAD_MC        ROAD_OTHERS    DOM_NAVI       RAILWAY_ETC    RESIDENT       COMM_PUB       AGR_FORE_FISH  OTHERS         SUB_TOTAL    
HARD_COAL           0.2115995E+03  0.5263702E+02  0.6356852E+01  0.1822796E+02  0.3300583E+01  0.1912332E+02  0.9398952E+01  0.0000000E+00  0.0000000E+00  0.0000000E+00  0.0000000E+00  0.0000000E+00  0.0000000E+00  0.0000000E+00  0.1617777E+01  0.1860740E+02  0.1090185E+01  0.1332852E+02  0.1064259E+01  0.3563523E+03
BROWN_COAL          0.0000000E+00  0.0000000E+00  0.0000000E+00  0.0000000E+00  0.0000000E+00  0.0000000E+00  0.0000000E+00  0.0000000E+00  0.0000000E+00  0.0000000E+00  0.0000000E+00  0.0000000E+00  0.0000000E+00  0.0000000E+00  0.0000000E+00  0.0000000E+00  0.0000000E+00  0.0000000E+00  0.0000000E+00  0.0000000E+00
DERIVED_COAL        0.0000000E+00  0.1110520E+01  0.9689019E+02  0.2851835E+02  0.6478196E+01  0.6800102E+00  0.1978953E+01  0.0000000E+00  0.0000000E+00  0.0000000E+00  0.0000000E+00  0.0000000E+00  0.0000000E+00  0.0000000E+00  0.0000000E+00  0.5001604E+00  0.1038446E+00  0.4754332E-01  0.6881270E-01  0.1363766E+03
NATURAL_GAS         0.0000000E+00  0.0000000E+00  0.0000000E+00  0.0000000E+00  0.0000000E+00  0.0000000E+00  0.2257998E-01  0.0000000E+00  0.0000000E+00  0.0000000E+00  0.0000000E+00  0.0000000E+00  0.0000000E+00  0.0000000E+00  0.0000000E+00  0.4515996E+00  0.0000000E+00  0.0000000E+00  0.0000000E+00  0.4741796E+00
COKE_OVEN_GAS       0.2717636E+01  0.0000000E+00  0.0000000E+00  0.0000000E+00  0.0000000E+00  0.0000000E+00  0.5797624E+01  0.0000000E+00  0.0000000E+00  0.0000000E+00  0.0000000E+00  0.0000000E+00  0.0000000E+00  0.0000000E+00  0.0000000E+00  0.3351752E+01  0.0000000E+00  0.0000000E+00  0.0000000E+00  0.1186701E+02
OTHER_GAS           0.1969628E+01  0.0000000E+00  0.0000000E+00  0.0000000E+00  0.0000000E+00  0.0000000E+00  0.7230164E+01  0.0000000E+00  0.0000000E+00  0.0000000E+00  0.0000000E+00  0.0000000E+00  0.0000000E+00  0.0000000E+00  0.0000000E+00  0.0000000E+00  0.0000000E+00  0.0000000E+00  0.0000000E+00  0.9199792E+01
MOTOR_GASOLINE      0.0000000E+00  0.0000000E+00  0.0000000E+00  0.0000000E+00  0.0000000E+00  0.0000000E+00  0.0000000E+00  0.5703697E+03  0.9605132E+01  0.2921469E+02  0.2090878E+02  0.6820342E+02  0.0000000E+00  0.0000000E+00  0.0000000E+00  0.0000000E+00  0.0000000E+00  0.3398223E+00  0.0000000E+00  0.6986415E+03
KEROSENE            0.0000000E+00  0.1150251E-02  0.2210446E-02  0.1158438E-02  0.4224410E-02  0.2636162E-02  0.4125493E-02  0.0000000E+00  0.0000000E+00  0.0000000E+00  0.0000000E+00  0.0000000E+00  0.0000000E+00  0.0000000E+00  0.0000000E+00  0.1722800E-02  0.8614000E-03  0.6029800E-02  0.5168400E-01  0.7580320E-01
OTHER_LF            0.0000000E+00  0.5123941E-04  0.9846720E-04  0.5160411E-04  0.1881818E-03  0.1174313E-03  0.1905644E-03  0.0000000E+00  0.0000000E+00  0.0000000E+00  0.0000000E+00  0.0000000E+00  0.0000000E+00  0.0000000E+00  0.0000000E+00  0.5012882E-01  0.1967017E-01  0.0000000E+00  0.1154117E-02  0.7165060E-01
DIESEL_OIL          0.1403735E+00  0.1144987E+00  0.1466887E-01  0.1153136E+00  0.4205076E+00  0.2624099E+00  0.1401316E+01  0.0000000E+00  0.0000000E+00  0.0000000E+00  0.0000000E+00  0.0000000E+00  0.0000000E+00  0.4682406E-01  0.1429249E+01  0.9832275E+00  0.1832825E+00  0.9853525E+00  0.2445810E+00  0.6341605E+01
CRUDE_OIL           0.0000000E+00  0.3613049E-04  0.6943227E-04  0.3638766E-04  0.1326928E-03  0.8280442E-04  0.1025283E-03  0.0000000E+00  0.0000000E+00  0.0000000E+00  0.0000000E+00  0.0000000E+00  0.0000000E+00  0.0000000E+00  0.0000000E+00  0.0000000E+00  0.0000000E+00  0.0000000E+00  0.0000000E+00  0.4599759E-03
HEAVY_FUEL_OIL      0.0000000E+00  0.1606165E-02  0.3086580E-02  0.1617596E-02  0.5898798E-02  0.3681032E-02  0.4557850E-02  0.0000000E+00  0.0000000E+00  0.0000000E+00  0.0000000E+00  0.0000000E+00  0.0000000E+00  0.0000000E+00  0.0000000E+00  0.0000000E+00  0.0000000E+00  0.0000000E+00  0.0000000E+00  0.2044802E-01
OTHER_HF            0.0000000E+00  0.1279836E-02  0.0000000E+00  0.1288945E-02  0.0000000E+00  0.0000000E+00  0.3631819E-02  0.0000000E+00  0.0000000E+00  0.0000000E+00  0.0000000E+00  0.0000000E+00  0.0000000E+00  0.0000000E+00  0.0000000E+00  0.0000000E+00  0.1155570E-03  0.0000000E+00  0.0000000E+00  0.6316157E-02
FUELWOOD            0.0000000E+00  0.0000000E+00  0.0000000E+00  0.0000000E+00  0.0000000E+00  0.0000000E+00  0.0000000E+00  0.0000000E+00  0.0000000E+00  0.0000000E+00  0.0000000E+00  0.0000000E+00  0.0000000E+00  0.0000000E+00  0.0000000E+00  0.1406613E+05  0.0000000E+00  0.0000000E+00  0.0000000E+00  0.1406613E+05
CROP_RESIDUE        0.0000000E+00  0.0000000E+00  0.0000000E+00  0.0000000E+00  0.0000000E+00  0.0000000E+00  0.0000000E+00  0.0000000E+00  0.0000000E+00  0.0000000E+00  0.0000000E+00  0.0000000E+00  0.0000000E+00  0.0000000E+00  0.0000000E+00  0.7297810E+04  0.0000000E+00  0.0000000E+00  0.0000000E+00  0.7297810E+04
ANIMAL_WASTE        0.0000000E+00  0.0000000E+00  0.0000000E+00  0.0000000E+00  0.0000000E+00  0.0000000E+00  0.0000000E+00  0.0000000E+00  0.0000000E+00  0.0000000E+00  0.0000000E+00  0.0000000E+00  0.0000000E+00  0.0000000E+00  0.0000000E+00  0.0000000E+00  0.0000000E+00  0.0000000E+00  0.0000000E+00  0.0000000E+00
OTHERS              0.0000000E+00  0.0000000E+00  0.0000000E+00  0.0000000E+00  0.0000000E+00  0.0000000E+00  0.0000000E+00  0.0000000E+00  0.0000000E+00  0.0000000E+00  0.0000000E+00  0.0000000E+00  0.0000000E+00  0.0000000E+00  0.0000000E+00  0.1377985E+03  0.0000000E+00  0.0000000E+00  0.0000000E+00  0.1377985E+03
SUB_TOTAL           0.2164271E+03  0.5386616E+02  0.1032672E+03  0.4686578E+02  0.1020973E+02  0.2007226E+02  0.2584220E+02  0.5703697E+03  0.9605132E+01  0.2921469E+02  0.2090878E+02  0.6820342E+02  0.0000000E+00  0.4682406E-01  0.3047026E+01  0.2152568E+05  0.1397959E+01  0.1470727E+02  0.1430491E+01  0.2272117E+05
  
Non-Combustion Sources [t/year]
  
Industry [t/year]
  
Sector
AMMONIA             0.2705759E+03
AMMONIUM_NITRATE    0.4326631E+02
UREA                0.7980742E+03
SUB_TOTAL           0.1111916E+04
  
Agriculture [t/year]
  
Sector
FERTILIZER          0.3435145E+06
MANURE_MANAGEMENT   0.1281237E+06
SUB_TOTAL           0.4716382E+06
  
Others [t/year]
  
Sector
HUMAN               0.1126694E+05
WASTE_WATER         0.5055680E+05
SUB_TOTAL           0.6182374E+05
  
Total [t/year]
  
TOTAL               0.5572950E+06
