Year       : 2007
Country    : CHN
Sub-Region : HENA
  
Combustion Sources [t/year]
  
Fuel Type           POWER_PLANTS   ENERGY         IRON_STEEL     CHEM_PETRCHEM  NON_FERR_MET   NON_MET_MINE   OTHERS         ROAD_CARS      ROAD_BUSES     ROAD_L_TRUCKS  ROAD_H_TRUCKS  ROAD_MC        ROAD_OTHERS    DOM_NAVI       RAILWAY_ETC    RESIDENT       COMM_PUB       AGR_FORE_FISH  OTHERS         SUB_TOTAL    
HARD_COAL           0.6617675E+03  0.2545764E+03  0.1264875E+02  0.5469327E+02  0.3109803E+02  0.4511228E+02  0.5305274E+02  0.0000000E+00  0.0000000E+00  0.0000000E+00  0.0000000E+00  0.0000000E+00  0.0000000E+00  0.0000000E+00  0.1296296E+01  0.6669045E+02  0.1620370E+01  0.6481480E+01  0.0000000E+00  0.1189038E+04
BROWN_COAL          0.0000000E+00  0.0000000E+00  0.0000000E+00  0.0000000E+00  0.0000000E+00  0.0000000E+00  0.0000000E+00  0.0000000E+00  0.0000000E+00  0.0000000E+00  0.0000000E+00  0.0000000E+00  0.0000000E+00  0.0000000E+00  0.0000000E+00  0.0000000E+00  0.0000000E+00  0.0000000E+00  0.0000000E+00  0.0000000E+00
DERIVED_COAL        0.0000000E+00  0.1063442E+03  0.5283764E+01  0.2284704E+02  0.1299059E+02  0.1884476E+02  0.2148915E+02  0.0000000E+00  0.0000000E+00  0.0000000E+00  0.0000000E+00  0.0000000E+00  0.0000000E+00  0.0000000E+00  0.0000000E+00  0.0000000E+00  0.0000000E+00  0.0000000E+00  0.0000000E+00  0.1877995E+03
NATURAL_GAS         0.7902993E+00  0.1047612E+01  0.3997267E+02  0.2195344E+01  0.4514591E+01  0.2611166E+01  0.4505384E+01  0.0000000E+00  0.0000000E+00  0.0000000E+00  0.0000000E+00  0.0000000E+00  0.0000000E+00  0.0000000E+00  0.0000000E+00  0.1128999E+02  0.1151579E+01  0.0000000E+00  0.0000000E+00  0.6807864E+02
COKE_OVEN_GAS       0.3940573E+01  0.3449050E+00  0.1316019E+02  0.7227722E+00  0.1486337E+01  0.8596733E+00  0.1483306E+01  0.0000000E+00  0.0000000E+00  0.0000000E+00  0.0000000E+00  0.0000000E+00  0.0000000E+00  0.0000000E+00  0.0000000E+00  0.3019596E+01  0.0000000E+00  0.0000000E+00  0.0000000E+00  0.2501735E+02
OTHER_GAS           0.2348437E+01  0.2226318E+00  0.8494732E+01  0.4665404E+00  0.9594116E+00  0.5549080E+00  0.9574550E+00  0.0000000E+00  0.0000000E+00  0.0000000E+00  0.0000000E+00  0.0000000E+00  0.0000000E+00  0.0000000E+00  0.0000000E+00  0.0000000E+00  0.0000000E+00  0.0000000E+00  0.0000000E+00  0.1400412E+02
MOTOR_GASOLINE      0.0000000E+00  0.0000000E+00  0.0000000E+00  0.0000000E+00  0.0000000E+00  0.0000000E+00  0.0000000E+00  0.6956381E+03  0.2139024E+02  0.2536611E+02  0.2138292E+02  0.2152230E+03  0.0000000E+00  0.0000000E+00  0.0000000E+00  0.0000000E+00  0.0000000E+00  0.2584200E+00  0.0000000E+00  0.9792588E+03
KEROSENE            0.0000000E+00  0.1271444E+00  0.2442002E-02  0.9099344E-03  0.3737968E-02  0.4496248E-02  0.4261871E-02  0.0000000E+00  0.0000000E+00  0.0000000E+00  0.0000000E+00  0.0000000E+00  0.0000000E+00  0.0000000E+00  0.0000000E+00  0.0000000E+00  0.2411920E-01  0.0000000E+00  0.0000000E+00  0.1671116E+00
OTHER_LF            0.4610106E-01  0.6920231E-01  0.1329136E-02  0.4952602E-03  0.2034506E-02  0.2447223E-02  0.2319656E-02  0.0000000E+00  0.0000000E+00  0.0000000E+00  0.0000000E+00  0.0000000E+00  0.0000000E+00  0.0000000E+00  0.0000000E+00  0.1204296E+00  0.3086009E-01  0.0000000E+00  0.0000000E+00  0.2752188E+00
DIESEL_OIL          0.2059629E+00  0.1930955E+01  0.1820009E-01  0.2636521E+00  0.5441331E+00  0.3340841E+00  0.1828378E+01  0.0000000E+00  0.0000000E+00  0.0000000E+00  0.0000000E+00  0.0000000E+00  0.0000000E+00  0.2466880E+00  0.3343563E+01  0.0000000E+00  0.3677908E+00  0.6304426E+01  0.2451939E+00  0.1563303E+02
CRUDE_OIL           0.1798088E-02  0.7187341E-01  0.0000000E+00  0.0000000E+00  0.0000000E+00  0.0000000E+00  0.8291570E-05  0.0000000E+00  0.0000000E+00  0.0000000E+00  0.0000000E+00  0.0000000E+00  0.0000000E+00  0.0000000E+00  0.0000000E+00  0.0000000E+00  0.0000000E+00  0.0000000E+00  0.0000000E+00  0.7367979E-01
HEAVY_FUEL_OIL      0.6690560E-02  0.5678019E-01  0.4170129E-01  0.4472558E-02  0.5520414E-01  0.8830106E-01  0.9371072E-02  0.0000000E+00  0.0000000E+00  0.0000000E+00  0.0000000E+00  0.0000000E+00  0.0000000E+00  0.0000000E+00  0.0000000E+00  0.0000000E+00  0.0000000E+00  0.0000000E+00  0.0000000E+00  0.2625209E+00
OTHER_HF            0.0000000E+00  0.1552515E-01  0.0000000E+00  0.1222911E-02  0.0000000E+00  0.0000000E+00  0.7960029E-01  0.0000000E+00  0.0000000E+00  0.0000000E+00  0.0000000E+00  0.0000000E+00  0.0000000E+00  0.0000000E+00  0.0000000E+00  0.0000000E+00  0.0000000E+00  0.0000000E+00  0.0000000E+00  0.9634835E-01
FUELWOOD            0.0000000E+00  0.0000000E+00  0.0000000E+00  0.0000000E+00  0.0000000E+00  0.0000000E+00  0.0000000E+00  0.0000000E+00  0.0000000E+00  0.0000000E+00  0.0000000E+00  0.0000000E+00  0.0000000E+00  0.0000000E+00  0.0000000E+00  0.1102283E+05  0.0000000E+00  0.0000000E+00  0.0000000E+00  0.1102283E+05
CROP_RESIDUE        0.0000000E+00  0.0000000E+00  0.0000000E+00  0.0000000E+00  0.0000000E+00  0.0000000E+00  0.0000000E+00  0.0000000E+00  0.0000000E+00  0.0000000E+00  0.0000000E+00  0.0000000E+00  0.0000000E+00  0.0000000E+00  0.0000000E+00  0.2846207E+05  0.0000000E+00  0.0000000E+00  0.0000000E+00  0.2846207E+05
ANIMAL_WASTE        0.0000000E+00  0.0000000E+00  0.0000000E+00  0.0000000E+00  0.0000000E+00  0.0000000E+00  0.0000000E+00  0.0000000E+00  0.0000000E+00  0.0000000E+00  0.0000000E+00  0.0000000E+00  0.0000000E+00  0.0000000E+00  0.0000000E+00  0.0000000E+00  0.0000000E+00  0.0000000E+00  0.0000000E+00  0.0000000E+00
OTHERS              0.0000000E+00  0.0000000E+00  0.0000000E+00  0.0000000E+00  0.0000000E+00  0.0000000E+00  0.0000000E+00  0.0000000E+00  0.0000000E+00  0.0000000E+00  0.0000000E+00  0.0000000E+00  0.0000000E+00  0.0000000E+00  0.0000000E+00  0.1379868E+03  0.0000000E+00  0.0000000E+00  0.0000000E+00  0.1379868E+03
SUB_TOTAL           0.6691074E+03  0.3648072E+03  0.7962378E+02  0.8119572E+02  0.5165407E+02  0.6841212E+02  0.8341197E+02  0.6956381E+03  0.2139024E+02  0.2536611E+02  0.2138292E+02  0.2152230E+03  0.0000000E+00  0.2466880E+00  0.4639859E+01  0.3970401E+05  0.3194719E+01  0.1304433E+02  0.2451939E+00  0.4210259E+05
  
Non-Combustion Sources [t/year]
  
Industry [t/year]
  
Sector
AMMONIA             0.1186819E+04
AMMONIUM_NITRATE    0.1897777E+03
UREA                0.3500569E+04
SUB_TOTAL           0.4877166E+04
  
Agriculture [t/year]
  
Sector
FERTILIZER          0.8293467E+06
MANURE_MANAGEMENT   0.2038829E+06
SUB_TOTAL           0.1033230E+07
  
Others [t/year]
  
Sector
HUMAN               0.2463302E+05
WASTE_WATER         0.1105328E+06
SUB_TOTAL           0.1351658E+06
  
Total [t/year]
  
TOTAL               0.1215375E+07
