Year       : 2007
Country    : CHN
Sub-Region : WHOL
  
Combustion Sources [t/year]
  
Fuel Type           POWER_PLANTS   ENERGY         IRON_STEEL     CHEM_PETRCHEM  NON_FERR_MET   NON_MET_MINE   OTHERS         ROAD_CARS      ROAD_BUSES     ROAD_L_TRUCKS  ROAD_H_TRUCKS  ROAD_MC        ROAD_OTHERS    DOM_NAVI       RAILWAY_ETC    RESIDENT       COMM_PUB       AGR_FORE_FISH  OTHERS         SUB_TOTAL    
HARD_COAL           0.9928149E+04  0.1195181E+04  0.3886567E+03  0.4931269E+03  0.1146429E+03  0.1128706E+04  0.1871863E+04  0.0000000E+00  0.0000000E+00  0.0000000E+00  0.0000000E+00  0.0000000E+00  0.0000000E+00  0.0000000E+00  0.7380371E+02  0.5575896E+03  0.1267554E+03  0.1635461E+03  0.1103781E+03  0.1615240E+05
BROWN_COAL          0.0000000E+00  0.0000000E+00  0.0000000E+00  0.0000000E+00  0.0000000E+00  0.0000000E+00  0.0000000E+00  0.0000000E+00  0.0000000E+00  0.0000000E+00  0.0000000E+00  0.0000000E+00  0.0000000E+00  0.0000000E+00  0.0000000E+00  0.0000000E+00  0.0000000E+00  0.0000000E+00  0.0000000E+00  0.0000000E+00
DERIVED_COAL        0.3288189E+02  0.1861627E+03  0.1318729E+04  0.1988711E+03  0.4631333E+02  0.1040758E+03  0.1668898E+04  0.0000000E+00  0.0000000E+00  0.0000000E+00  0.0000000E+00  0.0000000E+00  0.0000000E+00  0.0000000E+00  0.2858328E-01  0.1001650E+03  0.1154499E+02  0.8381194E+01  0.2409644E+01  0.3678461E+04
NATURAL_GAS         0.3376042E+03  0.1539912E+03  0.5216038E+02  0.1129562E+03  0.8276088E+01  0.3358393E+02  0.3819451E+03  0.0000000E+00  0.0000000E+00  0.0000000E+00  0.0000000E+00  0.0000000E+00  0.0000000E+00  0.0000000E+00  0.0000000E+00  0.2556054E+03  0.6719802E+02  0.1570859E+01  0.5100818E+02  0.1455900E+04
COKE_OVEN_GAS       0.1724340E+03  0.4758973E+02  0.4780457E+02  0.7281683E+02  0.4154175E+01  0.7869574E+01  0.4520459E+03  0.0000000E+00  0.0000000E+00  0.0000000E+00  0.0000000E+00  0.0000000E+00  0.0000000E+00  0.0000000E+00  0.0000000E+00  0.5895762E+02  0.1087054E+02  0.0000000E+00  0.4151945E+01  0.8786949E+03
OTHER_GAS           0.8336361E+02  0.2305872E+02  0.1551928E+02  0.3567252E+02  0.1178828E+01  0.3682737E+01  0.9086638E+02  0.0000000E+00  0.0000000E+00  0.0000000E+00  0.0000000E+00  0.0000000E+00  0.0000000E+00  0.0000000E+00  0.0000000E+00  0.3872663E+01  0.2949758E+01  0.0000000E+00  0.0000000E+00  0.2601645E+03
MOTOR_GASOLINE      0.0000000E+00  0.0000000E+00  0.0000000E+00  0.0000000E+00  0.0000000E+00  0.0000000E+00  0.0000000E+00  0.1741115E+05  0.4264288E+03  0.6605573E+03  0.3716697E+03  0.6077695E+04  0.0000000E+00  0.0000000E+00  0.0000000E+00  0.0000000E+00  0.0000000E+00  0.1248815E+02  0.0000000E+00  0.2495999E+05
KEROSENE            0.2383612E-01  0.5100119E+00  0.1994267E+00  0.5138391E+00  0.2351138E+00  0.2520717E+00  0.4178253E+01  0.0000000E+00  0.0000000E+00  0.0000000E+00  0.0000000E+00  0.0000000E+00  0.0000000E+00  0.0000000E+00  0.0000000E+00  0.1344285E+01  0.5452662E+00  0.8097160E-01  0.3988876E+00  0.8281963E+01
OTHER_LF            0.8130060E+00  0.6071583E+00  0.2969906E+00  0.4379430E+00  0.1226121E+00  0.1992039E+00  0.4533410E+01  0.0000000E+00  0.0000000E+00  0.0000000E+00  0.0000000E+00  0.0000000E+00  0.0000000E+00  0.0000000E+00  0.0000000E+00  0.7738037E+01  0.1234323E+01  0.3226152E-01  0.1896766E+00  0.1620462E+02
DIESEL_OIL          0.1053595E+02  0.1962159E+02  0.6431335E+00  0.4776491E+01  0.4494644E+01  0.9536808E+01  0.1285081E+03  0.0000000E+00  0.0000000E+00  0.0000000E+00  0.0000000E+00  0.0000000E+00  0.0000000E+00  0.8618801E+02  0.4084088E+02  0.1656162E+02  0.4406318E+02  0.1219052E+03  0.2678069E+02  0.5144563E+03
CRUDE_OIL           0.6903822E-01  0.2106271E+01  0.6286427E-02  0.6452431E+00  0.2507711E-02  0.1163381E-01  0.8725729E+00  0.0000000E+00  0.0000000E+00  0.0000000E+00  0.0000000E+00  0.0000000E+00  0.0000000E+00  0.0000000E+00  0.0000000E+00  0.0000000E+00  0.0000000E+00  0.0000000E+00  0.4599760E-01  0.3759551E+01
HEAVY_FUEL_OIL      0.3389932E+01  0.1002887E+01  0.1630306E+00  0.3857861E+00  0.1900778E+00  0.5234857E+00  0.6123707E+01  0.0000000E+00  0.0000000E+00  0.0000000E+00  0.0000000E+00  0.0000000E+00  0.0000000E+00  0.5288470E+01  0.0000000E+00  0.0000000E+00  0.1036200E+00  0.3788529E-01  0.3257466E-01  0.1724146E+02
OTHER_HF            0.0000000E+00  0.2402927E+01  0.0000000E+00  0.8616084E+00  0.0000000E+00  0.0000000E+00  0.9187514E+01  0.0000000E+00  0.0000000E+00  0.0000000E+00  0.0000000E+00  0.0000000E+00  0.0000000E+00  0.0000000E+00  0.0000000E+00  0.0000000E+00  0.4622280E-01  0.0000000E+00  0.0000000E+00  0.1249827E+02
FUELWOOD            0.0000000E+00  0.0000000E+00  0.0000000E+00  0.0000000E+00  0.0000000E+00  0.0000000E+00  0.0000000E+00  0.0000000E+00  0.0000000E+00  0.0000000E+00  0.0000000E+00  0.0000000E+00  0.0000000E+00  0.0000000E+00  0.0000000E+00  0.2360306E+06  0.0000000E+00  0.0000000E+00  0.1915403E+00  0.2360308E+06
CROP_RESIDUE        0.0000000E+00  0.0000000E+00  0.0000000E+00  0.0000000E+00  0.0000000E+00  0.0000000E+00  0.0000000E+00  0.0000000E+00  0.0000000E+00  0.0000000E+00  0.0000000E+00  0.0000000E+00  0.0000000E+00  0.0000000E+00  0.0000000E+00  0.4416832E+06  0.0000000E+00  0.0000000E+00  0.0000000E+00  0.4416832E+06
ANIMAL_WASTE        0.0000000E+00  0.0000000E+00  0.0000000E+00  0.0000000E+00  0.0000000E+00  0.0000000E+00  0.0000000E+00  0.0000000E+00  0.0000000E+00  0.0000000E+00  0.0000000E+00  0.0000000E+00  0.0000000E+00  0.0000000E+00  0.0000000E+00  0.0000000E+00  0.0000000E+00  0.0000000E+00  0.0000000E+00  0.0000000E+00
OTHERS              0.0000000E+00  0.0000000E+00  0.0000000E+00  0.0000000E+00  0.0000000E+00  0.0000000E+00  0.0000000E+00  0.0000000E+00  0.0000000E+00  0.0000000E+00  0.0000000E+00  0.0000000E+00  0.0000000E+00  0.0000000E+00  0.0000000E+00  0.1531202E+04  0.0000000E+00  0.0000000E+00  0.1064744E+01  0.1532266E+04
SUB_TOTAL           0.1056926E+05  0.1632234E+04  0.1824179E+04  0.9210645E+03  0.1796102E+03  0.1288441E+04  0.4619022E+04  0.1741115E+05  0.4264288E+03  0.6605573E+03  0.3716697E+03  0.6077695E+04  0.0000000E+00  0.9147648E+02  0.1146732E+03  0.6802468E+06  0.2653113E+03  0.3080426E+03  0.1966520E+03  0.7272043E+06
  
Non-Combustion Sources [t/year]
  
Industry [t/year]
  
Sector
AMMONIA             0.1958194E+05
AMMONIUM_NITRATE    0.3131240E+04
UREA                0.5775769E+05
SUB_TOTAL           0.8047087E+05
  
Agriculture [t/year]
  
Sector
FERTILIZER          0.9214083E+07
MANURE_MANAGEMENT   0.2771303E+07
SUB_TOTAL           0.1198539E+08
  
Others [t/year]
  
Sector
HUMAN               0.3261782E+06
WASTE_WATER         0.1447852E+07
SUB_TOTAL           0.1774030E+07
  
Total [t/year]
  
TOTAL               0.1456709E+08
