Year       : 2007
Country    : CHN
Sub-Region : BEIJ
  
Combustion Sources [t/year]
  
Fuel Type           POWER_PLANTS   ENERGY         IRON_STEEL     CHEM_PETRCHEM  NON_FERR_MET   NON_MET_MINE   OTHERS         ROAD_CARS      ROAD_BUSES     ROAD_L_TRUCKS  ROAD_H_TRUCKS  ROAD_MC        ROAD_OTHERS    DOM_NAVI       RAILWAY_ETC    RESIDENT       COMM_PUB       AGR_FORE_FISH  OTHERS         SUB_TOTAL    
HARD_COAL           0.8760444E+02  0.9316935E+00  0.1763041E+02  0.5527147E+01  0.4288679E-01  0.1085210E+02  0.9628641E+01  0.0000000E+00  0.0000000E+00  0.0000000E+00  0.0000000E+00  0.0000000E+00  0.0000000E+00  0.0000000E+00  0.1768796E+01  0.1795370E+02  0.3903148E+01  0.3299721E+01  0.1751814E+02  0.1766608E+03
BROWN_COAL          0.0000000E+00  0.0000000E+00  0.0000000E+00  0.0000000E+00  0.0000000E+00  0.0000000E+00  0.0000000E+00  0.0000000E+00  0.0000000E+00  0.0000000E+00  0.0000000E+00  0.0000000E+00  0.0000000E+00  0.0000000E+00  0.0000000E+00  0.0000000E+00  0.0000000E+00  0.0000000E+00  0.0000000E+00  0.0000000E+00
DERIVED_COAL        0.2289838E+01  0.0000000E+00  0.2984954E+02  0.1726854E-02  0.2503938E-01  0.4066743E+00  0.2132098E+01  0.0000000E+00  0.0000000E+00  0.0000000E+00  0.0000000E+00  0.0000000E+00  0.0000000E+00  0.0000000E+00  0.0000000E+00  0.0000000E+00  0.0000000E+00  0.0000000E+00  0.0000000E+00  0.3470492E+02
NATURAL_GAS         0.1926072E+02  0.4948363E+01  0.1237091E+01  0.9072000E+00  0.0000000E+00  0.1546364E+01  0.4254153E+01  0.0000000E+00  0.0000000E+00  0.0000000E+00  0.0000000E+00  0.0000000E+00  0.0000000E+00  0.0000000E+00  0.0000000E+00  0.2027682E+02  0.1262221E+02  0.0000000E+00  0.2971526E+02  0.9476818E+02
COKE_OVEN_GAS       0.9511728E+00  0.4740816E+01  0.1185204E+01  0.8691497E+00  0.0000000E+00  0.1481505E+01  0.3318571E+01  0.0000000E+00  0.0000000E+00  0.0000000E+00  0.0000000E+00  0.0000000E+00  0.0000000E+00  0.0000000E+00  0.0000000E+00  0.0000000E+00  0.0000000E+00  0.0000000E+00  0.0000000E+00  0.1254642E+02
OTHER_GAS           0.2650757E+01  0.2691032E+01  0.6727585E+00  0.4933558E+00  0.0000000E+00  0.8409475E+00  0.1883723E+01  0.0000000E+00  0.0000000E+00  0.0000000E+00  0.0000000E+00  0.0000000E+00  0.0000000E+00  0.0000000E+00  0.0000000E+00  0.0000000E+00  0.0000000E+00  0.0000000E+00  0.0000000E+00  0.9232574E+01
MOTOR_GASOLINE      0.0000000E+00  0.0000000E+00  0.0000000E+00  0.0000000E+00  0.0000000E+00  0.0000000E+00  0.0000000E+00  0.1190317E+04  0.2627569E+02  0.9943118E+01  0.4117709E+01  0.2802446E+02  0.0000000E+00  0.0000000E+00  0.0000000E+00  0.0000000E+00  0.0000000E+00  0.2114737E+00  0.0000000E+00  0.1258889E+04
KEROSENE            0.0000000E+00  0.8614000E-03  0.8614000E-03  0.3445600E-02  0.0000000E+00  0.0000000E+00  0.1292100E-01  0.0000000E+00  0.0000000E+00  0.0000000E+00  0.0000000E+00  0.0000000E+00  0.0000000E+00  0.0000000E+00  0.0000000E+00  0.0000000E+00  0.8614000E-03  0.0000000E+00  0.2928760E-01  0.4823840E-01
OTHER_LF            0.2021815E-01  0.1459480E-01  0.3064821E-01  0.3930599E-01  0.2301673E-02  0.2165750E-01  0.1987144E+00  0.0000000E+00  0.0000000E+00  0.0000000E+00  0.0000000E+00  0.0000000E+00  0.0000000E+00  0.0000000E+00  0.0000000E+00  0.1383435E+00  0.1385442E+00  0.3010740E-03  0.1028670E-01  0.6149162E+00
DIESEL_OIL          0.5114516E+00  0.1016255E+00  0.2338211E-01  0.1369465E+00  0.8055675E-02  0.7039421E+00  0.1719488E+01  0.0000000E+00  0.0000000E+00  0.0000000E+00  0.0000000E+00  0.0000000E+00  0.0000000E+00  0.0000000E+00  0.5481627E+00  0.0000000E+00  0.7429374E+00  0.5433496E+00  0.1142604E+01  0.6181945E+01
CRUDE_OIL           0.0000000E+00  0.0000000E+00  0.0000000E+00  0.0000000E+00  0.0000000E+00  0.0000000E+00  0.0000000E+00  0.0000000E+00  0.0000000E+00  0.0000000E+00  0.0000000E+00  0.0000000E+00  0.0000000E+00  0.0000000E+00  0.0000000E+00  0.0000000E+00  0.0000000E+00  0.0000000E+00  0.0000000E+00  0.0000000E+00
HEAVY_FUEL_OIL      0.9797488E-01  0.1864120E-01  0.6734889E-03  0.2179217E-01  0.2164785E-03  0.1777529E-01  0.2621795E-02  0.0000000E+00  0.0000000E+00  0.0000000E+00  0.0000000E+00  0.0000000E+00  0.0000000E+00  0.0000000E+00  0.0000000E+00  0.0000000E+00  0.0000000E+00  0.0000000E+00  0.0000000E+00  0.1596953E+00
OTHER_HF            0.0000000E+00  0.7312980E-01  0.0000000E+00  0.8549109E-01  0.0000000E+00  0.0000000E+00  0.1028535E-01  0.0000000E+00  0.0000000E+00  0.0000000E+00  0.0000000E+00  0.0000000E+00  0.0000000E+00  0.0000000E+00  0.0000000E+00  0.0000000E+00  0.0000000E+00  0.0000000E+00  0.0000000E+00  0.1689062E+00
FUELWOOD            0.0000000E+00  0.0000000E+00  0.0000000E+00  0.0000000E+00  0.0000000E+00  0.0000000E+00  0.0000000E+00  0.0000000E+00  0.0000000E+00  0.0000000E+00  0.0000000E+00  0.0000000E+00  0.0000000E+00  0.0000000E+00  0.0000000E+00  0.6353100E+03  0.0000000E+00  0.0000000E+00  0.0000000E+00  0.6353100E+03
CROP_RESIDUE        0.0000000E+00  0.0000000E+00  0.0000000E+00  0.0000000E+00  0.0000000E+00  0.0000000E+00  0.0000000E+00  0.0000000E+00  0.0000000E+00  0.0000000E+00  0.0000000E+00  0.0000000E+00  0.0000000E+00  0.0000000E+00  0.0000000E+00  0.5037500E+03  0.0000000E+00  0.0000000E+00  0.0000000E+00  0.5037500E+03
ANIMAL_WASTE        0.0000000E+00  0.0000000E+00  0.0000000E+00  0.0000000E+00  0.0000000E+00  0.0000000E+00  0.0000000E+00  0.0000000E+00  0.0000000E+00  0.0000000E+00  0.0000000E+00  0.0000000E+00  0.0000000E+00  0.0000000E+00  0.0000000E+00  0.0000000E+00  0.0000000E+00  0.0000000E+00  0.0000000E+00  0.0000000E+00
OTHERS              0.0000000E+00  0.0000000E+00  0.0000000E+00  0.0000000E+00  0.0000000E+00  0.0000000E+00  0.0000000E+00  0.0000000E+00  0.0000000E+00  0.0000000E+00  0.0000000E+00  0.0000000E+00  0.0000000E+00  0.0000000E+00  0.0000000E+00  0.1948800E+01  0.0000000E+00  0.0000000E+00  0.0000000E+00  0.1948800E+01
SUB_TOTAL           0.1133866E+03  0.1352076E+02  0.5063057E+02  0.8085561E+01  0.7850000E-01  0.1587097E+02  0.2316122E+02  0.1190317E+04  0.2627569E+02  0.9943118E+01  0.4117709E+01  0.2802446E+02  0.0000000E+00  0.0000000E+00  0.2316959E+01  0.1179378E+04  0.1740770E+02  0.4054845E+01  0.4841558E+02  0.2734985E+04
  
Non-Combustion Sources [t/year]
  
Industry [t/year]
  
Sector
AMMONIA             0.3292156E+03
AMMONIUM_NITRATE    0.5264306E+02
UREA                0.9710343E+03
SUB_TOTAL           0.1352893E+04
  
Agriculture [t/year]
  
Sector
FERTILIZER          0.4346464E+05
MANURE_MANAGEMENT   0.1080400E+05
SUB_TOTAL           0.5426864E+05
  
Others [t/year]
  
Sector
HUMAN               0.4075968E+04
WASTE_WATER         0.1306400E+05
SUB_TOTAL           0.1713997E+05
  
Total [t/year]
  
TOTAL               0.7549649E+05
