Year       : 2007
Country    : CHN
Sub-Region : HUBE
  
Combustion Sources [t/year]
  
Fuel Type           POWER_PLANTS   ENERGY         IRON_STEEL     CHEM_PETRCHEM  NON_FERR_MET   NON_MET_MINE   OTHERS         ROAD_CARS      ROAD_BUSES     ROAD_L_TRUCKS  ROAD_H_TRUCKS  ROAD_MC        ROAD_OTHERS    DOM_NAVI       RAILWAY_ETC    RESIDENT       COMM_PUB       AGR_FORE_FISH  OTHERS         SUB_TOTAL    
HARD_COAL           0.2627691E+03  0.1937950E+01  0.4120322E+02  0.1048297E+03  0.7547899E+01  0.7715902E+02  0.6450081E+02  0.0000000E+00  0.0000000E+00  0.0000000E+00  0.0000000E+00  0.0000000E+00  0.0000000E+00  0.0000000E+00  0.8976850E+01  0.3521323E+02  0.9454535E+01  0.5747775E+01  0.3687961E+01  0.6230280E+03
BROWN_COAL          0.0000000E+00  0.0000000E+00  0.0000000E+00  0.0000000E+00  0.0000000E+00  0.0000000E+00  0.0000000E+00  0.0000000E+00  0.0000000E+00  0.0000000E+00  0.0000000E+00  0.0000000E+00  0.0000000E+00  0.0000000E+00  0.0000000E+00  0.0000000E+00  0.0000000E+00  0.0000000E+00  0.0000000E+00  0.0000000E+00
DERIVED_COAL        0.0000000E+00  0.7359351E+00  0.1564690E+02  0.3980900E+02  0.2866310E+01  0.2930108E+02  0.2215285E+02  0.0000000E+00  0.0000000E+00  0.0000000E+00  0.0000000E+00  0.0000000E+00  0.0000000E+00  0.0000000E+00  0.0000000E+00  0.0000000E+00  0.0000000E+00  0.0000000E+00  0.0000000E+00  0.1105121E+03
NATURAL_GAS         0.4064396E+00  0.0000000E+00  0.0000000E+00  0.0000000E+00  0.0000000E+00  0.0000000E+00  0.1187707E+02  0.0000000E+00  0.0000000E+00  0.0000000E+00  0.0000000E+00  0.0000000E+00  0.0000000E+00  0.0000000E+00  0.0000000E+00  0.7112693E+01  0.0000000E+00  0.9031992E-01  0.0000000E+00  0.1948652E+02
COKE_OVEN_GAS       0.2921459E+02  0.0000000E+00  0.0000000E+00  0.0000000E+00  0.0000000E+00  0.0000000E+00  0.1248603E+02  0.0000000E+00  0.0000000E+00  0.0000000E+00  0.0000000E+00  0.0000000E+00  0.0000000E+00  0.0000000E+00  0.0000000E+00  0.0000000E+00  0.0000000E+00  0.0000000E+00  0.0000000E+00  0.4170062E+02
OTHER_GAS           0.9370074E+00  0.0000000E+00  0.0000000E+00  0.0000000E+00  0.0000000E+00  0.0000000E+00  0.1052654E+01  0.0000000E+00  0.0000000E+00  0.0000000E+00  0.0000000E+00  0.0000000E+00  0.0000000E+00  0.0000000E+00  0.0000000E+00  0.0000000E+00  0.0000000E+00  0.0000000E+00  0.0000000E+00  0.1989661E+01
MOTOR_GASOLINE      0.0000000E+00  0.0000000E+00  0.0000000E+00  0.0000000E+00  0.0000000E+00  0.0000000E+00  0.0000000E+00  0.3636031E+03  0.1412643E+02  0.1858311E+02  0.1338770E+02  0.1704960E+04  0.0000000E+00  0.0000000E+00  0.0000000E+00  0.0000000E+00  0.0000000E+00  0.7373584E+00  0.0000000E+00  0.2115398E+04
KEROSENE            0.0000000E+00  0.6653978E-01  0.4990484E-01  0.1007089E+00  0.1528617E-01  0.5754792E-01  0.3147151E+00  0.0000000E+00  0.0000000E+00  0.0000000E+00  0.0000000E+00  0.0000000E+00  0.0000000E+00  0.0000000E+00  0.0000000E+00  0.4134720E+00  0.0000000E+00  0.0000000E+00  0.0000000E+00  0.1018175E+01
OTHER_LF            0.4481152E-01  0.1631605E-01  0.1223704E-01  0.2469457E-01  0.3748281E-02  0.1411118E-01  0.7717048E-01  0.0000000E+00  0.0000000E+00  0.0000000E+00  0.0000000E+00  0.0000000E+00  0.0000000E+00  0.0000000E+00  0.0000000E+00  0.2570168E+00  0.3913962E-01  0.0000000E+00  0.0000000E+00  0.4892455E+00
DIESEL_OIL          0.1606020E+00  0.1390838E+01  0.9430487E-01  0.8188386E+00  0.2658258E+00  0.8829216E+00  0.7272152E+01  0.0000000E+00  0.0000000E+00  0.0000000E+00  0.0000000E+00  0.0000000E+00  0.0000000E+00  0.1619283E+01  0.1136586E+01  0.4805801E+00  0.1366956E+01  0.8768787E+01  0.0000000E+00  0.2425767E+02
CRUDE_OIL           0.0000000E+00  0.5475359E-02  0.5273951E-02  0.4244522E-02  0.1089104E-02  0.3729810E-02  0.2016335E-01  0.0000000E+00  0.0000000E+00  0.0000000E+00  0.0000000E+00  0.0000000E+00  0.0000000E+00  0.0000000E+00  0.0000000E+00  0.0000000E+00  0.0000000E+00  0.0000000E+00  0.0000000E+00  0.3997610E-01
HEAVY_FUEL_OIL      0.2801672E-01  0.4996552E-01  0.4812756E-01  0.3873348E-01  0.9938647E-02  0.3403646E-01  0.1840011E+00  0.0000000E+00  0.0000000E+00  0.0000000E+00  0.0000000E+00  0.0000000E+00  0.0000000E+00  0.1237754E+00  0.0000000E+00  0.0000000E+00  0.0000000E+00  0.0000000E+00  0.0000000E+00  0.5165949E+00
OTHER_HF            0.0000000E+00  0.9500109E-01  0.0000000E+00  0.7364525E-01  0.0000000E+00  0.0000000E+00  0.3498474E+00  0.0000000E+00  0.0000000E+00  0.0000000E+00  0.0000000E+00  0.0000000E+00  0.0000000E+00  0.0000000E+00  0.0000000E+00  0.0000000E+00  0.0000000E+00  0.0000000E+00  0.0000000E+00  0.5184937E+00
FUELWOOD            0.0000000E+00  0.0000000E+00  0.0000000E+00  0.0000000E+00  0.0000000E+00  0.0000000E+00  0.0000000E+00  0.0000000E+00  0.0000000E+00  0.0000000E+00  0.0000000E+00  0.0000000E+00  0.0000000E+00  0.0000000E+00  0.0000000E+00  0.1289769E+05  0.0000000E+00  0.0000000E+00  0.0000000E+00  0.1289769E+05
CROP_RESIDUE        0.0000000E+00  0.0000000E+00  0.0000000E+00  0.0000000E+00  0.0000000E+00  0.0000000E+00  0.0000000E+00  0.0000000E+00  0.0000000E+00  0.0000000E+00  0.0000000E+00  0.0000000E+00  0.0000000E+00  0.0000000E+00  0.0000000E+00  0.2086474E+05  0.0000000E+00  0.0000000E+00  0.0000000E+00  0.2086474E+05
ANIMAL_WASTE        0.0000000E+00  0.0000000E+00  0.0000000E+00  0.0000000E+00  0.0000000E+00  0.0000000E+00  0.0000000E+00  0.0000000E+00  0.0000000E+00  0.0000000E+00  0.0000000E+00  0.0000000E+00  0.0000000E+00  0.0000000E+00  0.0000000E+00  0.0000000E+00  0.0000000E+00  0.0000000E+00  0.0000000E+00  0.0000000E+00
OTHERS              0.0000000E+00  0.0000000E+00  0.0000000E+00  0.0000000E+00  0.0000000E+00  0.0000000E+00  0.0000000E+00  0.0000000E+00  0.0000000E+00  0.0000000E+00  0.0000000E+00  0.0000000E+00  0.0000000E+00  0.0000000E+00  0.0000000E+00  0.9516220E+02  0.0000000E+00  0.0000000E+00  0.0000000E+00  0.9516220E+02
SUB_TOTAL           0.2935606E+03  0.4298021E+01  0.5705997E+02  0.1456996E+03  0.1071010E+02  0.1074524E+03  0.1202875E+03  0.3636031E+03  0.1412643E+02  0.1858311E+02  0.1338770E+02  0.1704960E+04  0.0000000E+00  0.1743058E+01  0.1011344E+02  0.3390107E+05  0.1086063E+02  0.1534424E+02  0.3687961E+01  0.3679655E+05
  
Non-Combustion Sources [t/year]
  
Industry [t/year]
  
Sector
AMMONIA             0.5455872E+03
AMMONIUM_NITRATE    0.8724185E+02
UREA                0.1609231E+04
SUB_TOTAL           0.2242060E+04
  
Agriculture [t/year]
  
Sector
FERTILIZER          0.5270257E+06
MANURE_MANAGEMENT   0.1075029E+06
SUB_TOTAL           0.6345286E+06
  
Others [t/year]
  
Sector
HUMAN               0.1515072E+05
WASTE_WATER         0.6798400E+05
SUB_TOTAL           0.8313472E+05
  
Total [t/year]
  
TOTAL               0.7567019E+06
