Year       : 2007
Country    : CHN
Sub-Region : LIAO
  
Combustion Sources [t/year]
  
Fuel Type           POWER_PLANTS   ENERGY         IRON_STEEL     CHEM_PETRCHEM  NON_FERR_MET   NON_MET_MINE   OTHERS         ROAD_CARS      ROAD_BUSES     ROAD_L_TRUCKS  ROAD_H_TRUCKS  ROAD_MC        ROAD_OTHERS    DOM_NAVI       RAILWAY_ETC    RESIDENT       COMM_PUB       AGR_FORE_FISH  OTHERS         SUB_TOTAL    
HARD_COAL           0.4769611E+03  0.4680716E+02  0.8761023E+02  0.2272388E+02  0.6629807E+01  0.2632963E+02  0.2436079E+02  0.0000000E+00  0.0000000E+00  0.0000000E+00  0.0000000E+00  0.0000000E+00  0.0000000E+00  0.0000000E+00  0.5817978E+01  0.2767726E+02  0.1971666E+01  0.7908054E+01  0.3368426E+01  0.7381660E+03
BROWN_COAL          0.0000000E+00  0.0000000E+00  0.0000000E+00  0.0000000E+00  0.0000000E+00  0.0000000E+00  0.0000000E+00  0.0000000E+00  0.0000000E+00  0.0000000E+00  0.0000000E+00  0.0000000E+00  0.0000000E+00  0.0000000E+00  0.0000000E+00  0.0000000E+00  0.0000000E+00  0.0000000E+00  0.0000000E+00  0.0000000E+00
DERIVED_COAL        0.0000000E+00  0.3366927E-01  0.1888938E+03  0.1543327E+01  0.3470664E+01  0.6228814E+01  0.1670068E+02  0.0000000E+00  0.0000000E+00  0.0000000E+00  0.0000000E+00  0.0000000E+00  0.0000000E+00  0.0000000E+00  0.0000000E+00  0.0000000E+00  0.0000000E+00  0.0000000E+00  0.0000000E+00  0.2168710E+03
NATURAL_GAS         0.1128999E+00  0.5691664E+01  0.3189294E+00  0.8856426E+01  0.0000000E+00  0.5887928E+00  0.7114580E+00  0.0000000E+00  0.0000000E+00  0.0000000E+00  0.0000000E+00  0.0000000E+00  0.0000000E+00  0.0000000E+00  0.0000000E+00  0.0000000E+00  0.6322394E+00  0.0000000E+00  0.0000000E+00  0.1691241E+02
COKE_OVEN_GAS       0.1401093E+02  0.2457227E+02  0.1376894E+01  0.3823530E+02  0.0000000E+00  0.2541959E+01  0.3071533E+01  0.0000000E+00  0.0000000E+00  0.0000000E+00  0.0000000E+00  0.0000000E+00  0.0000000E+00  0.0000000E+00  0.0000000E+00  0.0000000E+00  0.0000000E+00  0.0000000E+00  0.0000000E+00  0.8380889E+02
OTHER_GAS           0.1087530E+02  0.1522349E+02  0.8530399E+00  0.2368826E+02  0.0000000E+00  0.1574843E+01  0.1902935E+01  0.0000000E+00  0.0000000E+00  0.0000000E+00  0.0000000E+00  0.0000000E+00  0.0000000E+00  0.0000000E+00  0.0000000E+00  0.0000000E+00  0.0000000E+00  0.0000000E+00  0.0000000E+00  0.5411787E+02
MOTOR_GASOLINE      0.0000000E+00  0.0000000E+00  0.0000000E+00  0.0000000E+00  0.0000000E+00  0.0000000E+00  0.0000000E+00  0.5334167E+03  0.2143553E+02  0.2432107E+02  0.1171232E+02  0.5851892E+02  0.0000000E+00  0.0000000E+00  0.0000000E+00  0.0000000E+00  0.0000000E+00  0.1729691E+01  0.0000000E+00  0.6511342E+03
KEROSENE            0.0000000E+00  0.2692376E-01  0.1009641E-01  0.6478530E-01  0.9255044E-02  0.3702016E-01  0.3222436E+00  0.0000000E+00  0.0000000E+00  0.0000000E+00  0.0000000E+00  0.0000000E+00  0.0000000E+00  0.0000000E+00  0.0000000E+00  0.0000000E+00  0.0000000E+00  0.0000000E+00  0.0000000E+00  0.4703243E+00
OTHER_LF            0.1973820E+00  0.4740141E-01  0.1569001E+00  0.6310582E-01  0.4106201E-01  0.5748681E-01  0.3437558E+00  0.0000000E+00  0.0000000E+00  0.0000000E+00  0.0000000E+00  0.0000000E+00  0.0000000E+00  0.0000000E+00  0.0000000E+00  0.3252101E+00  0.1297629E+00  0.0000000E+00  0.1610746E-01  0.1378174E+01
DIESEL_OIL          0.6804130E-01  0.1494028E+01  0.1560278E+00  0.3646840E+00  0.3436326E+00  0.8395780E+00  0.2908890E+01  0.0000000E+00  0.0000000E+00  0.0000000E+00  0.0000000E+00  0.0000000E+00  0.0000000E+00  0.1150883E+02  0.3192112E+01  0.0000000E+00  0.3677908E+00  0.3581139E+01  0.8643084E-01  0.2491118E+02
CRUDE_OIL           0.3512544E-02  0.4374032E+00  0.0000000E+00  0.5068350E-01  0.0000000E+00  0.6837291E-04  0.5002893E-05  0.0000000E+00  0.0000000E+00  0.0000000E+00  0.0000000E+00  0.0000000E+00  0.0000000E+00  0.0000000E+00  0.0000000E+00  0.0000000E+00  0.0000000E+00  0.0000000E+00  0.4599760E-01  0.5376702E+00
HEAVY_FUEL_OIL      0.2104181E+00  0.3038036E+00  0.1222675E-01  0.8259713E-01  0.1225635E-01  0.8179780E-01  0.2474953E-01  0.0000000E+00  0.0000000E+00  0.0000000E+00  0.0000000E+00  0.0000000E+00  0.0000000E+00  0.1785961E+00  0.0000000E+00  0.0000000E+00  0.0000000E+00  0.0000000E+00  0.2015531E-01  0.9266007E+00
OTHER_HF            0.0000000E+00  0.8709413E-01  0.0000000E+00  0.2367887E-01  0.0000000E+00  0.0000000E+00  0.7095175E-02  0.0000000E+00  0.0000000E+00  0.0000000E+00  0.0000000E+00  0.0000000E+00  0.0000000E+00  0.0000000E+00  0.0000000E+00  0.0000000E+00  0.0000000E+00  0.0000000E+00  0.0000000E+00  0.1178682E+00
FUELWOOD            0.0000000E+00  0.0000000E+00  0.0000000E+00  0.0000000E+00  0.0000000E+00  0.0000000E+00  0.0000000E+00  0.0000000E+00  0.0000000E+00  0.0000000E+00  0.0000000E+00  0.0000000E+00  0.0000000E+00  0.0000000E+00  0.0000000E+00  0.1053078E+05  0.0000000E+00  0.0000000E+00  0.0000000E+00  0.1053078E+05
CROP_RESIDUE        0.0000000E+00  0.0000000E+00  0.0000000E+00  0.0000000E+00  0.0000000E+00  0.0000000E+00  0.0000000E+00  0.0000000E+00  0.0000000E+00  0.0000000E+00  0.0000000E+00  0.0000000E+00  0.0000000E+00  0.0000000E+00  0.0000000E+00  0.1768676E+05  0.0000000E+00  0.0000000E+00  0.0000000E+00  0.1768676E+05
ANIMAL_WASTE        0.0000000E+00  0.0000000E+00  0.0000000E+00  0.0000000E+00  0.0000000E+00  0.0000000E+00  0.0000000E+00  0.0000000E+00  0.0000000E+00  0.0000000E+00  0.0000000E+00  0.0000000E+00  0.0000000E+00  0.0000000E+00  0.0000000E+00  0.0000000E+00  0.0000000E+00  0.0000000E+00  0.0000000E+00  0.0000000E+00
OTHERS              0.0000000E+00  0.0000000E+00  0.0000000E+00  0.0000000E+00  0.0000000E+00  0.0000000E+00  0.0000000E+00  0.0000000E+00  0.0000000E+00  0.0000000E+00  0.0000000E+00  0.0000000E+00  0.0000000E+00  0.0000000E+00  0.0000000E+00  0.1648920E+02  0.0000000E+00  0.0000000E+00  0.0000000E+00  0.1648920E+02
SUB_TOTAL           0.5024396E+03  0.9472491E+02  0.2793881E+03  0.9569673E+02  0.1050668E+02  0.3827999E+02  0.5035414E+02  0.5334167E+03  0.2143553E+02  0.2432107E+02  0.1171232E+02  0.5851892E+02  0.0000000E+00  0.1168743E+02  0.9010090E+01  0.2826203E+05  0.3101459E+01  0.1321888E+02  0.3537117E+01  0.3002338E+05
  
Non-Combustion Sources [t/year]
  
Industry [t/year]
  
Sector
AMMONIA             0.8219310E+03
AMMONIUM_NITRATE    0.1314305E+03
UREA                0.2424317E+04
SUB_TOTAL           0.3377679E+04
  
Agriculture [t/year]
  
Sector
FERTILIZER          0.2646127E+06
MANURE_MANAGEMENT   0.7630127E+05
SUB_TOTAL           0.3409140E+06
  
Others [t/year]
  
Sector
HUMAN               0.1056232E+05
WASTE_WATER         0.4739504E+05
SUB_TOTAL           0.5795736E+05
  
Total [t/year]
  
TOTAL               0.4322724E+06
