Year       : 2007
Country    : CHN
Sub-Region : FUJI
  
Combustion Sources [t/year]
  
Fuel Type           POWER_PLANTS   ENERGY         IRON_STEEL     CHEM_PETRCHEM  NON_FERR_MET   NON_MET_MINE   OTHERS         ROAD_CARS      ROAD_BUSES     ROAD_L_TRUCKS  ROAD_H_TRUCKS  ROAD_MC        ROAD_OTHERS    DOM_NAVI       RAILWAY_ETC    RESIDENT       COMM_PUB       AGR_FORE_FISH  OTHERS         SUB_TOTAL    
HARD_COAL           0.2121084E+03  0.4890098E+01  0.8020583E+01  0.3947615E+02  0.3943109E+00  0.6726003E+02  0.3295558E+02  0.0000000E+00  0.0000000E+00  0.0000000E+00  0.0000000E+00  0.0000000E+00  0.0000000E+00  0.0000000E+00  0.3759258E+00  0.8717591E+01  0.1845277E+01  0.4053517E+01  0.4137778E+01  0.3842352E+03
BROWN_COAL          0.0000000E+00  0.0000000E+00  0.0000000E+00  0.0000000E+00  0.0000000E+00  0.0000000E+00  0.0000000E+00  0.0000000E+00  0.0000000E+00  0.0000000E+00  0.0000000E+00  0.0000000E+00  0.0000000E+00  0.0000000E+00  0.0000000E+00  0.0000000E+00  0.0000000E+00  0.0000000E+00  0.0000000E+00  0.0000000E+00
DERIVED_COAL        0.0000000E+00  0.0000000E+00  0.4952390E+02  0.6967854E+00  0.6245218E+00  0.1902437E-01  0.8384084E+00  0.0000000E+00  0.0000000E+00  0.0000000E+00  0.0000000E+00  0.0000000E+00  0.0000000E+00  0.0000000E+00  0.0000000E+00  0.0000000E+00  0.0000000E+00  0.0000000E+00  0.0000000E+00  0.5170264E+02
NATURAL_GAS         0.0000000E+00  0.0000000E+00  0.0000000E+00  0.0000000E+00  0.0000000E+00  0.0000000E+00  0.1083839E+01  0.0000000E+00  0.0000000E+00  0.0000000E+00  0.0000000E+00  0.0000000E+00  0.0000000E+00  0.0000000E+00  0.0000000E+00  0.0000000E+00  0.0000000E+00  0.0000000E+00  0.0000000E+00  0.1083839E+01
COKE_OVEN_GAS       0.2068424E+01  0.0000000E+00  0.0000000E+00  0.0000000E+00  0.0000000E+00  0.0000000E+00  0.3317027E+01  0.0000000E+00  0.0000000E+00  0.0000000E+00  0.0000000E+00  0.0000000E+00  0.0000000E+00  0.0000000E+00  0.0000000E+00  0.0000000E+00  0.0000000E+00  0.0000000E+00  0.0000000E+00  0.5385451E+01
OTHER_GAS           0.8814608E+00  0.0000000E+00  0.0000000E+00  0.0000000E+00  0.0000000E+00  0.0000000E+00  0.4084952E+01  0.0000000E+00  0.0000000E+00  0.0000000E+00  0.0000000E+00  0.0000000E+00  0.0000000E+00  0.0000000E+00  0.0000000E+00  0.0000000E+00  0.0000000E+00  0.0000000E+00  0.0000000E+00  0.4966413E+01
MOTOR_GASOLINE      0.0000000E+00  0.0000000E+00  0.0000000E+00  0.0000000E+00  0.0000000E+00  0.0000000E+00  0.0000000E+00  0.4003834E+03  0.9308509E+01  0.2356549E+02  0.6274149E+01  0.1715376E+03  0.0000000E+00  0.0000000E+00  0.0000000E+00  0.0000000E+00  0.0000000E+00  0.6115940E+00  0.0000000E+00  0.6116807E+03
KEROSENE            0.0000000E+00  0.0000000E+00  0.2942720E-01  0.2479070E+00  0.3883706E-01  0.1064169E+00  0.2699774E+00  0.0000000E+00  0.0000000E+00  0.0000000E+00  0.0000000E+00  0.0000000E+00  0.0000000E+00  0.0000000E+00  0.0000000E+00  0.0000000E+00  0.0000000E+00  0.0000000E+00  0.0000000E+00  0.6925656E+00
OTHER_LF            0.2754089E-01  0.1140072E-02  0.4307503E-02  0.1754675E-01  0.1134996E-02  0.7864770E-02  0.7866801E-01  0.0000000E+00  0.0000000E+00  0.0000000E+00  0.0000000E+00  0.0000000E+00  0.0000000E+00  0.0000000E+00  0.0000000E+00  0.4307868E+00  0.1836551E-01  0.1003580E-03  0.0000000E+00  0.5874557E+00
DIESEL_OIL          0.6926727E-01  0.8559322E-01  0.4514879E-01  0.6845325E+00  0.6570601E+00  0.3255624E+01  0.4178614E+01  0.0000000E+00  0.0000000E+00  0.0000000E+00  0.0000000E+00  0.0000000E+00  0.0000000E+00  0.3098090E+01  0.2370072E+00  0.4033439E+00  0.6001120E+00  0.7474163E+01  0.1541043E+01  0.2232960E+02
CRUDE_OIL           0.0000000E+00  0.0000000E+00  0.0000000E+00  0.0000000E+00  0.0000000E+00  0.0000000E+00  0.0000000E+00  0.0000000E+00  0.0000000E+00  0.0000000E+00  0.0000000E+00  0.0000000E+00  0.0000000E+00  0.0000000E+00  0.0000000E+00  0.0000000E+00  0.0000000E+00  0.0000000E+00  0.0000000E+00  0.0000000E+00
HEAVY_FUEL_OIL      0.1103942E-01  0.4759541E-02  0.1365518E-01  0.4385798E-01  0.1902523E-01  0.2057883E+00  0.1161454E+00  0.0000000E+00  0.0000000E+00  0.0000000E+00  0.0000000E+00  0.0000000E+00  0.0000000E+00  0.8919353E-01  0.0000000E+00  0.0000000E+00  0.0000000E+00  0.1898446E-01  0.0000000E+00  0.5224490E+00
OTHER_HF            0.0000000E+00  0.2389231E-02  0.0000000E+00  0.2201616E-01  0.0000000E+00  0.0000000E+00  0.1051427E+00  0.0000000E+00  0.0000000E+00  0.0000000E+00  0.0000000E+00  0.0000000E+00  0.0000000E+00  0.0000000E+00  0.0000000E+00  0.0000000E+00  0.0000000E+00  0.0000000E+00  0.0000000E+00  0.1295481E+00
FUELWOOD            0.0000000E+00  0.0000000E+00  0.0000000E+00  0.0000000E+00  0.0000000E+00  0.0000000E+00  0.0000000E+00  0.0000000E+00  0.0000000E+00  0.0000000E+00  0.0000000E+00  0.0000000E+00  0.0000000E+00  0.0000000E+00  0.0000000E+00  0.7021560E+04  0.0000000E+00  0.0000000E+00  0.0000000E+00  0.7021560E+04
CROP_RESIDUE        0.0000000E+00  0.0000000E+00  0.0000000E+00  0.0000000E+00  0.0000000E+00  0.0000000E+00  0.0000000E+00  0.0000000E+00  0.0000000E+00  0.0000000E+00  0.0000000E+00  0.0000000E+00  0.0000000E+00  0.0000000E+00  0.0000000E+00  0.1986920E+04  0.0000000E+00  0.0000000E+00  0.0000000E+00  0.1986920E+04
ANIMAL_WASTE        0.0000000E+00  0.0000000E+00  0.0000000E+00  0.0000000E+00  0.0000000E+00  0.0000000E+00  0.0000000E+00  0.0000000E+00  0.0000000E+00  0.0000000E+00  0.0000000E+00  0.0000000E+00  0.0000000E+00  0.0000000E+00  0.0000000E+00  0.0000000E+00  0.0000000E+00  0.0000000E+00  0.0000000E+00  0.0000000E+00
OTHERS              0.0000000E+00  0.0000000E+00  0.0000000E+00  0.0000000E+00  0.0000000E+00  0.0000000E+00  0.0000000E+00  0.0000000E+00  0.0000000E+00  0.0000000E+00  0.0000000E+00  0.0000000E+00  0.0000000E+00  0.0000000E+00  0.0000000E+00  0.3697960E+02  0.0000000E+00  0.0000000E+00  0.0000000E+00  0.3697960E+02
SUB_TOTAL           0.2151661E+03  0.4983980E+01  0.5763702E+02  0.4118880E+02  0.1734890E+01  0.7085475E+02  0.4702835E+02  0.4003834E+03  0.9308509E+01  0.2356549E+02  0.6274149E+01  0.1715376E+03  0.0000000E+00  0.3187284E+01  0.6129330E+00  0.9055011E+04  0.2463755E+01  0.1215836E+02  0.5678821E+01  0.1012878E+05
  
Non-Combustion Sources [t/year]
  
Industry [t/year]
  
Sector
AMMONIA             0.6351796E+03
AMMONIUM_NITRATE    0.1015681E+03
UREA                0.1873487E+04
SUB_TOTAL           0.2610235E+04
  
Agriculture [t/year]
  
Sector
FERTILIZER          0.1918576E+06
MANURE_MANAGEMENT   0.3963022E+05
SUB_TOTAL           0.2314878E+06
  
Others [t/year]
  
Sector
HUMAN               0.8938176E+04
WASTE_WATER         0.4010720E+05
SUB_TOTAL           0.4904538E+05
  
Total [t/year]
  
TOTAL               0.2932722E+06
