Year       : 2007
Country    : CHN
Sub-Region : SHND
  
Combustion Sources [t/year]
  
Fuel Type           POWER_PLANTS   ENERGY         IRON_STEEL     CHEM_PETRCHEM  NON_FERR_MET   NON_MET_MINE   OTHERS         ROAD_CARS      ROAD_BUSES     ROAD_L_TRUCKS  ROAD_H_TRUCKS  ROAD_MC        ROAD_OTHERS    DOM_NAVI       RAILWAY_ETC    RESIDENT       COMM_PUB       AGR_FORE_FISH  OTHERS         SUB_TOTAL    
HARD_COAL           0.1017725E+04  0.7245243E+02  0.0000000E+00  0.0000000E+00  0.0000000E+00  0.2035484E+03  0.3092762E+03  0.0000000E+00  0.0000000E+00  0.0000000E+00  0.0000000E+00  0.0000000E+00  0.0000000E+00  0.0000000E+00  0.4660183E+01  0.3938148E+02  0.6552777E+01  0.1775926E+02  0.5120369E+01  0.1676476E+04
BROWN_COAL          0.0000000E+00  0.0000000E+00  0.0000000E+00  0.0000000E+00  0.0000000E+00  0.0000000E+00  0.0000000E+00  0.0000000E+00  0.0000000E+00  0.0000000E+00  0.0000000E+00  0.0000000E+00  0.0000000E+00  0.0000000E+00  0.0000000E+00  0.0000000E+00  0.0000000E+00  0.0000000E+00  0.0000000E+00  0.0000000E+00
DERIVED_COAL        0.6242270E+01  0.1336570E+02  0.0000000E+00  0.0000000E+00  0.0000000E+00  0.6007512E+01  0.3202265E+03  0.0000000E+00  0.0000000E+00  0.0000000E+00  0.0000000E+00  0.0000000E+00  0.0000000E+00  0.0000000E+00  0.0000000E+00  0.9210168E+00  0.3969900E-01  0.0000000E+00  0.0000000E+00  0.3468027E+03
NATURAL_GAS         0.8580393E+00  0.0000000E+00  0.0000000E+00  0.0000000E+00  0.0000000E+00  0.0000000E+00  0.3386997E+02  0.0000000E+00  0.0000000E+00  0.0000000E+00  0.0000000E+00  0.0000000E+00  0.0000000E+00  0.0000000E+00  0.0000000E+00  0.1106419E+02  0.2709598E+01  0.0000000E+00  0.2483798E+01  0.5098560E+02
COKE_OVEN_GAS       0.2222423E+02  0.0000000E+00  0.0000000E+00  0.0000000E+00  0.0000000E+00  0.0000000E+00  0.4047768E+02  0.0000000E+00  0.0000000E+00  0.0000000E+00  0.0000000E+00  0.0000000E+00  0.0000000E+00  0.0000000E+00  0.0000000E+00  0.4680374E+01  0.4227434E+01  0.0000000E+00  0.2415677E+01  0.7402540E+02
OTHER_GAS           0.3195295E+01  0.0000000E+00  0.0000000E+00  0.0000000E+00  0.0000000E+00  0.0000000E+00  0.0000000E+00  0.0000000E+00  0.0000000E+00  0.0000000E+00  0.0000000E+00  0.0000000E+00  0.0000000E+00  0.0000000E+00  0.0000000E+00  0.0000000E+00  0.0000000E+00  0.0000000E+00  0.0000000E+00  0.3195295E+01
MOTOR_GASOLINE      0.0000000E+00  0.0000000E+00  0.0000000E+00  0.0000000E+00  0.0000000E+00  0.0000000E+00  0.0000000E+00  0.1478814E+04  0.2674650E+02  0.5868587E+02  0.2183351E+02  0.6763561E+03  0.0000000E+00  0.0000000E+00  0.0000000E+00  0.0000000E+00  0.0000000E+00  0.8527860E+00  0.0000000E+00  0.2263289E+04
KEROSENE            0.0000000E+00  0.0000000E+00  0.0000000E+00  0.0000000E+00  0.0000000E+00  0.0000000E+00  0.2937374E+00  0.0000000E+00  0.0000000E+00  0.0000000E+00  0.0000000E+00  0.0000000E+00  0.0000000E+00  0.0000000E+00  0.0000000E+00  0.0000000E+00  0.0000000E+00  0.0000000E+00  0.0000000E+00  0.2937374E+00
OTHER_LF            0.1887016E-01  0.0000000E+00  0.0000000E+00  0.0000000E+00  0.0000000E+00  0.0000000E+00  0.3957900E+00  0.0000000E+00  0.0000000E+00  0.0000000E+00  0.0000000E+00  0.0000000E+00  0.0000000E+00  0.0000000E+00  0.0000000E+00  0.7594090E+00  0.6372733E-01  0.0000000E+00  0.2358413E-01  0.1261381E+01
DIESEL_OIL          0.3457234E+00  0.0000000E+00  0.0000000E+00  0.0000000E+00  0.0000000E+00  0.0000000E+00  0.9240132E+01  0.0000000E+00  0.0000000E+00  0.0000000E+00  0.0000000E+00  0.0000000E+00  0.0000000E+00  0.1940462E+02  0.2383189E+01  0.6221794E+00  0.4364451E+01  0.1706549E+02  0.5400395E+01  0.5882618E+02
CRUDE_OIL           0.0000000E+00  0.2780914E-01  0.0000000E+00  0.0000000E+00  0.0000000E+00  0.0000000E+00  0.5561513E+00  0.0000000E+00  0.0000000E+00  0.0000000E+00  0.0000000E+00  0.0000000E+00  0.0000000E+00  0.0000000E+00  0.0000000E+00  0.0000000E+00  0.0000000E+00  0.0000000E+00  0.0000000E+00  0.5839604E+00
HEAVY_FUEL_OIL      0.6264037E-01  0.2655659E-01  0.0000000E+00  0.0000000E+00  0.0000000E+00  0.0000000E+00  0.5311016E+00  0.0000000E+00  0.0000000E+00  0.0000000E+00  0.0000000E+00  0.0000000E+00  0.0000000E+00  0.8994622E+00  0.0000000E+00  0.0000000E+00  0.1589008E-01  0.0000000E+00  0.0000000E+00  0.1535651E+01
OTHER_HF            0.0000000E+00  0.8904605E-01  0.0000000E+00  0.0000000E+00  0.0000000E+00  0.0000000E+00  0.2842404E+01  0.0000000E+00  0.0000000E+00  0.0000000E+00  0.0000000E+00  0.0000000E+00  0.0000000E+00  0.0000000E+00  0.0000000E+00  0.0000000E+00  0.1301942E-01  0.0000000E+00  0.0000000E+00  0.2944469E+01
FUELWOOD            0.0000000E+00  0.0000000E+00  0.0000000E+00  0.0000000E+00  0.0000000E+00  0.0000000E+00  0.0000000E+00  0.0000000E+00  0.0000000E+00  0.0000000E+00  0.0000000E+00  0.0000000E+00  0.0000000E+00  0.0000000E+00  0.0000000E+00  0.6251960E+04  0.0000000E+00  0.0000000E+00  0.0000000E+00  0.6251960E+04
CROP_RESIDUE        0.0000000E+00  0.0000000E+00  0.0000000E+00  0.0000000E+00  0.0000000E+00  0.0000000E+00  0.0000000E+00  0.0000000E+00  0.0000000E+00  0.0000000E+00  0.0000000E+00  0.0000000E+00  0.0000000E+00  0.0000000E+00  0.0000000E+00  0.3797560E+05  0.0000000E+00  0.0000000E+00  0.0000000E+00  0.3797560E+05
ANIMAL_WASTE        0.0000000E+00  0.0000000E+00  0.0000000E+00  0.0000000E+00  0.0000000E+00  0.0000000E+00  0.0000000E+00  0.0000000E+00  0.0000000E+00  0.0000000E+00  0.0000000E+00  0.0000000E+00  0.0000000E+00  0.0000000E+00  0.0000000E+00  0.0000000E+00  0.0000000E+00  0.0000000E+00  0.0000000E+00  0.0000000E+00
OTHERS              0.0000000E+00  0.0000000E+00  0.0000000E+00  0.0000000E+00  0.0000000E+00  0.0000000E+00  0.0000000E+00  0.0000000E+00  0.0000000E+00  0.0000000E+00  0.0000000E+00  0.0000000E+00  0.0000000E+00  0.0000000E+00  0.0000000E+00  0.5292350E+02  0.0000000E+00  0.0000000E+00  0.0000000E+00  0.5292350E+02
SUB_TOTAL           0.1050672E+04  0.8596154E+02  0.0000000E+00  0.0000000E+00  0.0000000E+00  0.2095559E+03  0.7177097E+03  0.1478814E+04  0.2674650E+02  0.5868587E+02  0.2183351E+02  0.6763561E+03  0.0000000E+00  0.2030408E+02  0.7043372E+01  0.4433791E+05  0.1798660E+02  0.3567754E+02  0.1544382E+02  0.4876070E+05
  
Non-Combustion Sources [t/year]
  
Industry [t/year]
  
Sector
AMMONIA             0.2120108E+04
AMMONIUM_NITRATE    0.3390149E+03
UREA                0.6253342E+04
SUB_TOTAL           0.8712465E+04
  
Agriculture [t/year]
  
Sector
FERTILIZER          0.7439826E+06
MANURE_MANAGEMENT   0.1887467E+06
SUB_TOTAL           0.9327293E+06
  
Others [t/year]
  
Sector
HUMAN               0.2338003E+05
WASTE_WATER         0.1049104E+06
SUB_TOTAL           0.1282904E+06
  
Total [t/year]
  
TOTAL               0.1118493E+07
