Year       : 2007
Country    : CHN
Sub-Region : SHAA
  
Combustion Sources [t/year]
  
Fuel Type           POWER_PLANTS   ENERGY         IRON_STEEL     CHEM_PETRCHEM  NON_FERR_MET   NON_MET_MINE   OTHERS         ROAD_CARS      ROAD_BUSES     ROAD_L_TRUCKS  ROAD_H_TRUCKS  ROAD_MC        ROAD_OTHERS    DOM_NAVI       RAILWAY_ETC    RESIDENT       COMM_PUB       AGR_FORE_FISH  OTHERS         SUB_TOTAL    
HARD_COAL           0.2279920E+03  0.5885476E+02  0.1229252E+01  0.1679739E+02  0.5389738E+01  0.1323028E+02  0.9477944E+01  0.0000000E+00  0.0000000E+00  0.0000000E+00  0.0000000E+00  0.0000000E+00  0.0000000E+00  0.0000000E+00  0.1674918E+01  0.3021666E+01  0.1283333E+02  0.1401296E+01  0.0000000E+00  0.3519026E+03
BROWN_COAL          0.0000000E+00  0.0000000E+00  0.0000000E+00  0.0000000E+00  0.0000000E+00  0.0000000E+00  0.0000000E+00  0.0000000E+00  0.0000000E+00  0.0000000E+00  0.0000000E+00  0.0000000E+00  0.0000000E+00  0.0000000E+00  0.0000000E+00  0.0000000E+00  0.0000000E+00  0.0000000E+00  0.0000000E+00  0.0000000E+00
DERIVED_COAL        0.2802749E+00  0.3663204E-02  0.2964142E+02  0.1751256E+02  0.1842592E+01  0.6471659E-01  0.6239657E+00  0.0000000E+00  0.0000000E+00  0.0000000E+00  0.0000000E+00  0.0000000E+00  0.0000000E+00  0.0000000E+00  0.0000000E+00  0.3572910E+01  0.0000000E+00  0.0000000E+00  0.0000000E+00  0.5354210E+02
NATURAL_GAS         0.4809536E+01  0.0000000E+00  0.0000000E+00  0.0000000E+00  0.0000000E+00  0.0000000E+00  0.4723732E+02  0.0000000E+00  0.0000000E+00  0.0000000E+00  0.0000000E+00  0.0000000E+00  0.0000000E+00  0.0000000E+00  0.0000000E+00  0.2887979E+02  0.1241899E+02  0.0000000E+00  0.0000000E+00  0.9334564E+02
COKE_OVEN_GAS       0.9360748E+00  0.0000000E+00  0.0000000E+00  0.0000000E+00  0.0000000E+00  0.0000000E+00  0.0000000E+00  0.0000000E+00  0.0000000E+00  0.0000000E+00  0.0000000E+00  0.0000000E+00  0.0000000E+00  0.0000000E+00  0.0000000E+00  0.0000000E+00  0.0000000E+00  0.0000000E+00  0.0000000E+00  0.9360748E+00
OTHER_GAS           0.1347688E+01  0.0000000E+00  0.0000000E+00  0.0000000E+00  0.0000000E+00  0.0000000E+00  0.2130804E+00  0.0000000E+00  0.0000000E+00  0.0000000E+00  0.0000000E+00  0.0000000E+00  0.0000000E+00  0.0000000E+00  0.0000000E+00  0.0000000E+00  0.0000000E+00  0.0000000E+00  0.0000000E+00  0.1560768E+01
MOTOR_GASOLINE      0.0000000E+00  0.0000000E+00  0.0000000E+00  0.0000000E+00  0.0000000E+00  0.0000000E+00  0.0000000E+00  0.3384262E+03  0.9091015E+01  0.8776838E+01  0.8940079E+01  0.7312115E+02  0.0000000E+00  0.0000000E+00  0.0000000E+00  0.0000000E+00  0.0000000E+00  0.2334394E+00  0.0000000E+00  0.4385887E+03
KEROSENE            0.0000000E+00  0.6398907E-01  0.2711402E-02  0.1879905E-01  0.6145844E-02  0.4157482E-02  0.4374395E-01  0.0000000E+00  0.0000000E+00  0.0000000E+00  0.0000000E+00  0.0000000E+00  0.0000000E+00  0.0000000E+00  0.0000000E+00  0.0000000E+00  0.0000000E+00  0.0000000E+00  0.0000000E+00  0.1395468E+00
OTHER_LF            0.1059265E-02  0.7094543E-02  0.3006162E-03  0.2084272E-02  0.6813968E-03  0.4609450E-03  0.4849943E-02  0.0000000E+00  0.0000000E+00  0.0000000E+00  0.0000000E+00  0.0000000E+00  0.0000000E+00  0.0000000E+00  0.0000000E+00  0.2358413E+00  0.1505370E-02  0.0000000E+00  0.0000000E+00  0.2538777E+00
DIESEL_OIL          0.7417115E-01  0.2230972E+01  0.2912225E-02  0.6115671E-01  0.1266817E+00  0.1154489E+00  0.2902134E+00  0.0000000E+00  0.0000000E+00  0.0000000E+00  0.0000000E+00  0.0000000E+00  0.0000000E+00  0.4373325E-02  0.1744957E+01  0.3064924E+00  0.1103373E+01  0.1830781E+01  0.9623860E-01  0.7987771E+01
CRUDE_OIL           0.0000000E+00  0.6528073E-02  0.1412284E-03  0.3356251E-03  0.3937779E-03  0.3455942E-03  0.9952446E-03  0.0000000E+00  0.0000000E+00  0.0000000E+00  0.0000000E+00  0.0000000E+00  0.0000000E+00  0.0000000E+00  0.0000000E+00  0.0000000E+00  0.0000000E+00  0.0000000E+00  0.0000000E+00  0.8739543E-02
HEAVY_FUEL_OIL      0.4181600E-04  0.2936071E-02  0.6351900E-04  0.1509510E-03  0.1771058E-03  0.1554347E-03  0.4476220E-03  0.0000000E+00  0.0000000E+00  0.0000000E+00  0.0000000E+00  0.0000000E+00  0.0000000E+00  0.7526880E-03  0.0000000E+00  0.0000000E+00  0.0000000E+00  0.0000000E+00  0.0000000E+00  0.4725208E-02
OTHER_HF            0.0000000E+00  0.1953624E-01  0.0000000E+00  0.1004408E-02  0.0000000E+00  0.0000000E+00  0.2978419E-02  0.0000000E+00  0.0000000E+00  0.0000000E+00  0.0000000E+00  0.0000000E+00  0.0000000E+00  0.0000000E+00  0.0000000E+00  0.0000000E+00  0.0000000E+00  0.0000000E+00  0.0000000E+00  0.2351907E-01
FUELWOOD            0.0000000E+00  0.0000000E+00  0.0000000E+00  0.0000000E+00  0.0000000E+00  0.0000000E+00  0.0000000E+00  0.0000000E+00  0.0000000E+00  0.0000000E+00  0.0000000E+00  0.0000000E+00  0.0000000E+00  0.0000000E+00  0.0000000E+00  0.9442420E+04  0.0000000E+00  0.0000000E+00  0.0000000E+00  0.9442420E+04
CROP_RESIDUE        0.0000000E+00  0.0000000E+00  0.0000000E+00  0.0000000E+00  0.0000000E+00  0.0000000E+00  0.0000000E+00  0.0000000E+00  0.0000000E+00  0.0000000E+00  0.0000000E+00  0.0000000E+00  0.0000000E+00  0.0000000E+00  0.0000000E+00  0.1479075E+05  0.0000000E+00  0.0000000E+00  0.0000000E+00  0.1479075E+05
ANIMAL_WASTE        0.0000000E+00  0.0000000E+00  0.0000000E+00  0.0000000E+00  0.0000000E+00  0.0000000E+00  0.0000000E+00  0.0000000E+00  0.0000000E+00  0.0000000E+00  0.0000000E+00  0.0000000E+00  0.0000000E+00  0.0000000E+00  0.0000000E+00  0.0000000E+00  0.0000000E+00  0.0000000E+00  0.0000000E+00  0.0000000E+00
OTHERS              0.0000000E+00  0.0000000E+00  0.0000000E+00  0.0000000E+00  0.0000000E+00  0.0000000E+00  0.0000000E+00  0.0000000E+00  0.0000000E+00  0.0000000E+00  0.0000000E+00  0.0000000E+00  0.0000000E+00  0.0000000E+00  0.0000000E+00  0.2864050E+02  0.0000000E+00  0.0000000E+00  0.0000000E+00  0.2864050E+02
SUB_TOTAL           0.2354408E+03  0.6118948E+02  0.3087680E+02  0.3439348E+02  0.7366410E+01  0.1341556E+02  0.5789554E+02  0.3384262E+03  0.9091015E+01  0.8776838E+01  0.8940079E+01  0.7312115E+02  0.0000000E+00  0.5126013E-02  0.3419875E+01  0.2429783E+05  0.2635720E+02  0.3465516E+01  0.9623860E-01  0.2521010E+05
  
Non-Combustion Sources [t/year]
  
Industry [t/year]
  
Sector
AMMONIA             0.4021888E+03
AMMONIUM_NITRATE    0.6431180E+02
UREA                0.1186272E+04
SUB_TOTAL           0.1652773E+04
  
Agriculture [t/year]
  
Sector
FERTILIZER          0.2491017E+06
MANURE_MANAGEMENT   0.5190862E+05
SUB_TOTAL           0.3010103E+06
  
Others [t/year]
  
Sector
HUMAN               0.9355008E+04
WASTE_WATER         0.4197760E+05
SUB_TOTAL           0.5133261E+05
  
Total [t/year]
  
TOTAL               0.3792058E+06
