Year       : 2007
Country    : CHN
Sub-Region : QING
  
Combustion Sources [t/year]
  
Fuel Type           POWER_PLANTS   ENERGY         IRON_STEEL     CHEM_PETRCHEM  NON_FERR_MET   NON_MET_MINE   OTHERS         ROAD_CARS      ROAD_BUSES     ROAD_L_TRUCKS  ROAD_H_TRUCKS  ROAD_MC        ROAD_OTHERS    DOM_NAVI       RAILWAY_ETC    RESIDENT       COMM_PUB       AGR_FORE_FISH  OTHERS         SUB_TOTAL    
HARD_COAL           0.3131074E+02  0.2538073E+00  0.7863572E+01  0.9417584E+01  0.8593825E+00  0.2315433E-01  0.1701479E+01  0.0000000E+00  0.0000000E+00  0.0000000E+00  0.0000000E+00  0.0000000E+00  0.0000000E+00  0.0000000E+00  0.7298147E+00  0.5185184E+01  0.1652777E+00  0.2683333E+00  0.5554630E+00  0.5833379E+02
BROWN_COAL          0.0000000E+00  0.0000000E+00  0.0000000E+00  0.0000000E+00  0.0000000E+00  0.0000000E+00  0.0000000E+00  0.0000000E+00  0.0000000E+00  0.0000000E+00  0.0000000E+00  0.0000000E+00  0.0000000E+00  0.0000000E+00  0.0000000E+00  0.0000000E+00  0.0000000E+00  0.0000000E+00  0.0000000E+00  0.0000000E+00
DERIVED_COAL        0.0000000E+00  0.1314625E+00  0.4073031E+01  0.4877948E+01  0.4451272E+00  0.1199306E-01  0.8012517E+00  0.0000000E+00  0.0000000E+00  0.0000000E+00  0.0000000E+00  0.0000000E+00  0.0000000E+00  0.0000000E+00  0.0000000E+00  0.0000000E+00  0.1508562E-01  0.0000000E+00  0.0000000E+00  0.1035590E+02
NATURAL_GAS         0.5712735E+01  0.0000000E+00  0.0000000E+00  0.0000000E+00  0.0000000E+00  0.0000000E+00  0.9348111E+01  0.0000000E+00  0.0000000E+00  0.0000000E+00  0.0000000E+00  0.0000000E+00  0.0000000E+00  0.0000000E+00  0.0000000E+00  0.1298349E+02  0.5103075E+01  0.2257998E-01  0.1113193E+02  0.4430192E+02
COKE_OVEN_GAS       0.0000000E+00  0.0000000E+00  0.0000000E+00  0.0000000E+00  0.0000000E+00  0.0000000E+00  0.5133313E+00  0.0000000E+00  0.0000000E+00  0.0000000E+00  0.0000000E+00  0.0000000E+00  0.0000000E+00  0.0000000E+00  0.0000000E+00  0.0000000E+00  0.0000000E+00  0.0000000E+00  0.0000000E+00  0.5133313E+00
OTHER_GAS           0.0000000E+00  0.0000000E+00  0.0000000E+00  0.0000000E+00  0.0000000E+00  0.0000000E+00  0.0000000E+00  0.0000000E+00  0.0000000E+00  0.0000000E+00  0.0000000E+00  0.0000000E+00  0.0000000E+00  0.0000000E+00  0.0000000E+00  0.0000000E+00  0.0000000E+00  0.0000000E+00  0.0000000E+00  0.0000000E+00
MOTOR_GASOLINE      0.0000000E+00  0.0000000E+00  0.0000000E+00  0.0000000E+00  0.0000000E+00  0.0000000E+00  0.0000000E+00  0.5213571E+02  0.1984569E+01  0.2952168E+01  0.2221501E+01  0.5487276E+01  0.0000000E+00  0.0000000E+00  0.0000000E+00  0.0000000E+00  0.0000000E+00  0.4436210E-01  0.0000000E+00  0.6482559E+02
KEROSENE            0.0000000E+00  0.0000000E+00  0.0000000E+00  0.0000000E+00  0.0000000E+00  0.0000000E+00  0.0000000E+00  0.0000000E+00  0.0000000E+00  0.0000000E+00  0.0000000E+00  0.0000000E+00  0.0000000E+00  0.0000000E+00  0.0000000E+00  0.0000000E+00  0.0000000E+00  0.0000000E+00  0.0000000E+00  0.0000000E+00
OTHER_LF            0.0000000E+00  0.3994861E-02  0.6887692E-03  0.6749938E-02  0.9642769E-03  0.9642769E-03  0.2066308E-02  0.0000000E+00  0.0000000E+00  0.0000000E+00  0.0000000E+00  0.0000000E+00  0.0000000E+00  0.0000000E+00  0.0000000E+00  0.2684576E-01  0.0000000E+00  0.0000000E+00  0.0000000E+00  0.4227419E-01
DIESEL_OIL          0.2574536E-01  0.1471327E+00  0.1691181E-02  0.2486035E+00  0.3551480E-01  0.3551480E-01  0.2471259E+00  0.0000000E+00  0.0000000E+00  0.0000000E+00  0.0000000E+00  0.0000000E+00  0.0000000E+00  0.0000000E+00  0.1964685E+00  0.0000000E+00  0.5210370E-01  0.1229239E+00  0.1428254E+00  0.1255650E+01
CRUDE_OIL           0.0000000E+00  0.3670473E-02  0.6328402E-03  0.6201834E-02  0.8859763E-03  0.8859763E-03  0.1898521E-02  0.0000000E+00  0.0000000E+00  0.0000000E+00  0.0000000E+00  0.0000000E+00  0.0000000E+00  0.0000000E+00  0.0000000E+00  0.0000000E+00  0.0000000E+00  0.0000000E+00  0.0000000E+00  0.1417562E-01
HEAVY_FUEL_OIL      0.1672640E-03  0.1407556E-03  0.2426822E-04  0.2378285E-03  0.3397550E-04  0.3397550E-04  0.7280465E-04  0.0000000E+00  0.0000000E+00  0.0000000E+00  0.0000000E+00  0.0000000E+00  0.0000000E+00  0.0000000E+00  0.0000000E+00  0.0000000E+00  0.0000000E+00  0.0000000E+00  0.0000000E+00  0.7108720E-03
OTHER_HF            0.0000000E+00  0.1548911E-01  0.0000000E+00  0.2617125E-01  0.0000000E+00  0.0000000E+00  0.8011608E-02  0.0000000E+00  0.0000000E+00  0.0000000E+00  0.0000000E+00  0.0000000E+00  0.0000000E+00  0.0000000E+00  0.0000000E+00  0.0000000E+00  0.0000000E+00  0.0000000E+00  0.0000000E+00  0.4967197E-01
FUELWOOD            0.0000000E+00  0.0000000E+00  0.0000000E+00  0.0000000E+00  0.0000000E+00  0.0000000E+00  0.0000000E+00  0.0000000E+00  0.0000000E+00  0.0000000E+00  0.0000000E+00  0.0000000E+00  0.0000000E+00  0.0000000E+00  0.0000000E+00  0.4340700E+03  0.0000000E+00  0.0000000E+00  0.0000000E+00  0.4340700E+03
CROP_RESIDUE        0.0000000E+00  0.0000000E+00  0.0000000E+00  0.0000000E+00  0.0000000E+00  0.0000000E+00  0.0000000E+00  0.0000000E+00  0.0000000E+00  0.0000000E+00  0.0000000E+00  0.0000000E+00  0.0000000E+00  0.0000000E+00  0.0000000E+00  0.1657890E+04  0.0000000E+00  0.0000000E+00  0.0000000E+00  0.1657890E+04
ANIMAL_WASTE        0.0000000E+00  0.0000000E+00  0.0000000E+00  0.0000000E+00  0.0000000E+00  0.0000000E+00  0.0000000E+00  0.0000000E+00  0.0000000E+00  0.0000000E+00  0.0000000E+00  0.0000000E+00  0.0000000E+00  0.0000000E+00  0.0000000E+00  0.0000000E+00  0.0000000E+00  0.0000000E+00  0.0000000E+00  0.0000000E+00
OTHERS              0.0000000E+00  0.0000000E+00  0.0000000E+00  0.0000000E+00  0.0000000E+00  0.0000000E+00  0.0000000E+00  0.0000000E+00  0.0000000E+00  0.0000000E+00  0.0000000E+00  0.0000000E+00  0.0000000E+00  0.0000000E+00  0.0000000E+00  0.2975000E+01  0.0000000E+00  0.0000000E+00  0.0000000E+00  0.2975000E+01
SUB_TOTAL           0.3704939E+02  0.5556977E+00  0.1193964E+02  0.1458350E+02  0.1341909E+01  0.7254642E-01  0.1262335E+02  0.5213571E+02  0.1984569E+01  0.2952168E+01  0.2221501E+01  0.5487276E+01  0.0000000E+00  0.0000000E+00  0.9262832E+00  0.2113131E+04  0.5335542E+01  0.4581993E+00  0.1183022E+02  0.2274628E+04
  
Non-Combustion Sources [t/year]
  
Industry [t/year]
  
Sector
AMMONIA             0.5445724E+02
AMMONIUM_NITRATE    0.8707958E+01
UREA                0.1606238E+03
SUB_TOTAL           0.2237890E+03
  
Agriculture [t/year]
  
Sector
FERTILIZER          0.2890290E+05
MANURE_MANAGEMENT   0.6360764E+05
SUB_TOTAL           0.9251054E+05
  
Others [t/year]
  
Sector
HUMAN               0.1376794E+04
WASTE_WATER         0.6177920E+04
SUB_TOTAL           0.7554714E+04
  
Total [t/year]
  
TOTAL               0.1025637E+06
