Year       : 2007
Country    : CHN
Sub-Region : TIAN
  
Combustion Sources [t/year]
  
Fuel Type           POWER_PLANTS   ENERGY         IRON_STEEL     CHEM_PETRCHEM  NON_FERR_MET   NON_MET_MINE   OTHERS         ROAD_CARS      ROAD_BUSES     ROAD_L_TRUCKS  ROAD_H_TRUCKS  ROAD_MC        ROAD_OTHERS    DOM_NAVI       RAILWAY_ETC    RESIDENT       COMM_PUB       AGR_FORE_FISH  OTHERS         SUB_TOTAL    
HARD_COAL           0.1568239E+03  0.1842521E+01  0.2522680E+02  0.1098288E+02  0.4820666E+00  0.7021023E+01  0.1349941E+02  0.0000000E+00  0.0000000E+00  0.0000000E+00  0.0000000E+00  0.0000000E+00  0.0000000E+00  0.0000000E+00  0.1003981E+01  0.4892221E+01  0.2567962E+01  0.1108333E+01  0.3537593E+01  0.2289887E+03
BROWN_COAL          0.0000000E+00  0.0000000E+00  0.0000000E+00  0.0000000E+00  0.0000000E+00  0.0000000E+00  0.0000000E+00  0.0000000E+00  0.0000000E+00  0.0000000E+00  0.0000000E+00  0.0000000E+00  0.0000000E+00  0.0000000E+00  0.0000000E+00  0.0000000E+00  0.0000000E+00  0.0000000E+00  0.0000000E+00  0.0000000E+00
DERIVED_COAL        0.0000000E+00  0.0000000E+00  0.8423521E+02  0.1941434E+00  0.1404985E-01  0.7663553E-02  0.8378818E+00  0.0000000E+00  0.0000000E+00  0.0000000E+00  0.0000000E+00  0.0000000E+00  0.0000000E+00  0.0000000E+00  0.0000000E+00  0.0000000E+00  0.0000000E+00  0.0000000E+00  0.0000000E+00  0.8528895E+02
NATURAL_GAS         0.1716079E+01  0.2615596E+01  0.5799800E+01  0.3115972E+01  0.1819545E+00  0.1569358E+01  0.2342664E+01  0.0000000E+00  0.0000000E+00  0.0000000E+00  0.0000000E+00  0.0000000E+00  0.0000000E+00  0.0000000E+00  0.0000000E+00  0.7812675E+01  0.5915954E+01  0.0000000E+00  0.1580599E+00  0.3122811E+02
COKE_OVEN_GAS       0.1087055E+01  0.1278823E+01  0.2835651E+01  0.1523467E+01  0.8896159E-01  0.7672940E+00  0.1145381E+01  0.0000000E+00  0.0000000E+00  0.0000000E+00  0.0000000E+00  0.0000000E+00  0.0000000E+00  0.0000000E+00  0.0000000E+00  0.0000000E+00  0.0000000E+00  0.0000000E+00  0.0000000E+00  0.8726633E+01
OTHER_GAS           0.6920560E+00  0.1608131E+00  0.3565854E+00  0.1915773E+00  0.1118699E-01  0.9648784E-01  0.1440325E+00  0.0000000E+00  0.0000000E+00  0.0000000E+00  0.0000000E+00  0.0000000E+00  0.0000000E+00  0.0000000E+00  0.0000000E+00  0.0000000E+00  0.0000000E+00  0.0000000E+00  0.0000000E+00  0.1652739E+01
MOTOR_GASOLINE      0.0000000E+00  0.0000000E+00  0.0000000E+00  0.0000000E+00  0.0000000E+00  0.0000000E+00  0.0000000E+00  0.3649489E+03  0.6846996E+01  0.9194952E+01  0.2564548E+01  0.3560074E+02  0.0000000E+00  0.0000000E+00  0.0000000E+00  0.0000000E+00  0.0000000E+00  0.1968299E+00  0.0000000E+00  0.4193530E+03
KEROSENE            0.0000000E+00  0.1159526E-01  0.9764426E-02  0.1290300E-01  0.8718240E-03  0.2964202E-02  0.4287289E-01  0.0000000E+00  0.0000000E+00  0.0000000E+00  0.0000000E+00  0.0000000E+00  0.0000000E+00  0.0000000E+00  0.0000000E+00  0.0000000E+00  0.2498060E-01  0.5168400E-02  0.1395468E+00  0.2506674E+00
OTHER_LF            0.0000000E+00  0.2079355E-01  0.1751036E-01  0.2313869E-01  0.1563425E-02  0.5315644E-02  0.7459651E-01  0.0000000E+00  0.0000000E+00  0.0000000E+00  0.0000000E+00  0.0000000E+00  0.0000000E+00  0.0000000E+00  0.0000000E+00  0.4054464E-01  0.1650889E-01  0.0000000E+00  0.8781325E-02  0.2087530E+00
DIESEL_OIL          0.0000000E+00  0.9925382E+00  0.1018310E-01  0.1250887E+00  0.1634325E-01  0.1357747E+00  0.1550485E+01  0.0000000E+00  0.0000000E+00  0.0000000E+00  0.0000000E+00  0.0000000E+00  0.0000000E+00  0.4755766E+01  0.5974466E-01  0.9017004E+00  0.4842579E+01  0.1057930E+01  0.5179721E+00  0.1496611E+02
CRUDE_OIL           0.0000000E+00  0.4900835E-01  0.0000000E+00  0.8363202E-04  0.0000000E+00  0.1505376E-02  0.0000000E+00  0.0000000E+00  0.0000000E+00  0.0000000E+00  0.0000000E+00  0.0000000E+00  0.0000000E+00  0.0000000E+00  0.0000000E+00  0.0000000E+00  0.0000000E+00  0.0000000E+00  0.0000000E+00  0.5059736E-01
HEAVY_FUEL_OIL      0.1589045E+00  0.4651198E-01  0.1852950E-01  0.7637670E-01  0.1798576E-02  0.7236127E-02  0.5729833E-02  0.0000000E+00  0.0000000E+00  0.0000000E+00  0.0000000E+00  0.0000000E+00  0.0000000E+00  0.2132616E+00  0.0000000E+00  0.0000000E+00  0.0000000E+00  0.0000000E+00  0.0000000E+00  0.5283488E+00
OTHER_HF            0.0000000E+00  0.1513383E+00  0.0000000E+00  0.2485105E+00  0.0000000E+00  0.0000000E+00  0.1444674E-01  0.0000000E+00  0.0000000E+00  0.0000000E+00  0.0000000E+00  0.0000000E+00  0.0000000E+00  0.0000000E+00  0.0000000E+00  0.0000000E+00  0.0000000E+00  0.0000000E+00  0.0000000E+00  0.4142955E+00
FUELWOOD            0.0000000E+00  0.0000000E+00  0.0000000E+00  0.0000000E+00  0.0000000E+00  0.0000000E+00  0.0000000E+00  0.0000000E+00  0.0000000E+00  0.0000000E+00  0.0000000E+00  0.0000000E+00  0.0000000E+00  0.0000000E+00  0.0000000E+00  0.1898000E+02  0.0000000E+00  0.0000000E+00  0.0000000E+00  0.1898000E+02
CROP_RESIDUE        0.0000000E+00  0.0000000E+00  0.0000000E+00  0.0000000E+00  0.0000000E+00  0.0000000E+00  0.0000000E+00  0.0000000E+00  0.0000000E+00  0.0000000E+00  0.0000000E+00  0.0000000E+00  0.0000000E+00  0.0000000E+00  0.0000000E+00  0.4010760E+04  0.0000000E+00  0.0000000E+00  0.0000000E+00  0.4010760E+04
ANIMAL_WASTE        0.0000000E+00  0.0000000E+00  0.0000000E+00  0.0000000E+00  0.0000000E+00  0.0000000E+00  0.0000000E+00  0.0000000E+00  0.0000000E+00  0.0000000E+00  0.0000000E+00  0.0000000E+00  0.0000000E+00  0.0000000E+00  0.0000000E+00  0.0000000E+00  0.0000000E+00  0.0000000E+00  0.0000000E+00  0.0000000E+00
OTHERS              0.0000000E+00  0.0000000E+00  0.0000000E+00  0.0000000E+00  0.0000000E+00  0.0000000E+00  0.0000000E+00  0.0000000E+00  0.0000000E+00  0.0000000E+00  0.0000000E+00  0.0000000E+00  0.0000000E+00  0.0000000E+00  0.0000000E+00  0.9219000E+00  0.0000000E+00  0.0000000E+00  0.0000000E+00  0.9219000E+00
SUB_TOTAL           0.1604780E+03  0.7169539E+01  0.1185100E+03  0.1649414E+02  0.7987966E+00  0.9614622E+01  0.1965750E+02  0.3649489E+03  0.6846996E+01  0.9194952E+01  0.2564548E+01  0.3560074E+02  0.0000000E+00  0.4969028E+01  0.1063726E+01  0.4044309E+04  0.1336798E+02  0.2368261E+01  0.4361953E+01  0.4822319E+04
  
Non-Combustion Sources [t/year]
  
Industry [t/year]
  
Sector
AMMONIA             0.4207538E+03
AMMONIUM_NITRATE    0.6728042E+02
UREA                0.1241030E+04
SUB_TOTAL           0.1729064E+04
  
Agriculture [t/year]
  
Sector
FERTILIZER          0.4986477E+05
MANURE_MANAGEMENT   0.7285817E+04
SUB_TOTAL           0.5715059E+05
  
Others [t/year]
  
Sector
HUMAN               0.2783040E+04
WASTE_WATER         0.1248800E+05
SUB_TOTAL           0.1527104E+05
  
Total [t/year]
  
TOTAL               0.7897301E+05
