Year       : 2007
Country    : CHN
Sub-Region : GUIZ
  
Combustion Sources [t/year]
  
Fuel Type           POWER_PLANTS   ENERGY         IRON_STEEL     CHEM_PETRCHEM  NON_FERR_MET   NON_MET_MINE   OTHERS         ROAD_CARS      ROAD_BUSES     ROAD_L_TRUCKS  ROAD_H_TRUCKS  ROAD_MC        ROAD_OTHERS    DOM_NAVI       RAILWAY_ETC    RESIDENT       COMM_PUB       AGR_FORE_FISH  OTHERS         SUB_TOTAL    
HARD_COAL           0.2949399E+03  0.8705054E+01  0.0000000E+00  0.0000000E+00  0.0000000E+00  0.2030944E+02  0.1083764E+03  0.0000000E+00  0.0000000E+00  0.0000000E+00  0.0000000E+00  0.0000000E+00  0.0000000E+00  0.0000000E+00  0.5736110E+00  0.5867619E+02  0.1017592E+02  0.1555555E+02  0.1412963E+02  0.5314417E+03
BROWN_COAL          0.0000000E+00  0.0000000E+00  0.0000000E+00  0.0000000E+00  0.0000000E+00  0.0000000E+00  0.0000000E+00  0.0000000E+00  0.0000000E+00  0.0000000E+00  0.0000000E+00  0.0000000E+00  0.0000000E+00  0.0000000E+00  0.0000000E+00  0.0000000E+00  0.0000000E+00  0.0000000E+00  0.0000000E+00  0.0000000E+00
DERIVED_COAL        0.0000000E+00  0.1803856E+01  0.0000000E+00  0.0000000E+00  0.0000000E+00  0.1571702E+00  0.4881418E+02  0.0000000E+00  0.0000000E+00  0.0000000E+00  0.0000000E+00  0.0000000E+00  0.0000000E+00  0.0000000E+00  0.0000000E+00  0.2948171E+01  0.5716722E+00  0.3790954E+01  0.7607886E+00  0.5884679E+02
NATURAL_GAS         0.0000000E+00  0.0000000E+00  0.0000000E+00  0.0000000E+00  0.0000000E+00  0.0000000E+00  0.1138031E+02  0.0000000E+00  0.0000000E+00  0.0000000E+00  0.0000000E+00  0.0000000E+00  0.0000000E+00  0.0000000E+00  0.0000000E+00  0.2257998E+00  0.0000000E+00  0.0000000E+00  0.0000000E+00  0.1160611E+02
COKE_OVEN_GAS       0.4816256E+01  0.0000000E+00  0.0000000E+00  0.0000000E+00  0.0000000E+00  0.0000000E+00  0.8787026E+01  0.0000000E+00  0.0000000E+00  0.0000000E+00  0.0000000E+00  0.0000000E+00  0.0000000E+00  0.0000000E+00  0.0000000E+00  0.1419210E+01  0.4529394E+00  0.0000000E+00  0.0000000E+00  0.1547543E+02
OTHER_GAS           0.0000000E+00  0.0000000E+00  0.0000000E+00  0.0000000E+00  0.0000000E+00  0.0000000E+00  0.0000000E+00  0.0000000E+00  0.0000000E+00  0.0000000E+00  0.0000000E+00  0.0000000E+00  0.0000000E+00  0.0000000E+00  0.0000000E+00  0.0000000E+00  0.0000000E+00  0.0000000E+00  0.0000000E+00  0.0000000E+00
MOTOR_GASOLINE      0.0000000E+00  0.0000000E+00  0.0000000E+00  0.0000000E+00  0.0000000E+00  0.0000000E+00  0.0000000E+00  0.2384369E+03  0.6989390E+01  0.1230172E+02  0.7709479E+01  0.2198926E+02  0.0000000E+00  0.0000000E+00  0.0000000E+00  0.0000000E+00  0.0000000E+00  0.9992240E-01  0.0000000E+00  0.2875267E+03
KEROSENE            0.0000000E+00  0.0000000E+00  0.0000000E+00  0.0000000E+00  0.0000000E+00  0.0000000E+00  0.9647680E-01  0.0000000E+00  0.0000000E+00  0.0000000E+00  0.0000000E+00  0.0000000E+00  0.0000000E+00  0.0000000E+00  0.0000000E+00  0.4134720E-01  0.2842620E-01  0.3445600E-02  0.2239640E-01  0.1920922E+00
OTHER_LF            0.0000000E+00  0.0000000E+00  0.0000000E+00  0.0000000E+00  0.0000000E+00  0.0000000E+00  0.2007160E-03  0.0000000E+00  0.0000000E+00  0.0000000E+00  0.0000000E+00  0.0000000E+00  0.0000000E+00  0.0000000E+00  0.0000000E+00  0.3723282E-01  0.2408592E-01  0.0000000E+00  0.3512530E-03  0.6187071E-01
DIESEL_OIL          0.0000000E+00  0.0000000E+00  0.0000000E+00  0.0000000E+00  0.0000000E+00  0.0000000E+00  0.1320982E+01  0.0000000E+00  0.0000000E+00  0.0000000E+00  0.0000000E+00  0.0000000E+00  0.0000000E+00  0.4794922E-01  0.1104152E+01  0.0000000E+00  0.3677908E+00  0.4001563E+00  0.1860408E+01  0.5101438E+01
CRUDE_OIL           0.0000000E+00  0.0000000E+00  0.0000000E+00  0.0000000E+00  0.0000000E+00  0.0000000E+00  0.0000000E+00  0.0000000E+00  0.0000000E+00  0.0000000E+00  0.0000000E+00  0.0000000E+00  0.0000000E+00  0.0000000E+00  0.0000000E+00  0.0000000E+00  0.0000000E+00  0.0000000E+00  0.0000000E+00  0.0000000E+00
HEAVY_FUEL_OIL      0.0000000E+00  0.3051023E-02  0.0000000E+00  0.0000000E+00  0.0000000E+00  0.0000000E+00  0.6084383E-01  0.0000000E+00  0.0000000E+00  0.0000000E+00  0.0000000E+00  0.0000000E+00  0.0000000E+00  0.7974311E-01  0.0000000E+00  0.0000000E+00  0.0000000E+00  0.0000000E+00  0.0000000E+00  0.1436380E+00
OTHER_HF            0.0000000E+00  0.7666240E-02  0.0000000E+00  0.0000000E+00  0.0000000E+00  0.0000000E+00  0.1528810E+00  0.0000000E+00  0.0000000E+00  0.0000000E+00  0.0000000E+00  0.0000000E+00  0.0000000E+00  0.0000000E+00  0.0000000E+00  0.0000000E+00  0.0000000E+00  0.0000000E+00  0.0000000E+00  0.1605472E+00
FUELWOOD            0.0000000E+00  0.0000000E+00  0.0000000E+00  0.0000000E+00  0.0000000E+00  0.0000000E+00  0.0000000E+00  0.0000000E+00  0.0000000E+00  0.0000000E+00  0.0000000E+00  0.0000000E+00  0.0000000E+00  0.0000000E+00  0.0000000E+00  0.2138630E+05  0.0000000E+00  0.0000000E+00  0.0000000E+00  0.2138630E+05
CROP_RESIDUE        0.0000000E+00  0.0000000E+00  0.0000000E+00  0.0000000E+00  0.0000000E+00  0.0000000E+00  0.0000000E+00  0.0000000E+00  0.0000000E+00  0.0000000E+00  0.0000000E+00  0.0000000E+00  0.0000000E+00  0.0000000E+00  0.0000000E+00  0.4771000E+04  0.0000000E+00  0.0000000E+00  0.0000000E+00  0.4771000E+04
ANIMAL_WASTE        0.0000000E+00  0.0000000E+00  0.0000000E+00  0.0000000E+00  0.0000000E+00  0.0000000E+00  0.0000000E+00  0.0000000E+00  0.0000000E+00  0.0000000E+00  0.0000000E+00  0.0000000E+00  0.0000000E+00  0.0000000E+00  0.0000000E+00  0.0000000E+00  0.0000000E+00  0.0000000E+00  0.0000000E+00  0.0000000E+00
OTHERS              0.0000000E+00  0.0000000E+00  0.0000000E+00  0.0000000E+00  0.0000000E+00  0.0000000E+00  0.0000000E+00  0.0000000E+00  0.0000000E+00  0.0000000E+00  0.0000000E+00  0.0000000E+00  0.0000000E+00  0.0000000E+00  0.0000000E+00  0.9922640E+02  0.0000000E+00  0.0000000E+00  0.0000000E+00  0.9922640E+02
SUB_TOTAL           0.2997562E+03  0.1051963E+02  0.0000000E+00  0.0000000E+00  0.0000000E+00  0.2046661E+02  0.1789893E+03  0.2384369E+03  0.6989390E+01  0.1230172E+02  0.7709479E+01  0.2198926E+02  0.0000000E+00  0.1276923E+00  0.1677763E+01  0.2631987E+05  0.1162083E+02  0.1985003E+02  0.1677357E+02  0.2716708E+05
  
Non-Combustion Sources [t/year]
  
Industry [t/year]
  
Sector
AMMONIA             0.1592920E+03
AMMONIUM_NITRATE    0.2547151E+02
UREA                0.4698380E+03
SUB_TOTAL           0.6546015E+03
  
Agriculture [t/year]
  
Sector
FERTILIZER          0.2203896E+06
MANURE_MANAGEMENT   0.1255754E+06
SUB_TOTAL           0.3459650E+06
  
Others [t/year]
  
Sector
HUMAN               0.9390601E+04
WASTE_WATER         0.4213731E+05
SUB_TOTAL           0.5152791E+05
  
Total [t/year]
  
TOTAL               0.4253146E+06
