Year       : 2007
Country    : CHN
Sub-Region : JINX
  
Combustion Sources [t/year]
  
Fuel Type           POWER_PLANTS   ENERGY         IRON_STEEL     CHEM_PETRCHEM  NON_FERR_MET   NON_MET_MINE   OTHERS         ROAD_CARS      ROAD_BUSES     ROAD_L_TRUCKS  ROAD_H_TRUCKS  ROAD_MC        ROAD_OTHERS    DOM_NAVI       RAILWAY_ETC    RESIDENT       COMM_PUB       AGR_FORE_FISH  OTHERS         SUB_TOTAL    
HARD_COAL           0.1530917E+03  0.3298265E+02  0.6489710E+01  0.9379140E+01  0.2251353E+01  0.2575064E+02  0.1016370E+02  0.0000000E+00  0.0000000E+00  0.0000000E+00  0.0000000E+00  0.0000000E+00  0.0000000E+00  0.0000000E+00  0.1795370E+00  0.1490740E+01  0.4537036E+00  0.1763611E+01  0.6481480E-01  0.2440613E+03
BROWN_COAL          0.0000000E+00  0.0000000E+00  0.0000000E+00  0.0000000E+00  0.0000000E+00  0.0000000E+00  0.0000000E+00  0.0000000E+00  0.0000000E+00  0.0000000E+00  0.0000000E+00  0.0000000E+00  0.0000000E+00  0.0000000E+00  0.0000000E+00  0.0000000E+00  0.0000000E+00  0.0000000E+00  0.0000000E+00  0.0000000E+00
DERIVED_COAL        0.0000000E+00  0.0000000E+00  0.7556077E+02  0.1283592E+01  0.7326315E+00  0.2537766E-01  0.4839759E+00  0.0000000E+00  0.0000000E+00  0.0000000E+00  0.0000000E+00  0.0000000E+00  0.0000000E+00  0.0000000E+00  0.0000000E+00  0.1548261E+02  0.0000000E+00  0.0000000E+00  0.0000000E+00  0.9356896E+02
NATURAL_GAS         0.0000000E+00  0.0000000E+00  0.0000000E+00  0.0000000E+00  0.0000000E+00  0.0000000E+00  0.9031992E+00  0.0000000E+00  0.0000000E+00  0.0000000E+00  0.0000000E+00  0.0000000E+00  0.0000000E+00  0.0000000E+00  0.0000000E+00  0.8354593E+00  0.6096595E+00  0.0000000E+00  0.0000000E+00  0.2348318E+01
COKE_OVEN_GAS       0.1207838E+00  0.0000000E+00  0.0000000E+00  0.0000000E+00  0.0000000E+00  0.0000000E+00  0.2222423E+02  0.0000000E+00  0.0000000E+00  0.0000000E+00  0.0000000E+00  0.0000000E+00  0.0000000E+00  0.0000000E+00  0.0000000E+00  0.4227434E+00  0.1509798E+00  0.0000000E+00  0.0000000E+00  0.2291874E+02
OTHER_GAS           0.2656220E+01  0.0000000E+00  0.0000000E+00  0.0000000E+00  0.0000000E+00  0.0000000E+00  0.1446488E+02  0.0000000E+00  0.0000000E+00  0.0000000E+00  0.0000000E+00  0.0000000E+00  0.0000000E+00  0.0000000E+00  0.0000000E+00  0.0000000E+00  0.0000000E+00  0.0000000E+00  0.0000000E+00  0.1712110E+02
MOTOR_GASOLINE      0.0000000E+00  0.0000000E+00  0.0000000E+00  0.0000000E+00  0.0000000E+00  0.0000000E+00  0.0000000E+00  0.1934666E+03  0.6375157E+01  0.9375535E+01  0.9226746E+01  0.1239620E+03  0.0000000E+00  0.0000000E+00  0.0000000E+00  0.0000000E+00  0.0000000E+00  0.2153500E+00  0.0000000E+00  0.3426214E+03
KEROSENE            0.0000000E+00  0.6682264E-03  0.4620712E-03  0.3668136E-02  0.2193062E-01  0.1244039E-02  0.1251271E-01  0.0000000E+00  0.0000000E+00  0.0000000E+00  0.0000000E+00  0.0000000E+00  0.0000000E+00  0.0000000E+00  0.0000000E+00  0.4307000E-02  0.8614000E-03  0.0000000E+00  0.8614000E-03  0.4651560E-01
OTHER_LF            0.2961336E-01  0.7291822E-02  0.3754098E-02  0.8695551E-02  0.1166800E-01  0.3708118E-02  0.2820171E-01  0.0000000E+00  0.0000000E+00  0.0000000E+00  0.0000000E+00  0.0000000E+00  0.0000000E+00  0.0000000E+00  0.0000000E+00  0.1502360E+00  0.3437262E-01  0.0000000E+00  0.0000000E+00  0.2775413E+00
DIESEL_OIL          0.6375042E-01  0.4996873E-01  0.9981807E-02  0.5986017E-01  0.3820705E+00  0.1190298E+00  0.1132241E+01  0.0000000E+00  0.0000000E+00  0.0000000E+00  0.0000000E+00  0.0000000E+00  0.0000000E+00  0.4369595E+00  0.1569610E+01  0.4474789E+00  0.2782951E+00  0.3726947E+01  0.4468659E+00  0.8723059E+01
CRUDE_OIL           0.0000000E+00  0.0000000E+00  0.0000000E+00  0.0000000E+00  0.0000000E+00  0.0000000E+00  0.0000000E+00  0.0000000E+00  0.0000000E+00  0.0000000E+00  0.0000000E+00  0.0000000E+00  0.0000000E+00  0.0000000E+00  0.0000000E+00  0.0000000E+00  0.0000000E+00  0.0000000E+00  0.0000000E+00  0.0000000E+00
HEAVY_FUEL_OIL      0.9868576E-02  0.1429019E-01  0.1601156E-02  0.1869828E-01  0.2414575E-01  0.8772947E-02  0.7353919E-03  0.0000000E+00  0.0000000E+00  0.0000000E+00  0.0000000E+00  0.0000000E+00  0.0000000E+00  0.0000000E+00  0.0000000E+00  0.0000000E+00  0.0000000E+00  0.0000000E+00  0.0000000E+00  0.7811229E-01
OTHER_HF            0.0000000E+00  0.3840153E-01  0.0000000E+00  0.5024725E-01  0.0000000E+00  0.0000000E+00  0.3664329E-01  0.0000000E+00  0.0000000E+00  0.0000000E+00  0.0000000E+00  0.0000000E+00  0.0000000E+00  0.0000000E+00  0.0000000E+00  0.0000000E+00  0.7703800E-03  0.0000000E+00  0.0000000E+00  0.1260625E+00
FUELWOOD            0.0000000E+00  0.0000000E+00  0.0000000E+00  0.0000000E+00  0.0000000E+00  0.0000000E+00  0.0000000E+00  0.0000000E+00  0.0000000E+00  0.0000000E+00  0.0000000E+00  0.0000000E+00  0.0000000E+00  0.0000000E+00  0.0000000E+00  0.7542080E+04  0.0000000E+00  0.0000000E+00  0.0000000E+00  0.7542080E+04
CROP_RESIDUE        0.0000000E+00  0.0000000E+00  0.0000000E+00  0.0000000E+00  0.0000000E+00  0.0000000E+00  0.0000000E+00  0.0000000E+00  0.0000000E+00  0.0000000E+00  0.0000000E+00  0.0000000E+00  0.0000000E+00  0.0000000E+00  0.0000000E+00  0.5537870E+04  0.0000000E+00  0.0000000E+00  0.0000000E+00  0.5537870E+04
ANIMAL_WASTE        0.0000000E+00  0.0000000E+00  0.0000000E+00  0.0000000E+00  0.0000000E+00  0.0000000E+00  0.0000000E+00  0.0000000E+00  0.0000000E+00  0.0000000E+00  0.0000000E+00  0.0000000E+00  0.0000000E+00  0.0000000E+00  0.0000000E+00  0.0000000E+00  0.0000000E+00  0.0000000E+00  0.0000000E+00  0.0000000E+00
OTHERS              0.0000000E+00  0.0000000E+00  0.0000000E+00  0.0000000E+00  0.0000000E+00  0.0000000E+00  0.0000000E+00  0.0000000E+00  0.0000000E+00  0.0000000E+00  0.0000000E+00  0.0000000E+00  0.0000000E+00  0.0000000E+00  0.0000000E+00  0.6534780E+02  0.0000000E+00  0.0000000E+00  0.0000000E+00  0.6534780E+02
SUB_TOTAL           0.1559719E+03  0.3309327E+02  0.8206628E+02  0.1080390E+02  0.3423799E+01  0.2590877E+02  0.4945032E+02  0.1934666E+03  0.6375157E+01  0.9375535E+01  0.9226746E+01  0.1239620E+03  0.0000000E+00  0.4369595E+00  0.1749147E+01  0.1316413E+05  0.1528642E+01  0.5705908E+01  0.5125421E+00  0.1387719E+05
  
Non-Combustion Sources [t/year]
  
Industry [t/year]
  
Sector
AMMONIA             0.3600276E+03
AMMONIUM_NITRATE    0.5757004E+02
UREA                0.1061915E+04
SUB_TOTAL           0.1479513E+04
  
Agriculture [t/year]
  
Sector
FERTILIZER          0.2661689E+06
MANURE_MANAGEMENT   0.6404191E+05
SUB_TOTAL           0.3302108E+06
  
Others [t/year]
  
Sector
HUMAN               0.1090355E+05
WASTE_WATER         0.4892619E+05
SUB_TOTAL           0.5982974E+05
  
Total [t/year]
  
TOTAL               0.4053973E+06
