Year       : 2007
Country    : CHN
Sub-Region : HEIL
  
Combustion Sources [t/year]
  
Fuel Type           POWER_PLANTS   ENERGY         IRON_STEEL     CHEM_PETRCHEM  NON_FERR_MET   NON_MET_MINE   OTHERS         ROAD_CARS      ROAD_BUSES     ROAD_L_TRUCKS  ROAD_H_TRUCKS  ROAD_MC        ROAD_OTHERS    DOM_NAVI       RAILWAY_ETC    RESIDENT       COMM_PUB       AGR_FORE_FISH  OTHERS         SUB_TOTAL    
HARD_COAL           0.5593609E+05  0.8292028E+04  0.3831486E+04  0.2603915E+04  0.9554426E+02  0.0000000E+00  0.7490786E+04  0.0000000E+00  0.0000000E+00  0.0000000E+00  0.0000000E+00  0.0000000E+00  0.0000000E+00  0.0000000E+00  0.2730294E+04  0.1033047E+05  0.0000000E+00  0.8533880E+03  0.0000000E+00  0.9216400E+05
BROWN_COAL          0.0000000E+00  0.0000000E+00  0.0000000E+00  0.0000000E+00  0.0000000E+00  0.0000000E+00  0.0000000E+00  0.0000000E+00  0.0000000E+00  0.0000000E+00  0.0000000E+00  0.0000000E+00  0.0000000E+00  0.0000000E+00  0.0000000E+00  0.0000000E+00  0.0000000E+00  0.0000000E+00  0.0000000E+00  0.0000000E+00
DERIVED_COAL        0.0000000E+00  0.0000000E+00  0.0000000E+00  0.0000000E+00  0.0000000E+00  0.0000000E+00  0.0000000E+00  0.0000000E+00  0.0000000E+00  0.0000000E+00  0.0000000E+00  0.0000000E+00  0.0000000E+00  0.0000000E+00  0.0000000E+00  0.0000000E+00  0.0000000E+00  0.0000000E+00  0.0000000E+00  0.0000000E+00
NATURAL_GAS         0.0000000E+00  0.0000000E+00  0.0000000E+00  0.0000000E+00  0.0000000E+00  0.0000000E+00  0.0000000E+00  0.0000000E+00  0.0000000E+00  0.0000000E+00  0.0000000E+00  0.0000000E+00  0.0000000E+00  0.0000000E+00  0.0000000E+00  0.0000000E+00  0.0000000E+00  0.0000000E+00  0.0000000E+00  0.0000000E+00
COKE_OVEN_GAS       0.0000000E+00  0.0000000E+00  0.0000000E+00  0.0000000E+00  0.0000000E+00  0.0000000E+00  0.0000000E+00  0.0000000E+00  0.0000000E+00  0.0000000E+00  0.0000000E+00  0.0000000E+00  0.0000000E+00  0.0000000E+00  0.0000000E+00  0.0000000E+00  0.0000000E+00  0.0000000E+00  0.0000000E+00  0.0000000E+00
OTHER_GAS           0.0000000E+00  0.0000000E+00  0.0000000E+00  0.0000000E+00  0.0000000E+00  0.0000000E+00  0.0000000E+00  0.0000000E+00  0.0000000E+00  0.0000000E+00  0.0000000E+00  0.0000000E+00  0.0000000E+00  0.0000000E+00  0.0000000E+00  0.0000000E+00  0.0000000E+00  0.0000000E+00  0.0000000E+00  0.0000000E+00
MOTOR_GASOLINE      0.0000000E+00  0.0000000E+00  0.0000000E+00  0.0000000E+00  0.0000000E+00  0.0000000E+00  0.0000000E+00  0.2788358E+03  0.2172662E+03  0.2420178E+03  0.2902536E+03  0.5342257E+03  0.0000000E+00  0.0000000E+00  0.0000000E+00  0.0000000E+00  0.0000000E+00  0.0000000E+00  0.0000000E+00  0.1562599E+04
KEROSENE            0.0000000E+00  0.7751888E+01  0.1867925E+00  0.9339624E-01  0.2615094E+01  0.2801886E+00  0.2372264E+02  0.0000000E+00  0.0000000E+00  0.0000000E+00  0.0000000E+00  0.0000000E+00  0.0000000E+00  0.0000000E+00  0.0000000E+00  0.0000000E+00  0.0000000E+00  0.0000000E+00  0.0000000E+00  0.3465000E+02
OTHER_LF            0.2722500E+03  0.1023342E+03  0.2767517E+01  0.1693646E+02  0.1165270E+01  0.3072995E+01  0.8981357E+02  0.0000000E+00  0.0000000E+00  0.0000000E+00  0.0000000E+00  0.0000000E+00  0.0000000E+00  0.0000000E+00  0.0000000E+00  0.8342100E+03  0.0000000E+00  0.0000000E+00  0.0000000E+00  0.1322550E+04
DIESEL_OIL          0.1708118E+01  0.1670366E+03  0.3444051E+01  0.5672555E+01  0.1215548E+01  0.5226858E+01  0.2187986E+02  0.0000000E+00  0.1991775E+04  0.6400511E+03  0.3723652E+04  0.0000000E+00  0.5962022E+03  0.3252563E+01  0.5407385E+02  0.3554034E+03  0.4058814E+03  0.7835810E+03  0.0000000E+00  0.8760056E+04
CRUDE_OIL           0.0000000E+00  0.1318711E+04  0.0000000E+00  0.1834600E+03  0.0000000E+00  0.0000000E+00  0.1726683E+00  0.0000000E+00  0.0000000E+00  0.0000000E+00  0.0000000E+00  0.0000000E+00  0.0000000E+00  0.0000000E+00  0.0000000E+00  0.0000000E+00  0.0000000E+00  0.0000000E+00  0.0000000E+00  0.1502344E+04
HEAVY_FUEL_OIL      0.9322320E+02  0.8722455E+02  0.3983958E+01  0.1708272E+02  0.1388349E+01  0.6036297E-01  0.1478894E+02  0.0000000E+00  0.0000000E+00  0.0000000E+00  0.0000000E+00  0.0000000E+00  0.0000000E+00  0.0000000E+00  0.0000000E+00  0.0000000E+00  0.0000000E+00  0.0000000E+00  0.0000000E+00  0.2177521E+03
OTHER_HF            0.1384460E+03  0.8806622E+03  0.3459131E+01  0.1930677E+01  0.0000000E+00  0.0000000E+00  0.1608898E+01  0.0000000E+00  0.0000000E+00  0.0000000E+00  0.0000000E+00  0.0000000E+00  0.0000000E+00  0.0000000E+00  0.0000000E+00  0.0000000E+00  0.0000000E+00  0.0000000E+00  0.0000000E+00  0.1026107E+04
FUELWOOD            0.0000000E+00  0.0000000E+00  0.0000000E+00  0.0000000E+00  0.0000000E+00  0.0000000E+00  0.0000000E+00  0.0000000E+00  0.0000000E+00  0.0000000E+00  0.0000000E+00  0.0000000E+00  0.0000000E+00  0.0000000E+00  0.0000000E+00  0.1938771E+05  0.0000000E+00  0.0000000E+00  0.0000000E+00  0.1938771E+05
CROP_RESIDUE        0.0000000E+00  0.0000000E+00  0.0000000E+00  0.0000000E+00  0.0000000E+00  0.0000000E+00  0.0000000E+00  0.0000000E+00  0.0000000E+00  0.0000000E+00  0.0000000E+00  0.0000000E+00  0.0000000E+00  0.0000000E+00  0.0000000E+00  0.1655817E+06  0.0000000E+00  0.0000000E+00  0.0000000E+00  0.1655817E+06
ANIMAL_WASTE        0.0000000E+00  0.0000000E+00  0.0000000E+00  0.0000000E+00  0.0000000E+00  0.0000000E+00  0.0000000E+00  0.0000000E+00  0.0000000E+00  0.0000000E+00  0.0000000E+00  0.0000000E+00  0.0000000E+00  0.0000000E+00  0.0000000E+00  0.0000000E+00  0.0000000E+00  0.0000000E+00  0.0000000E+00  0.0000000E+00
OTHERS              0.0000000E+00  0.0000000E+00  0.0000000E+00  0.0000000E+00  0.0000000E+00  0.0000000E+00  0.0000000E+00  0.0000000E+00  0.0000000E+00  0.0000000E+00  0.0000000E+00  0.0000000E+00  0.0000000E+00  0.0000000E+00  0.0000000E+00  0.0000000E+00  0.0000000E+00  0.0000000E+00  0.0000000E+00  0.0000000E+00
SUB_TOTAL           0.5644172E+05  0.1085575E+05  0.3845327E+04  0.2829091E+04  0.1019285E+03  0.8640405E+01  0.7642773E+04  0.2788358E+03  0.2209041E+04  0.8820689E+03  0.4013906E+04  0.5342257E+03  0.5962022E+03  0.3252563E+01  0.2784368E+04  0.1964895E+06  0.4058814E+03  0.1636969E+04  0.0000000E+00  0.2915595E+06
  
Non-Combustion Sources [t/year]
  
Industry [t/year]
  
Sector
PIG_IRON            0.9313827E+04
CRUDE_STEEL         0.2224033E+04
IRON_STEEL_OTHERS   0.7596551E+03
ALUMINUM_ALUMINA    0.0000000E+00
COPPER              0.0000000E+00
ZINC                0.0000000E+00
LEAD                0.0000000E+00
CMENT               0.2896695E+05
BRICKS              0.5113968E+04
LIME                0.1382769E+04
COKE_OVENS          0.1964712E+05
OIL_REFINERY        0.6468103E+03
OTH_TRANSFORMATION  0.3971534E+04
SULPHRIC_ACID       0.0000000E+00
OTHERS              0.5297408E+01
SUB_TOTAL           0.7203196E+05
  
Total [t/year]
  
TOTAL               0.3635914E+06
