Year       : 2007
Country    : CHN
Sub-Region : ANHU
  
Combustion Sources [t/year]
  
Fuel Type           POWER_PLANTS   ENERGY         IRON_STEEL     CHEM_PETRCHEM  NON_FERR_MET   NON_MET_MINE   OTHERS         ROAD_CARS      ROAD_BUSES     ROAD_L_TRUCKS  ROAD_H_TRUCKS  ROAD_MC        ROAD_OTHERS    DOM_NAVI       RAILWAY_ETC    RESIDENT       COMM_PUB       AGR_FORE_FISH  OTHERS         SUB_TOTAL    
HARD_COAL           0.4472121E+05  0.1513036E+05  0.5913895E+04  0.8703034E+04  0.1494238E+03  0.0000000E+00  0.2918002E+04  0.0000000E+00  0.0000000E+00  0.0000000E+00  0.0000000E+00  0.0000000E+00  0.0000000E+00  0.0000000E+00  0.3313590E+03  0.0000000E+00  0.1235200E+04  0.7142930E+03  0.5307500E+03  0.8034753E+05
BROWN_COAL          0.0000000E+00  0.0000000E+00  0.0000000E+00  0.0000000E+00  0.0000000E+00  0.0000000E+00  0.0000000E+00  0.0000000E+00  0.0000000E+00  0.0000000E+00  0.0000000E+00  0.0000000E+00  0.0000000E+00  0.0000000E+00  0.0000000E+00  0.0000000E+00  0.0000000E+00  0.0000000E+00  0.0000000E+00  0.0000000E+00
DERIVED_COAL        0.0000000E+00  0.0000000E+00  0.0000000E+00  0.0000000E+00  0.0000000E+00  0.0000000E+00  0.0000000E+00  0.0000000E+00  0.0000000E+00  0.0000000E+00  0.0000000E+00  0.0000000E+00  0.0000000E+00  0.0000000E+00  0.0000000E+00  0.0000000E+00  0.0000000E+00  0.0000000E+00  0.0000000E+00  0.0000000E+00
NATURAL_GAS         0.0000000E+00  0.0000000E+00  0.0000000E+00  0.0000000E+00  0.0000000E+00  0.0000000E+00  0.0000000E+00  0.0000000E+00  0.0000000E+00  0.0000000E+00  0.0000000E+00  0.0000000E+00  0.0000000E+00  0.0000000E+00  0.0000000E+00  0.0000000E+00  0.0000000E+00  0.0000000E+00  0.0000000E+00  0.0000000E+00
COKE_OVEN_GAS       0.0000000E+00  0.0000000E+00  0.0000000E+00  0.0000000E+00  0.0000000E+00  0.0000000E+00  0.0000000E+00  0.0000000E+00  0.0000000E+00  0.0000000E+00  0.0000000E+00  0.0000000E+00  0.0000000E+00  0.0000000E+00  0.0000000E+00  0.0000000E+00  0.0000000E+00  0.0000000E+00  0.0000000E+00  0.0000000E+00
OTHER_GAS           0.0000000E+00  0.0000000E+00  0.0000000E+00  0.0000000E+00  0.0000000E+00  0.0000000E+00  0.0000000E+00  0.0000000E+00  0.0000000E+00  0.0000000E+00  0.0000000E+00  0.0000000E+00  0.0000000E+00  0.0000000E+00  0.0000000E+00  0.0000000E+00  0.0000000E+00  0.0000000E+00  0.0000000E+00  0.0000000E+00
MOTOR_GASOLINE      0.0000000E+00  0.0000000E+00  0.0000000E+00  0.0000000E+00  0.0000000E+00  0.0000000E+00  0.0000000E+00  0.2001139E+03  0.2185021E+03  0.2957657E+03  0.3541511E+03  0.2400829E+04  0.0000000E+00  0.0000000E+00  0.0000000E+00  0.0000000E+00  0.0000000E+00  0.1010700E+03  0.0000000E+00  0.3570432E+04
KEROSENE            0.0000000E+00  0.2392792E+00  0.7282411E-01  0.3932502E+00  0.6762240E-01  0.3443540E+00  0.3472670E+01  0.0000000E+00  0.0000000E+00  0.0000000E+00  0.0000000E+00  0.0000000E+00  0.0000000E+00  0.0000000E+00  0.0000000E+00  0.0000000E+00  0.0000000E+00  0.0000000E+00  0.0000000E+00  0.4590000E+01
OTHER_LF            0.4545000E+02  0.1146927E+02  0.8992954E+01  0.2270731E+02  0.2413257E+01  0.5907013E+01  0.6434020E+02  0.0000000E+00  0.0000000E+00  0.0000000E+00  0.0000000E+00  0.0000000E+00  0.0000000E+00  0.0000000E+00  0.0000000E+00  0.3267000E+03  0.0000000E+00  0.0000000E+00  0.0000000E+00  0.4879800E+03
DIESEL_OIL          0.1339700E+00  0.1555139E+02  0.1921870E+02  0.7219426E+01  0.4906962E+01  0.2958040E+02  0.5384047E+02  0.0000000E+00  0.1471063E+04  0.5744376E+03  0.3336625E+04  0.0000000E+00  0.2167790E+02  0.6120930E+02  0.8514610E+02  0.0000000E+00  0.7176965E+01  0.2522943E+03  0.0000000E+00  0.5940081E+04
CRUDE_OIL           0.0000000E+00  0.2041095E+02  0.0000000E+00  0.2579738E-01  0.0000000E+00  0.6430651E-03  0.1637573E-02  0.0000000E+00  0.0000000E+00  0.0000000E+00  0.0000000E+00  0.0000000E+00  0.0000000E+00  0.0000000E+00  0.0000000E+00  0.0000000E+00  0.0000000E+00  0.0000000E+00  0.0000000E+00  0.2043903E+02
HEAVY_FUEL_OIL      0.0000000E+00  0.8588447E+01  0.1466804E+01  0.5380115E+01  0.2671159E+02  0.1561799E+02  0.5846276E+01  0.0000000E+00  0.0000000E+00  0.0000000E+00  0.0000000E+00  0.0000000E+00  0.0000000E+00  0.0000000E+00  0.0000000E+00  0.0000000E+00  0.0000000E+00  0.0000000E+00  0.0000000E+00  0.6361122E+02
OTHER_HF            0.0000000E+00  0.5450161E+02  0.9308220E+01  0.3414179E+02  0.1695096E+03  0.9911053E+02  0.3710000E+02  0.0000000E+00  0.0000000E+00  0.0000000E+00  0.0000000E+00  0.0000000E+00  0.0000000E+00  0.0000000E+00  0.0000000E+00  0.0000000E+00  0.0000000E+00  0.0000000E+00  0.0000000E+00  0.4036718E+03
FUELWOOD            0.0000000E+00  0.0000000E+00  0.0000000E+00  0.0000000E+00  0.0000000E+00  0.0000000E+00  0.0000000E+00  0.0000000E+00  0.0000000E+00  0.0000000E+00  0.0000000E+00  0.0000000E+00  0.0000000E+00  0.0000000E+00  0.0000000E+00  0.4585867E+05  0.0000000E+00  0.0000000E+00  0.0000000E+00  0.4585867E+05
CROP_RESIDUE        0.0000000E+00  0.0000000E+00  0.0000000E+00  0.0000000E+00  0.0000000E+00  0.0000000E+00  0.0000000E+00  0.0000000E+00  0.0000000E+00  0.0000000E+00  0.0000000E+00  0.0000000E+00  0.0000000E+00  0.0000000E+00  0.0000000E+00  0.2079691E+06  0.0000000E+00  0.0000000E+00  0.0000000E+00  0.2079691E+06
ANIMAL_WASTE        0.0000000E+00  0.0000000E+00  0.0000000E+00  0.0000000E+00  0.0000000E+00  0.0000000E+00  0.0000000E+00  0.0000000E+00  0.0000000E+00  0.0000000E+00  0.0000000E+00  0.0000000E+00  0.0000000E+00  0.0000000E+00  0.0000000E+00  0.0000000E+00  0.0000000E+00  0.0000000E+00  0.0000000E+00  0.0000000E+00
OTHERS              0.0000000E+00  0.0000000E+00  0.0000000E+00  0.0000000E+00  0.0000000E+00  0.0000000E+00  0.0000000E+00  0.0000000E+00  0.0000000E+00  0.0000000E+00  0.0000000E+00  0.0000000E+00  0.0000000E+00  0.0000000E+00  0.0000000E+00  0.0000000E+00  0.0000000E+00  0.0000000E+00  0.0000000E+00  0.0000000E+00
SUB_TOTAL           0.4476679E+05  0.1524112E+05  0.5952955E+04  0.8772902E+04  0.3530328E+03  0.1505609E+03  0.3082603E+04  0.2001139E+03  0.1689565E+04  0.8702033E+03  0.3690776E+04  0.2400829E+04  0.2167790E+02  0.6120930E+02  0.4165051E+03  0.2541545E+06  0.1242377E+04  0.1067657E+04  0.5307500E+03  0.3446661E+06
  
Non-Combustion Sources [t/year]
  
Industry [t/year]
  
Sector
PIG_IRON            0.3778459E+05
CRUDE_STEEL         0.8485093E+04
IRON_STEEL_OTHERS   0.7457076E+04
ALUMINUM_ALUMINA    0.0000000E+00
COPPER              0.1084275E+06
ZINC                0.0000000E+00
LEAD                0.5894637E+05
CMENT               0.9512488E+05
BRICKS              0.9286092E+04
LIME                0.6469720E+04
COKE_OVENS          0.1733013E+05
OIL_REFINERY        0.1877221E+03
OTH_TRANSFORMATION  0.1070895E+04
SULPHRIC_ACID       0.0000000E+00
OTHERS              0.2886976E+02
SUB_TOTAL           0.3505989E+06
  
Total [t/year]
  
TOTAL               0.6952650E+06
