Year       : 2007
Country    : CHN
Sub-Region : JINX
  
Combustion Sources [t/year]
  
Fuel Type           POWER_PLANTS   ENERGY         IRON_STEEL     CHEM_PETRCHEM  NON_FERR_MET   NON_MET_MINE   OTHERS         ROAD_CARS      ROAD_BUSES     ROAD_L_TRUCKS  ROAD_H_TRUCKS  ROAD_MC        ROAD_OTHERS    DOM_NAVI       RAILWAY_ETC    RESIDENT       COMM_PUB       AGR_FORE_FISH  OTHERS         SUB_TOTAL    
HARD_COAL           0.2625048E+05  0.5955464E+04  0.1339862E+04  0.1714185E+04  0.4077439E+03  0.0000000E+00  0.1647309E+04  0.0000000E+00  0.0000000E+00  0.0000000E+00  0.0000000E+00  0.0000000E+00  0.0000000E+00  0.0000000E+00  0.6010900E+02  0.1577800E+04  0.1351000E+03  0.5251530E+03  0.1930000E+02  0.3963251E+05
BROWN_COAL          0.0000000E+00  0.0000000E+00  0.0000000E+00  0.0000000E+00  0.0000000E+00  0.0000000E+00  0.0000000E+00  0.0000000E+00  0.0000000E+00  0.0000000E+00  0.0000000E+00  0.0000000E+00  0.0000000E+00  0.0000000E+00  0.0000000E+00  0.0000000E+00  0.0000000E+00  0.0000000E+00  0.0000000E+00  0.0000000E+00
DERIVED_COAL        0.0000000E+00  0.0000000E+00  0.0000000E+00  0.0000000E+00  0.0000000E+00  0.0000000E+00  0.0000000E+00  0.0000000E+00  0.0000000E+00  0.0000000E+00  0.0000000E+00  0.0000000E+00  0.0000000E+00  0.0000000E+00  0.0000000E+00  0.0000000E+00  0.0000000E+00  0.0000000E+00  0.0000000E+00  0.0000000E+00
NATURAL_GAS         0.0000000E+00  0.0000000E+00  0.0000000E+00  0.0000000E+00  0.0000000E+00  0.0000000E+00  0.0000000E+00  0.0000000E+00  0.0000000E+00  0.0000000E+00  0.0000000E+00  0.0000000E+00  0.0000000E+00  0.0000000E+00  0.0000000E+00  0.0000000E+00  0.0000000E+00  0.0000000E+00  0.0000000E+00  0.0000000E+00
COKE_OVEN_GAS       0.0000000E+00  0.0000000E+00  0.0000000E+00  0.0000000E+00  0.0000000E+00  0.0000000E+00  0.0000000E+00  0.0000000E+00  0.0000000E+00  0.0000000E+00  0.0000000E+00  0.0000000E+00  0.0000000E+00  0.0000000E+00  0.0000000E+00  0.0000000E+00  0.0000000E+00  0.0000000E+00  0.0000000E+00  0.0000000E+00
OTHER_GAS           0.0000000E+00  0.0000000E+00  0.0000000E+00  0.0000000E+00  0.0000000E+00  0.0000000E+00  0.0000000E+00  0.0000000E+00  0.0000000E+00  0.0000000E+00  0.0000000E+00  0.0000000E+00  0.0000000E+00  0.0000000E+00  0.0000000E+00  0.0000000E+00  0.0000000E+00  0.0000000E+00  0.0000000E+00  0.0000000E+00
MOTOR_GASOLINE      0.0000000E+00  0.0000000E+00  0.0000000E+00  0.0000000E+00  0.0000000E+00  0.0000000E+00  0.0000000E+00  0.1230440E+03  0.9364559E+02  0.1417896E+03  0.1958730E+03  0.3130372E+04  0.0000000E+00  0.0000000E+00  0.0000000E+00  0.0000000E+00  0.0000000E+00  0.4500000E+02  0.0000000E+00  0.3729724E+04
KEROSENE            0.0000000E+00  0.6981701E-01  0.4827770E-01  0.3832508E+00  0.2291334E+01  0.1299785E+00  0.1307341E+01  0.0000000E+00  0.0000000E+00  0.0000000E+00  0.0000000E+00  0.0000000E+00  0.0000000E+00  0.0000000E+00  0.0000000E+00  0.4500000E+00  0.9000000E-01  0.0000000E+00  0.9000000E-01  0.4859999E+01
OTHER_LF            0.5787000E+02  0.1384679E+02  0.7128833E+01  0.1651239E+02  0.2215691E+02  0.7041520E+01  0.5355356E+02  0.0000000E+00  0.0000000E+00  0.0000000E+00  0.0000000E+00  0.0000000E+00  0.0000000E+00  0.0000000E+00  0.0000000E+00  0.2694600E+03  0.6165000E+02  0.0000000E+00  0.0000000E+00  0.5092200E+03
DIESEL_OIL          0.3483221E+01  0.3315255E+01  0.8180851E+01  0.3270664E+01  0.2087572E+02  0.6503595E+01  0.6186386E+02  0.0000000E+00  0.6073455E+03  0.2652845E+03  0.1777731E+04  0.0000000E+00  0.2696246E+03  0.3197514E+02  0.1148585E+03  0.3492791E+02  0.2172228E+02  0.2727247E+03  0.3488005E+02  0.3538567E+04
CRUDE_OIL           0.0000000E+00  0.0000000E+00  0.0000000E+00  0.0000000E+00  0.0000000E+00  0.0000000E+00  0.0000000E+00  0.0000000E+00  0.0000000E+00  0.0000000E+00  0.0000000E+00  0.0000000E+00  0.0000000E+00  0.0000000E+00  0.0000000E+00  0.0000000E+00  0.0000000E+00  0.0000000E+00  0.0000000E+00  0.0000000E+00
HEAVY_FUEL_OIL      0.1024240E+02  0.1946208E+02  0.1795825E+01  0.2097162E+02  0.2708140E+02  0.9839564E+01  0.8248010E+00  0.0000000E+00  0.0000000E+00  0.0000000E+00  0.0000000E+00  0.0000000E+00  0.0000000E+00  0.0000000E+00  0.0000000E+00  0.0000000E+00  0.0000000E+00  0.0000000E+00  0.0000000E+00  0.9021769E+02
OTHER_HF            0.0000000E+00  0.5677631E+02  0.5238922E+01  0.6118007E+02  0.7900399E+02  0.2870476E+02  0.4461617E+02  0.0000000E+00  0.0000000E+00  0.0000000E+00  0.0000000E+00  0.0000000E+00  0.0000000E+00  0.2680000E+01  0.0000000E+00  0.2800000E+00  0.5600000E+00  0.0000000E+00  0.1120000E+01  0.2801602E+03
FUELWOOD            0.0000000E+00  0.0000000E+00  0.0000000E+00  0.0000000E+00  0.0000000E+00  0.0000000E+00  0.0000000E+00  0.0000000E+00  0.0000000E+00  0.0000000E+00  0.0000000E+00  0.0000000E+00  0.0000000E+00  0.0000000E+00  0.0000000E+00  0.3237293E+05  0.0000000E+00  0.0000000E+00  0.0000000E+00  0.3237293E+05
CROP_RESIDUE        0.0000000E+00  0.0000000E+00  0.0000000E+00  0.0000000E+00  0.0000000E+00  0.0000000E+00  0.0000000E+00  0.0000000E+00  0.0000000E+00  0.0000000E+00  0.0000000E+00  0.0000000E+00  0.0000000E+00  0.0000000E+00  0.0000000E+00  0.2973410E+05  0.0000000E+00  0.0000000E+00  0.0000000E+00  0.2973410E+05
ANIMAL_WASTE        0.0000000E+00  0.0000000E+00  0.0000000E+00  0.0000000E+00  0.0000000E+00  0.0000000E+00  0.0000000E+00  0.0000000E+00  0.0000000E+00  0.0000000E+00  0.0000000E+00  0.0000000E+00  0.0000000E+00  0.0000000E+00  0.0000000E+00  0.0000000E+00  0.0000000E+00  0.0000000E+00  0.0000000E+00  0.0000000E+00
OTHERS              0.0000000E+00  0.0000000E+00  0.0000000E+00  0.0000000E+00  0.0000000E+00  0.0000000E+00  0.0000000E+00  0.0000000E+00  0.0000000E+00  0.0000000E+00  0.0000000E+00  0.0000000E+00  0.0000000E+00  0.0000000E+00  0.0000000E+00  0.0000000E+00  0.0000000E+00  0.0000000E+00  0.0000000E+00  0.0000000E+00
SUB_TOTAL           0.2632208E+05  0.6048934E+04  0.1362255E+04  0.1816503E+04  0.5591533E+03  0.5221942E+02  0.1809475E+04  0.1230440E+03  0.7009911E+03  0.4070741E+03  0.1973604E+04  0.3130372E+04  0.2696246E+03  0.3465514E+02  0.1749675E+03  0.6398995E+05  0.2191223E+03  0.8428777E+03  0.5539005E+02  0.1098923E+06
  
Non-Combustion Sources [t/year]
  
Industry [t/year]
  
Sector
PIG_IRON            0.2607503E+05
CRUDE_STEEL         0.6665264E+04
IRON_STEEL_OTHERS   0.5210463E+04
ALUMINUM_ALUMINA    0.0000000E+00
COPPER              0.1204750E+06
ZINC                0.0000000E+00
LEAD                0.0000000E+00
CMENT               0.8819260E+05
BRICKS              0.5961004E+04
LIME                0.2224715E+05
COKE_OVENS          0.1308313E+05
OIL_REFINERY        0.1653921E+03
OTH_TRANSFORMATION  0.2900422E+04
SULPHRIC_ACID       0.0000000E+00
OTHERS              0.3968762E+02
SUB_TOTAL           0.2910151E+06
  
Total [t/year]
  
TOTAL               0.4009074E+06
