Year       : 2007
Country    : CHN
Sub-Region : TIAN
  
Combustion Sources [t/year]
  
Fuel Type           POWER_PLANTS   ENERGY         IRON_STEEL     CHEM_PETRCHEM  NON_FERR_MET   NON_MET_MINE   OTHERS         ROAD_CARS      ROAD_BUSES     ROAD_L_TRUCKS  ROAD_H_TRUCKS  ROAD_MC        ROAD_OTHERS    DOM_NAVI       RAILWAY_ETC    RESIDENT       COMM_PUB       AGR_FORE_FISH  OTHERS         SUB_TOTAL    
HARD_COAL           0.2797332E+05  0.3229894E+03  0.4422196E+04  0.1925271E+04  0.8450509E+02  0.0000000E+00  0.2374790E+04  0.0000000E+00  0.0000000E+00  0.0000000E+00  0.0000000E+00  0.0000000E+00  0.0000000E+00  0.0000000E+00  0.3361330E+03  0.5177928E+04  0.7567420E+03  0.3266100E+03  0.1042478E+04  0.4474296E+05
BROWN_COAL          0.0000000E+00  0.0000000E+00  0.0000000E+00  0.0000000E+00  0.0000000E+00  0.0000000E+00  0.0000000E+00  0.0000000E+00  0.0000000E+00  0.0000000E+00  0.0000000E+00  0.0000000E+00  0.0000000E+00  0.0000000E+00  0.0000000E+00  0.0000000E+00  0.0000000E+00  0.0000000E+00  0.0000000E+00  0.0000000E+00
DERIVED_COAL        0.0000000E+00  0.0000000E+00  0.0000000E+00  0.0000000E+00  0.0000000E+00  0.0000000E+00  0.0000000E+00  0.0000000E+00  0.0000000E+00  0.0000000E+00  0.0000000E+00  0.0000000E+00  0.0000000E+00  0.0000000E+00  0.0000000E+00  0.0000000E+00  0.0000000E+00  0.0000000E+00  0.0000000E+00  0.0000000E+00
NATURAL_GAS         0.0000000E+00  0.0000000E+00  0.0000000E+00  0.0000000E+00  0.0000000E+00  0.0000000E+00  0.0000000E+00  0.0000000E+00  0.0000000E+00  0.0000000E+00  0.0000000E+00  0.0000000E+00  0.0000000E+00  0.0000000E+00  0.0000000E+00  0.0000000E+00  0.0000000E+00  0.0000000E+00  0.0000000E+00  0.0000000E+00
COKE_OVEN_GAS       0.0000000E+00  0.0000000E+00  0.0000000E+00  0.0000000E+00  0.0000000E+00  0.0000000E+00  0.0000000E+00  0.0000000E+00  0.0000000E+00  0.0000000E+00  0.0000000E+00  0.0000000E+00  0.0000000E+00  0.0000000E+00  0.0000000E+00  0.0000000E+00  0.0000000E+00  0.0000000E+00  0.0000000E+00  0.0000000E+00
OTHER_GAS           0.0000000E+00  0.0000000E+00  0.0000000E+00  0.0000000E+00  0.0000000E+00  0.0000000E+00  0.0000000E+00  0.0000000E+00  0.0000000E+00  0.0000000E+00  0.0000000E+00  0.0000000E+00  0.0000000E+00  0.0000000E+00  0.0000000E+00  0.0000000E+00  0.0000000E+00  0.0000000E+00  0.0000000E+00  0.0000000E+00
MOTOR_GASOLINE      0.0000000E+00  0.0000000E+00  0.0000000E+00  0.0000000E+00  0.0000000E+00  0.0000000E+00  0.0000000E+00  0.2321060E+03  0.1005765E+03  0.1390586E+03  0.5444235E+02  0.8990139E+03  0.0000000E+00  0.0000000E+00  0.0000000E+00  0.0000000E+00  0.0000000E+00  0.4113000E+02  0.0000000E+00  0.1466327E+04
KEROSENE            0.0000000E+00  0.1211485E+01  0.1020198E+01  0.1348119E+01  0.9108909E-01  0.3097030E+00  0.4479406E+01  0.0000000E+00  0.0000000E+00  0.0000000E+00  0.0000000E+00  0.0000000E+00  0.0000000E+00  0.0000000E+00  0.0000000E+00  0.0000000E+00  0.2610000E+01  0.5400000E+00  0.1458000E+02  0.2619000E+02
OTHER_LF            0.0000000E+00  0.4012388E+02  0.3378851E+02  0.4464911E+02  0.3016832E+01  0.1025723E+02  0.1438344E+03  0.0000000E+00  0.0000000E+00  0.0000000E+00  0.0000000E+00  0.0000000E+00  0.0000000E+00  0.0000000E+00  0.0000000E+00  0.7272000E+02  0.2961000E+02  0.0000000E+00  0.1575000E+02  0.3937500E+03
DIESEL_OIL          0.0000000E+00  0.6585151E+02  0.8345823E+01  0.6834646E+01  0.8929690E+00  0.7418509E+01  0.8471605E+02  0.0000000E+00  0.7438202E+03  0.2966800E+03  0.5634448E+03  0.0000000E+00  0.2268674E+03  0.3480100E+03  0.4371901E+01  0.7038212E+02  0.3779869E+03  0.7741555E+02  0.4043024E+02  0.2923469E+04
CRUDE_OIL           0.0000000E+00  0.6674540E+02  0.0000000E+00  0.9380005E-01  0.0000000E+00  0.1688400E+01  0.0000000E+00  0.0000000E+00  0.0000000E+00  0.0000000E+00  0.0000000E+00  0.0000000E+00  0.0000000E+00  0.0000000E+00  0.0000000E+00  0.0000000E+00  0.0000000E+00  0.0000000E+00  0.0000000E+00  0.6852760E+02
HEAVY_FUEL_OIL      0.1649238E+03  0.6334554E+02  0.2078232E+02  0.8566262E+02  0.2017247E+01  0.8115900E+01  0.6426469E+01  0.0000000E+00  0.0000000E+00  0.0000000E+00  0.0000000E+00  0.0000000E+00  0.0000000E+00  0.3417000E+03  0.0000000E+00  0.0000000E+00  0.0000000E+00  0.0000000E+00  0.0000000E+00  0.6929739E+03
OTHER_HF            0.0000000E+00  0.2237523E+03  0.7340835E+02  0.3025817E+03  0.7125423E+01  0.2866738E+02  0.1759008E+02  0.0000000E+00  0.0000000E+00  0.0000000E+00  0.0000000E+00  0.0000000E+00  0.0000000E+00  0.0000000E+00  0.0000000E+00  0.0000000E+00  0.0000000E+00  0.5600000E+00  0.0000000E+00  0.6536852E+03
FUELWOOD            0.0000000E+00  0.0000000E+00  0.0000000E+00  0.0000000E+00  0.0000000E+00  0.0000000E+00  0.0000000E+00  0.0000000E+00  0.0000000E+00  0.0000000E+00  0.0000000E+00  0.0000000E+00  0.0000000E+00  0.0000000E+00  0.0000000E+00  0.8146800E+02  0.0000000E+00  0.0000000E+00  0.0000000E+00  0.8146800E+02
CROP_RESIDUE        0.0000000E+00  0.0000000E+00  0.0000000E+00  0.0000000E+00  0.0000000E+00  0.0000000E+00  0.0000000E+00  0.0000000E+00  0.0000000E+00  0.0000000E+00  0.0000000E+00  0.0000000E+00  0.0000000E+00  0.0000000E+00  0.0000000E+00  0.2153470E+05  0.0000000E+00  0.0000000E+00  0.0000000E+00  0.2153470E+05
ANIMAL_WASTE        0.0000000E+00  0.0000000E+00  0.0000000E+00  0.0000000E+00  0.0000000E+00  0.0000000E+00  0.0000000E+00  0.0000000E+00  0.0000000E+00  0.0000000E+00  0.0000000E+00  0.0000000E+00  0.0000000E+00  0.0000000E+00  0.0000000E+00  0.0000000E+00  0.0000000E+00  0.0000000E+00  0.0000000E+00  0.0000000E+00
OTHERS              0.0000000E+00  0.0000000E+00  0.0000000E+00  0.0000000E+00  0.0000000E+00  0.0000000E+00  0.0000000E+00  0.0000000E+00  0.0000000E+00  0.0000000E+00  0.0000000E+00  0.0000000E+00  0.0000000E+00  0.0000000E+00  0.0000000E+00  0.0000000E+00  0.0000000E+00  0.0000000E+00  0.0000000E+00  0.0000000E+00
SUB_TOTAL           0.2813824E+05  0.7840195E+03  0.4559541E+04  0.2366441E+04  0.9764865E+02  0.5645712E+02  0.2631836E+04  0.2321060E+03  0.8443967E+03  0.4357386E+03  0.6178872E+03  0.8990139E+03  0.2268674E+03  0.6897100E+03  0.3405049E+03  0.2693720E+05  0.1166949E+04  0.4462556E+03  0.1113238E+04  0.7258405E+05
  
Non-Combustion Sources [t/year]
  
Industry [t/year]
  
Sector
PIG_IRON            0.3573566E+05
CRUDE_STEEL         0.8171519E+04
IRON_STEEL_OTHERS   0.2040474E+04
ALUMINUM_ALUMINA    0.0000000E+00
COPPER              0.3442144E+05
ZINC                0.0000000E+00
LEAD                0.0000000E+00
CMENT               0.1082550E+05
BRICKS              0.4132852E+04
LIME                0.6740604E+03
COKE_OVENS          0.8962022E+04
OIL_REFINERY        0.4344987E+03
OTH_TRANSFORMATION  0.0000000E+00
SULPHRIC_ACID       0.0000000E+00
OTHERS              0.5877700E+01
SUB_TOTAL           0.1054039E+06
  
Total [t/year]
  
TOTAL               0.1779880E+06
