Year       : 2007
Country    : CHN
Sub-Region : SHNX
  
Combustion Sources [t/year]
  
Fuel Type           POWER_PLANTS   ENERGY         IRON_STEEL     CHEM_PETRCHEM  NON_FERR_MET   NON_MET_MINE   OTHERS         ROAD_CARS      ROAD_BUSES     ROAD_L_TRUCKS  ROAD_H_TRUCKS  ROAD_MC        ROAD_OTHERS    DOM_NAVI       RAILWAY_ETC    RESIDENT       COMM_PUB       AGR_FORE_FISH  OTHERS         SUB_TOTAL    
HARD_COAL           0.9804342E+05  0.2637845E+05  0.3154415E+04  0.2245197E+04  0.2086030E+04  0.0000000E+00  0.1169021E+04  0.0000000E+00  0.0000000E+00  0.0000000E+00  0.0000000E+00  0.0000000E+00  0.0000000E+00  0.0000000E+00  0.1185037E+04  0.5541096E+05  0.1245320E+04  0.1916685E+04  0.7017340E+03  0.1935363E+06
BROWN_COAL          0.0000000E+00  0.0000000E+00  0.0000000E+00  0.0000000E+00  0.0000000E+00  0.0000000E+00  0.0000000E+00  0.0000000E+00  0.0000000E+00  0.0000000E+00  0.0000000E+00  0.0000000E+00  0.0000000E+00  0.0000000E+00  0.0000000E+00  0.0000000E+00  0.0000000E+00  0.0000000E+00  0.0000000E+00  0.0000000E+00
DERIVED_COAL        0.0000000E+00  0.0000000E+00  0.0000000E+00  0.0000000E+00  0.0000000E+00  0.0000000E+00  0.0000000E+00  0.0000000E+00  0.0000000E+00  0.0000000E+00  0.0000000E+00  0.0000000E+00  0.0000000E+00  0.0000000E+00  0.0000000E+00  0.0000000E+00  0.0000000E+00  0.0000000E+00  0.0000000E+00  0.0000000E+00
NATURAL_GAS         0.0000000E+00  0.0000000E+00  0.0000000E+00  0.0000000E+00  0.0000000E+00  0.0000000E+00  0.0000000E+00  0.0000000E+00  0.0000000E+00  0.0000000E+00  0.0000000E+00  0.0000000E+00  0.0000000E+00  0.0000000E+00  0.0000000E+00  0.0000000E+00  0.0000000E+00  0.0000000E+00  0.0000000E+00  0.0000000E+00
COKE_OVEN_GAS       0.0000000E+00  0.0000000E+00  0.0000000E+00  0.0000000E+00  0.0000000E+00  0.0000000E+00  0.0000000E+00  0.0000000E+00  0.0000000E+00  0.0000000E+00  0.0000000E+00  0.0000000E+00  0.0000000E+00  0.0000000E+00  0.0000000E+00  0.0000000E+00  0.0000000E+00  0.0000000E+00  0.0000000E+00  0.0000000E+00
OTHER_GAS           0.0000000E+00  0.0000000E+00  0.0000000E+00  0.0000000E+00  0.0000000E+00  0.0000000E+00  0.0000000E+00  0.0000000E+00  0.0000000E+00  0.0000000E+00  0.0000000E+00  0.0000000E+00  0.0000000E+00  0.0000000E+00  0.0000000E+00  0.0000000E+00  0.0000000E+00  0.0000000E+00  0.0000000E+00  0.0000000E+00
MOTOR_GASOLINE      0.0000000E+00  0.0000000E+00  0.0000000E+00  0.0000000E+00  0.0000000E+00  0.0000000E+00  0.0000000E+00  0.3496547E+03  0.1251164E+03  0.2715920E+03  0.3209239E+03  0.2278867E+04  0.0000000E+00  0.0000000E+00  0.0000000E+00  0.0000000E+00  0.0000000E+00  0.1060200E+03  0.0000000E+00  0.3452174E+04
KEROSENE            0.0000000E+00  0.1057336E+02  0.3548759E+01  0.2296971E+01  0.5955109E+00  0.7656570E+00  0.2469745E+01  0.0000000E+00  0.0000000E+00  0.0000000E+00  0.0000000E+00  0.0000000E+00  0.0000000E+00  0.0000000E+00  0.0000000E+00  0.3240000E+01  0.1890000E+01  0.3600000E+00  0.2160000E+01  0.2790000E+02
OTHER_LF            0.0000000E+00  0.6906022E+01  0.2317883E+01  0.1500274E+01  0.3889598E+00  0.5000913E+00  0.1976770E+01  0.0000000E+00  0.0000000E+00  0.0000000E+00  0.0000000E+00  0.0000000E+00  0.0000000E+00  0.0000000E+00  0.0000000E+00  0.4365000E+02  0.3150000E+01  0.0000000E+00  0.5400000E+00  0.6093000E+02
DIESEL_OIL          0.0000000E+00  0.1484579E+03  0.4674460E+02  0.1800298E+02  0.8987136E+01  0.1099704E+02  0.3381992E+02  0.0000000E+00  0.9785614E+03  0.6127875E+03  0.3512523E+04  0.0000000E+00  0.1155314E+04  0.0000000E+00  0.1531652E+03  0.0000000E+00  0.1866012E+02  0.1736826E+03  0.3119588E+02  0.6902899E+04
CRUDE_OIL           0.0000000E+00  0.0000000E+00  0.0000000E+00  0.0000000E+00  0.0000000E+00  0.0000000E+00  0.0000000E+00  0.0000000E+00  0.0000000E+00  0.0000000E+00  0.0000000E+00  0.0000000E+00  0.0000000E+00  0.0000000E+00  0.0000000E+00  0.0000000E+00  0.0000000E+00  0.0000000E+00  0.0000000E+00  0.0000000E+00
HEAVY_FUEL_OIL      0.0000000E+00  0.4344772E+02  0.1410942E+02  0.4625692E+01  0.2788089E+01  0.3379501E+01  0.6805934E+01  0.0000000E+00  0.0000000E+00  0.0000000E+00  0.0000000E+00  0.0000000E+00  0.0000000E+00  0.0000000E+00  0.0000000E+00  0.0000000E+00  0.0000000E+00  0.0000000E+00  0.0000000E+00  0.7515636E+02
OTHER_HF            0.0000000E+00  0.1825127E+02  0.5927006E+01  0.1943135E+01  0.1171205E+01  0.1419642E+01  0.1007059E+01  0.0000000E+00  0.0000000E+00  0.0000000E+00  0.0000000E+00  0.0000000E+00  0.0000000E+00  0.0000000E+00  0.0000000E+00  0.0000000E+00  0.0000000E+00  0.0000000E+00  0.0000000E+00  0.2971932E+02
FUELWOOD            0.0000000E+00  0.0000000E+00  0.0000000E+00  0.0000000E+00  0.0000000E+00  0.0000000E+00  0.0000000E+00  0.0000000E+00  0.0000000E+00  0.0000000E+00  0.0000000E+00  0.0000000E+00  0.0000000E+00  0.0000000E+00  0.0000000E+00  0.1287418E+05  0.0000000E+00  0.0000000E+00  0.0000000E+00  0.1287418E+05
CROP_RESIDUE        0.0000000E+00  0.0000000E+00  0.0000000E+00  0.0000000E+00  0.0000000E+00  0.0000000E+00  0.0000000E+00  0.0000000E+00  0.0000000E+00  0.0000000E+00  0.0000000E+00  0.0000000E+00  0.0000000E+00  0.0000000E+00  0.0000000E+00  0.8082072E+05  0.0000000E+00  0.0000000E+00  0.0000000E+00  0.8082072E+05
ANIMAL_WASTE        0.0000000E+00  0.0000000E+00  0.0000000E+00  0.0000000E+00  0.0000000E+00  0.0000000E+00  0.0000000E+00  0.0000000E+00  0.0000000E+00  0.0000000E+00  0.0000000E+00  0.0000000E+00  0.0000000E+00  0.0000000E+00  0.0000000E+00  0.0000000E+00  0.0000000E+00  0.0000000E+00  0.0000000E+00  0.0000000E+00
OTHERS              0.0000000E+00  0.0000000E+00  0.0000000E+00  0.0000000E+00  0.0000000E+00  0.0000000E+00  0.0000000E+00  0.0000000E+00  0.0000000E+00  0.0000000E+00  0.0000000E+00  0.0000000E+00  0.0000000E+00  0.0000000E+00  0.0000000E+00  0.0000000E+00  0.0000000E+00  0.0000000E+00  0.0000000E+00  0.0000000E+00
SUB_TOTAL           0.9804342E+05  0.2660609E+05  0.3227063E+04  0.2273566E+04  0.2099961E+04  0.1706193E+02  0.1215100E+04  0.3496547E+03  0.1103678E+04  0.8843795E+03  0.3833447E+04  0.2278867E+04  0.1155314E+04  0.0000000E+00  0.1338202E+04  0.1491528E+06  0.1269020E+04  0.2196748E+04  0.7356299E+03  0.2977799E+06
  
Non-Combustion Sources [t/year]
  
Industry [t/year]
  
Sector
PIG_IRON            0.9280317E+05
CRUDE_STEEL         0.1278347E+05
IRON_STEEL_OTHERS   0.1289872E+05
ALUMINUM_ALUMINA    0.5532592E+04
COPPER              0.2237392E+05
ZINC                0.0000000E+00
LEAD                0.0000000E+00
CMENT               0.4896750E+05
BRICKS              0.3922695E+04
LIME                0.1125114E+05
COKE_OVENS          0.2845128E+06
OIL_REFINERY        0.0000000E+00
OTH_TRANSFORMATION  0.5531330E+03
SULPHRIC_ACID       0.0000000E+00
OTHERS              0.3639017E+03
SUB_TOTAL           0.4959630E+06
  
Total [t/year]
  
TOTAL               0.7937430E+06
