Year       : 2007
Country    : CHN
Sub-Region : CHON
  
Combustion Sources [t/year]
  
Fuel Type           POWER_PLANTS   ENERGY         IRON_STEEL     CHEM_PETRCHEM  NON_FERR_MET   NON_MET_MINE   OTHERS         ROAD_CARS      ROAD_BUSES     ROAD_L_TRUCKS  ROAD_H_TRUCKS  ROAD_MC        ROAD_OTHERS    DOM_NAVI       RAILWAY_ETC    RESIDENT       COMM_PUB       AGR_FORE_FISH  OTHERS         SUB_TOTAL    
HARD_COAL           0.1785094E+05  0.8272357E+04  0.7025503E+03  0.1788953E+04  0.2777011E+03  0.0000000E+00  0.1331823E+04  0.0000000E+00  0.0000000E+00  0.0000000E+00  0.0000000E+00  0.0000000E+00  0.0000000E+00  0.0000000E+00  0.4758810E+03  0.1029000E+05  0.2296700E+02  0.4747800E+04  0.2026500E+02  0.4578124E+05
BROWN_COAL          0.0000000E+00  0.0000000E+00  0.0000000E+00  0.0000000E+00  0.0000000E+00  0.0000000E+00  0.0000000E+00  0.0000000E+00  0.0000000E+00  0.0000000E+00  0.0000000E+00  0.0000000E+00  0.0000000E+00  0.0000000E+00  0.0000000E+00  0.0000000E+00  0.0000000E+00  0.0000000E+00  0.0000000E+00  0.0000000E+00
DERIVED_COAL        0.0000000E+00  0.0000000E+00  0.0000000E+00  0.0000000E+00  0.0000000E+00  0.0000000E+00  0.0000000E+00  0.0000000E+00  0.0000000E+00  0.0000000E+00  0.0000000E+00  0.0000000E+00  0.0000000E+00  0.0000000E+00  0.0000000E+00  0.0000000E+00  0.0000000E+00  0.0000000E+00  0.0000000E+00  0.0000000E+00
NATURAL_GAS         0.0000000E+00  0.0000000E+00  0.0000000E+00  0.0000000E+00  0.0000000E+00  0.0000000E+00  0.0000000E+00  0.0000000E+00  0.0000000E+00  0.0000000E+00  0.0000000E+00  0.0000000E+00  0.0000000E+00  0.0000000E+00  0.0000000E+00  0.0000000E+00  0.0000000E+00  0.0000000E+00  0.0000000E+00  0.0000000E+00
COKE_OVEN_GAS       0.0000000E+00  0.0000000E+00  0.0000000E+00  0.0000000E+00  0.0000000E+00  0.0000000E+00  0.0000000E+00  0.0000000E+00  0.0000000E+00  0.0000000E+00  0.0000000E+00  0.0000000E+00  0.0000000E+00  0.0000000E+00  0.0000000E+00  0.0000000E+00  0.0000000E+00  0.0000000E+00  0.0000000E+00  0.0000000E+00
OTHER_GAS           0.0000000E+00  0.0000000E+00  0.0000000E+00  0.0000000E+00  0.0000000E+00  0.0000000E+00  0.0000000E+00  0.0000000E+00  0.0000000E+00  0.0000000E+00  0.0000000E+00  0.0000000E+00  0.0000000E+00  0.0000000E+00  0.0000000E+00  0.0000000E+00  0.0000000E+00  0.0000000E+00  0.0000000E+00  0.0000000E+00
MOTOR_GASOLINE      0.0000000E+00  0.0000000E+00  0.0000000E+00  0.0000000E+00  0.0000000E+00  0.0000000E+00  0.0000000E+00  0.1302928E+03  0.9503902E+02  0.1900052E+03  0.2053655E+03  0.8456786E+03  0.0000000E+00  0.0000000E+00  0.0000000E+00  0.0000000E+00  0.0000000E+00  0.4086000E+02  0.0000000E+00  0.1507241E+04
KEROSENE            0.0000000E+00  0.1702742E+00  0.8858855E-01  0.1167758E+01  0.1725751E-01  0.5821534E+00  0.6703968E+01  0.0000000E+00  0.0000000E+00  0.0000000E+00  0.0000000E+00  0.0000000E+00  0.0000000E+00  0.0000000E+00  0.0000000E+00  0.1710000E+02  0.9000000E+00  0.0000000E+00  0.0000000E+00  0.2673000E+02
OTHER_LF            0.0000000E+00  0.7497480E-01  0.5331307E-01  0.3154409E+00  0.1783413E-01  0.6061077E-01  0.5687826E+01  0.0000000E+00  0.0000000E+00  0.0000000E+00  0.0000000E+00  0.0000000E+00  0.0000000E+00  0.0000000E+00  0.0000000E+00  0.3834000E+02  0.2970000E+02  0.9900000E+01  0.0000000E+00  0.8415000E+02
DIESEL_OIL          0.6464056E+01  0.4324468E+01  0.3449353E+02  0.3399634E+01  0.9487440E+00  0.2206487E+02  0.3517211E+02  0.0000000E+00  0.6347030E+03  0.3660607E+03  0.1919283E+04  0.0000000E+00  0.1658760E+03  0.2085421E+03  0.1840710E+02  0.1344485E+02  0.1569364E+02  0.2822940E+02  0.2057397E+01  0.3479165E+04
CRUDE_OIL           0.0000000E+00  0.3272922E-01  0.1892791E+00  0.5256819E-01  0.6908937E-02  0.1247742E+00  0.2092161E+00  0.0000000E+00  0.0000000E+00  0.0000000E+00  0.0000000E+00  0.0000000E+00  0.0000000E+00  0.0000000E+00  0.0000000E+00  0.0000000E+00  0.0000000E+00  0.0000000E+00  0.0000000E+00  0.6154757E+00
HEAVY_FUEL_OIL      0.2777600E+01  0.4959736E+00  0.2868306E+01  0.7966106E+00  0.1046970E+00  0.1890809E+01  0.3170428E+01  0.0000000E+00  0.0000000E+00  0.0000000E+00  0.0000000E+00  0.0000000E+00  0.0000000E+00  0.3504100E+02  0.0000000E+00  0.0000000E+00  0.0000000E+00  0.0000000E+00  0.0000000E+00  0.4714542E+02
OTHER_HF            0.0000000E+00  0.2202929E+01  0.1273994E+02  0.3538245E+01  0.4650246E+00  0.8398261E+01  0.1408185E+02  0.0000000E+00  0.0000000E+00  0.0000000E+00  0.0000000E+00  0.0000000E+00  0.0000000E+00  0.0000000E+00  0.0000000E+00  0.0000000E+00  0.0000000E+00  0.0000000E+00  0.0000000E+00  0.4142625E+02
FUELWOOD            0.0000000E+00  0.0000000E+00  0.0000000E+00  0.0000000E+00  0.0000000E+00  0.0000000E+00  0.0000000E+00  0.0000000E+00  0.0000000E+00  0.0000000E+00  0.0000000E+00  0.0000000E+00  0.0000000E+00  0.0000000E+00  0.0000000E+00  0.2827163E+05  0.0000000E+00  0.0000000E+00  0.0000000E+00  0.2827163E+05
CROP_RESIDUE        0.0000000E+00  0.0000000E+00  0.0000000E+00  0.0000000E+00  0.0000000E+00  0.0000000E+00  0.0000000E+00  0.0000000E+00  0.0000000E+00  0.0000000E+00  0.0000000E+00  0.0000000E+00  0.0000000E+00  0.0000000E+00  0.0000000E+00  0.5080184E+05  0.0000000E+00  0.0000000E+00  0.0000000E+00  0.5080184E+05
ANIMAL_WASTE        0.0000000E+00  0.0000000E+00  0.0000000E+00  0.0000000E+00  0.0000000E+00  0.0000000E+00  0.0000000E+00  0.0000000E+00  0.0000000E+00  0.0000000E+00  0.0000000E+00  0.0000000E+00  0.0000000E+00  0.0000000E+00  0.0000000E+00  0.0000000E+00  0.0000000E+00  0.0000000E+00  0.0000000E+00  0.0000000E+00
OTHERS              0.0000000E+00  0.0000000E+00  0.0000000E+00  0.0000000E+00  0.0000000E+00  0.0000000E+00  0.0000000E+00  0.0000000E+00  0.0000000E+00  0.0000000E+00  0.0000000E+00  0.0000000E+00  0.0000000E+00  0.0000000E+00  0.0000000E+00  0.0000000E+00  0.0000000E+00  0.0000000E+00  0.0000000E+00  0.0000000E+00
SUB_TOTAL           0.1786018E+05  0.8279658E+04  0.7529833E+03  0.1798223E+04  0.2792616E+03  0.3312148E+02  0.1396848E+04  0.1302928E+03  0.7297420E+03  0.5560659E+03  0.2124648E+04  0.8456786E+03  0.1658760E+03  0.2435831E+03  0.4942881E+03  0.8943235E+05  0.6926064E+02  0.4826789E+04  0.2232240E+02  0.1300412E+06
  
Non-Combustion Sources [t/year]
  
Industry [t/year]
  
Sector
PIG_IRON            0.8175334E+04
CRUDE_STEEL         0.1827782E+04
IRON_STEEL_OTHERS   0.1688362E+04
ALUMINUM_ALUMINA    0.0000000E+00
COPPER              0.0000000E+00
ZINC                0.0000000E+00
LEAD                0.5863624E+04
CMENT               0.5282623E+05
BRICKS              0.1119864E+05
LIME                0.4305797E+04
COKE_OVENS          0.8134122E+04
OIL_REFINERY        0.0000000E+00
OTH_TRANSFORMATION  0.0000000E+00
SULPHRIC_ACID       0.0000000E+00
OTHERS              0.7596791E+02
SUB_TOTAL           0.9409586E+05
  
Total [t/year]
  
TOTAL               0.2241370E+06
