Year       : 2007
Country    : CHN
Sub-Region : JINX
  
Combustion Sources [t/year]
  
Fuel Type           POWER_PLANTS   ENERGY         IRON_STEEL     CHEM_PETRCHEM  NON_FERR_MET   NON_MET_MINE   OTHERS         ROAD           DOM_NAVI       RAILWAY_ETC    RESIDENT       COMM_PUB       AGR_FORE_FISH  OTHERS         SUB_TOTAL    
HARD_COAL           0.2829247E+06  0.9379808E+05  0.2110272E+05  0.2699828E+05  0.6421934E+04  0.1473495E+05  0.2594499E+05  0.0000000E+00  0.0000000E+00  0.6187885E+03  0.4110363E+04  0.1250980E+04  0.4862739E+04  0.1787115E+03  0.4829472E+06
BROWN_COAL          0.0000000E+00  0.0000000E+00  0.0000000E+00  0.0000000E+00  0.0000000E+00  0.0000000E+00  0.0000000E+00  0.0000000E+00  0.0000000E+00  0.0000000E+00  0.0000000E+00  0.0000000E+00  0.0000000E+00  0.0000000E+00  0.0000000E+00
DERIVED_COAL        0.0000000E+00  0.0000000E+00  0.3774459E+05  0.2764555E+04  0.1577916E+04  0.5465752E+02  0.9214237E+03  0.0000000E+00  0.0000000E+00  0.0000000E+00  0.1462500E+05  0.0000000E+00  0.0000000E+00  0.0000000E+00  0.5768814E+05
NATURAL_GAS         0.0000000E+00  0.0000000E+00  0.0000000E+00  0.0000000E+00  0.0000000E+00  0.0000000E+00  0.3721804E+00  0.0000000E+00  0.0000000E+00  0.0000000E+00  0.3442668E+00  0.2512217E+00  0.0000000E+00  0.0000000E+00  0.9676689E+00
COKE_OVEN_GAS       0.1433568E+03  0.0000000E+00  0.0000000E+00  0.0000000E+00  0.0000000E+00  0.0000000E+00  0.3226075E+05  0.0000000E+00  0.0000000E+00  0.0000000E+00  0.6136555E+03  0.2191627E+03  0.0000000E+00  0.0000000E+00  0.3323693E+05
OTHER_GAS           0.2189092E+01  0.0000000E+00  0.0000000E+00  0.0000000E+00  0.0000000E+00  0.0000000E+00  0.1192106E+02  0.0000000E+00  0.0000000E+00  0.0000000E+00  0.1473435E+01  0.2652183E+01  0.0000000E+00  0.0000000E+00  0.1823577E+02
MOTOR_GASOLINE      0.0000000E+00  0.0000000E+00  0.0000000E+00  0.0000000E+00  0.0000000E+00  0.0000000E+00  0.0000000E+00  0.6561000E+03  0.0000000E+00  0.0000000E+00  0.0000000E+00  0.0000000E+00  0.5000000E+02  0.0000000E+00  0.7061000E+03
KEROSENE            0.0000000E+00  0.4964766E-01  0.3433081E-01  0.2725339E+00  0.1629393E+01  0.9242912E-01  0.9296648E+00  0.0000000E+00  0.0000000E+00  0.0000000E+00  0.3200000E+00  0.6400000E-01  0.0000000E+00  0.6400000E-01  0.3455999E+01
OTHER_LF            0.8359000E+00  0.1880141E+00  0.9679656E-01  0.2242081E+00  0.3008505E+00  0.9561100E-01  0.7271597E+00  0.1941203E-02  0.0000000E+00  0.0000000E+00  0.3173640E+01  0.7261000E+00  0.0000000E+00  0.0000000E+00  0.6370221E+01
DIESEL_OIL          0.3244371E+02  0.2542996E+02  0.7619878E+02  0.3046389E+02  0.1944424E+03  0.6057634E+02  0.5762176E+03  0.4880644E+04  0.2084779E+03  0.7488771E+03  0.2277300E+03  0.1416293E+03  0.1778165E+04  0.2274180E+03  0.9208714E+04
CRUDE_OIL           0.0000000E+00  0.0000000E+00  0.0000000E+00  0.0000000E+00  0.0000000E+00  0.0000000E+00  0.0000000E+00  0.0000000E+00  0.0000000E+00  0.0000000E+00  0.0000000E+00  0.0000000E+00  0.0000000E+00  0.0000000E+00  0.0000000E+00
HEAVY_FUEL_OIL      0.7080000E+03  0.1025219E+04  0.1148715E+03  0.1341468E+04  0.1732286E+04  0.6293964E+03  0.5275913E+02  0.0000000E+00  0.0000000E+00  0.0000000E+00  0.0000000E+00  0.0000000E+00  0.0000000E+00  0.0000000E+00  0.5604000E+04
OTHER_HF            0.0000000E+00  0.1056767E+04  0.1184063E+03  0.1382748E+04  0.1785591E+04  0.6487643E+03  0.1008383E+04  0.0000000E+00  0.4240000E+02  0.0000000E+00  0.1060000E+02  0.2120000E+02  0.0000000E+00  0.4240000E+02  0.6117260E+04
FUELWOOD            0.0000000E+00  0.0000000E+00  0.0000000E+00  0.0000000E+00  0.0000000E+00  0.0000000E+00  0.0000000E+00  0.0000000E+00  0.0000000E+00  0.0000000E+00  0.4641280E+04  0.0000000E+00  0.0000000E+00  0.0000000E+00  0.4641280E+04
CROP_RESIDUE        0.0000000E+00  0.0000000E+00  0.0000000E+00  0.0000000E+00  0.0000000E+00  0.0000000E+00  0.0000000E+00  0.0000000E+00  0.0000000E+00  0.0000000E+00  0.2555940E+04  0.0000000E+00  0.0000000E+00  0.0000000E+00  0.2555940E+04
ANIMAL_WASTE        0.0000000E+00  0.0000000E+00  0.0000000E+00  0.0000000E+00  0.0000000E+00  0.0000000E+00  0.0000000E+00  0.0000000E+00  0.0000000E+00  0.0000000E+00  0.0000000E+00  0.0000000E+00  0.0000000E+00  0.0000000E+00  0.0000000E+00
OTHERS              0.0000000E+00  0.0000000E+00  0.0000000E+00  0.0000000E+00  0.0000000E+00  0.0000000E+00  0.0000000E+00  0.0000000E+00  0.0000000E+00  0.0000000E+00  0.7468320E+01  0.0000000E+00  0.0000000E+00  0.0000000E+00  0.7468320E+01
SUB_TOTAL           0.2838115E+06  0.9590573E+05  0.5915692E+05  0.3251801E+05  0.1171410E+05  0.1612853E+05  0.6077847E+05  0.5536746E+04  0.2508779E+03  0.1367666E+04  0.2679735E+05  0.1636666E+04  0.6690904E+04  0.4485935E+03  0.6027421E+06
  
Non-Combustion Sources [t/year]
  
Industry [t/year]
  
Sector
PIG_IRON            0.0000000E+00
CRUDE_STEEL         0.0000000E+00
IRON_STEEL_OTHERS   0.0000000E+00
ALUMINUM_ALUMINA    0.0000000E+00
COPPER              0.1687085E+06
ZINC                0.0000000E+00
LEAD                0.0000000E+00
CMENT               0.0000000E+00
BRICKS              0.0000000E+00
LIME                0.0000000E+00
COKE_OVENS          0.9326373E+04
OIL_REFINERY        0.7497406E+03
OTH_TRANSFORMATION  0.2985822E+04
SULPHRIC_ACID       0.2579806E+05
OTHERS              0.0000000E+00
SUB_TOTAL           0.2075685E+06
  
Total [t/year]
  
TOTAL               0.8103106E+06
