Year       : 2007
Country    : CHN
Sub-Region : ANHU
  
Combustion Sources [t/year]
  
Fuel Type           POWER_PLANTS   ENERGY         IRON_STEEL     CHEM_PETRCHEM  NON_FERR_MET   NON_MET_MINE   OTHERS         ROAD           DOM_NAVI       RAILWAY_ETC    RESIDENT       COMM_PUB       AGR_FORE_FISH  OTHERS         SUB_TOTAL    
HARD_COAL           0.2091790E+06  0.1063608E+06  0.4157248E+05  0.6117907E+05  0.1050394E+04  0.1122064E+05  0.2051246E+05  0.0000000E+00  0.0000000E+00  0.1522493E+04  0.0000000E+00  0.5104888E+04  0.2952061E+04  0.2193507E+04  0.4628478E+06
BROWN_COAL          0.0000000E+00  0.0000000E+00  0.0000000E+00  0.0000000E+00  0.0000000E+00  0.0000000E+00  0.0000000E+00  0.0000000E+00  0.0000000E+00  0.0000000E+00  0.0000000E+00  0.0000000E+00  0.0000000E+00  0.0000000E+00  0.0000000E+00
DERIVED_COAL        0.0000000E+00  0.2325789E+01  0.2926098E+05  0.1855130E+04  0.4736770E+03  0.1434934E+03  0.1314615E+04  0.0000000E+00  0.0000000E+00  0.0000000E+00  0.3234000E+05  0.0000000E+00  0.0000000E+00  0.0000000E+00  0.6539022E+05
NATURAL_GAS         0.0000000E+00  0.0000000E+00  0.0000000E+00  0.0000000E+00  0.0000000E+00  0.0000000E+00  0.1972556E+01  0.0000000E+00  0.0000000E+00  0.0000000E+00  0.1181673E+01  0.3721804E+00  0.0000000E+00  0.0000000E+00  0.3526409E+01
COKE_OVEN_GAS       0.1729172E+04  0.0000000E+00  0.0000000E+00  0.0000000E+00  0.0000000E+00  0.0000000E+00  0.1924088E+05  0.0000000E+00  0.0000000E+00  0.0000000E+00  0.9586201E+03  0.0000000E+00  0.0000000E+00  0.0000000E+00  0.2192867E+05
OTHER_GAS           0.3324538E+01  0.0000000E+00  0.0000000E+00  0.0000000E+00  0.0000000E+00  0.0000000E+00  0.2401472E-01  0.0000000E+00  0.0000000E+00  0.0000000E+00  0.0000000E+00  0.0000000E+00  0.0000000E+00  0.0000000E+00  0.3348553E+01
MOTOR_GASOLINE      0.0000000E+00  0.0000000E+00  0.0000000E+00  0.0000000E+00  0.0000000E+00  0.0000000E+00  0.0000000E+00  0.1036800E+04  0.0000000E+00  0.0000000E+00  0.0000000E+00  0.0000000E+00  0.1123000E+03  0.0000000E+00  0.1149100E+04
KEROSENE            0.0000000E+00  0.1701541E+00  0.5178604E-01  0.2796446E+00  0.4808704E-01  0.2448740E+00  0.2469455E+01  0.0000000E+00  0.0000000E+00  0.0000000E+00  0.0000000E+00  0.0000000E+00  0.0000000E+00  0.0000000E+00  0.3264001E+01
OTHER_LF            0.6565000E+00  0.1616986E+00  0.1267864E+00  0.3201372E+00  0.3402311E-01  0.8327955E-01  0.9070952E+00  0.0000000E+00  0.0000000E+00  0.0000000E+00  0.3847800E+01  0.0000000E+00  0.0000000E+00  0.0000000E+00  0.6137320E+01
DIESEL_OIL          0.1247835E+01  0.1192883E+03  0.1790084E+03  0.6724379E+02  0.4570484E+02  0.2755203E+03  0.5014854E+03  0.4249234E+04  0.3990846E+03  0.5551526E+03  0.0000000E+00  0.4679381E+02  0.1644959E+04  0.0000000E+00  0.8084723E+04
CRUDE_OIL           0.0000000E+00  0.3799054E+03  0.0000000E+00  0.5830538E+00  0.0000000E+00  0.1453409E-01  0.3701124E-01  0.0000000E+00  0.0000000E+00  0.0000000E+00  0.0000000E+00  0.0000000E+00  0.0000000E+00  0.0000000E+00  0.3805400E+03
HEAVY_FUEL_OIL      0.0000000E+00  0.4524204E+03  0.9382539E+02  0.3441438E+03  0.1708630E+04  0.9990183E+03  0.3739623E+03  0.0000000E+00  0.0000000E+00  0.0000000E+00  0.0000000E+00  0.0000000E+00  0.0000000E+00  0.0000000E+00  0.3972000E+04
OTHER_HF            0.0000000E+00  0.1014428E+04  0.2103777E+03  0.7716482E+03  0.3831134E+04  0.2240025E+04  0.8385075E+03  0.0000000E+00  0.0000000E+00  0.0000000E+00  0.0000000E+00  0.0000000E+00  0.0000000E+00  0.0000000E+00  0.8906120E+04
FUELWOOD            0.0000000E+00  0.0000000E+00  0.0000000E+00  0.0000000E+00  0.0000000E+00  0.0000000E+00  0.0000000E+00  0.0000000E+00  0.0000000E+00  0.0000000E+00  0.6574720E+04  0.0000000E+00  0.0000000E+00  0.0000000E+00  0.6574720E+04
CROP_RESIDUE        0.0000000E+00  0.0000000E+00  0.0000000E+00  0.0000000E+00  0.0000000E+00  0.0000000E+00  0.0000000E+00  0.0000000E+00  0.0000000E+00  0.0000000E+00  0.1787700E+05  0.0000000E+00  0.0000000E+00  0.0000000E+00  0.1787700E+05
ANIMAL_WASTE        0.0000000E+00  0.0000000E+00  0.0000000E+00  0.0000000E+00  0.0000000E+00  0.0000000E+00  0.0000000E+00  0.0000000E+00  0.0000000E+00  0.0000000E+00  0.0000000E+00  0.0000000E+00  0.0000000E+00  0.0000000E+00  0.0000000E+00
OTHERS              0.0000000E+00  0.0000000E+00  0.0000000E+00  0.0000000E+00  0.0000000E+00  0.0000000E+00  0.0000000E+00  0.0000000E+00  0.0000000E+00  0.0000000E+00  0.2923600E+01  0.0000000E+00  0.0000000E+00  0.0000000E+00  0.2923600E+01
SUB_TOTAL           0.2109134E+06  0.1083295E+06  0.7131685E+05  0.6421842E+05  0.7109622E+04  0.1487904E+05  0.4278732E+05  0.5286034E+04  0.3990846E+03  0.2077646E+04  0.5775829E+05  0.5152054E+04  0.4709320E+04  0.2193507E+04  0.5971301E+06
  
Non-Combustion Sources [t/year]
  
Industry [t/year]
  
Sector
PIG_IRON            0.0000000E+00
CRUDE_STEEL         0.0000000E+00
IRON_STEEL_OTHERS   0.0000000E+00
ALUMINUM_ALUMINA    0.0000000E+00
COPPER              0.1518376E+06
ZINC                0.0000000E+00
LEAD                0.1320739E+05
CMENT               0.0000000E+00
BRICKS              0.0000000E+00
LIME                0.0000000E+00
COKE_OVENS          0.6023875E+04
OIL_REFINERY        0.8509649E+03
OTH_TRANSFORMATION  0.4920434E+03
SULPHRIC_ACID       0.4716030E+05
OTHERS              0.0000000E+00
SUB_TOTAL           0.2195722E+06
  
Total [t/year]
  
TOTAL               0.8167023E+06
