Year       : 2007
Country    : CHN
Sub-Region : YUNN
  
Combustion Sources [t/year]
  
Fuel Type           POWER_PLANTS   ENERGY         IRON_STEEL     CHEM_PETRCHEM  NON_FERR_MET   NON_MET_MINE   OTHERS         ROAD           DOM_NAVI       RAILWAY_ETC    RESIDENT       COMM_PUB       AGR_FORE_FISH  OTHERS         SUB_TOTAL    
HARD_COAL           0.2091551E+06  0.2307914E+06  0.2787213E+05  0.7992200E+05  0.1447167E+05  0.1676954E+05  0.3732378E+05  0.0000000E+00  0.0000000E+00  0.8608335E+04  0.8561431E+05  0.4640776E+04  0.5673776E+05  0.4530412E+04  0.7764372E+06
BROWN_COAL          0.0000000E+00  0.0000000E+00  0.0000000E+00  0.0000000E+00  0.0000000E+00  0.0000000E+00  0.0000000E+00  0.0000000E+00  0.0000000E+00  0.0000000E+00  0.0000000E+00  0.0000000E+00  0.0000000E+00  0.0000000E+00  0.0000000E+00
DERIVED_COAL        0.0000000E+00  0.3744924E+04  0.6637079E+05  0.9617028E+05  0.2184593E+05  0.2293147E+04  0.2683714E+04  0.0000000E+00  0.0000000E+00  0.2207265E+03  0.6309908E+03  0.3615005E+03  0.1607625E+03  0.2326826E+03  0.1947154E+06
NATURAL_GAS         0.0000000E+00  0.0000000E+00  0.0000000E+00  0.0000000E+00  0.0000000E+00  0.0000000E+00  0.9304509E-02  0.0000000E+00  0.0000000E+00  0.0000000E+00  0.1860902E+00  0.0000000E+00  0.0000000E+00  0.0000000E+00  0.1953947E+00
COKE_OVEN_GAS       0.2488991E+04  0.0000000E+00  0.0000000E+00  0.0000000E+00  0.0000000E+00  0.0000000E+00  0.1299302E+05  0.0000000E+00  0.0000000E+00  0.0000000E+00  0.7511588E+04  0.0000000E+00  0.0000000E+00  0.0000000E+00  0.2299360E+05
OTHER_GAS           0.1623245E+01  0.0000000E+00  0.0000000E+00  0.0000000E+00  0.0000000E+00  0.0000000E+00  0.5958652E+01  0.0000000E+00  0.0000000E+00  0.0000000E+00  0.2455725E+00  0.0000000E+00  0.0000000E+00  0.0000000E+00  0.7827469E+01
MOTOR_GASOLINE      0.0000000E+00  0.0000000E+00  0.0000000E+00  0.0000000E+00  0.0000000E+00  0.0000000E+00  0.0000000E+00  0.1502200E+04  0.0000000E+00  0.0000000E+00  0.0000000E+00  0.0000000E+00  0.7890000E+02  0.0000000E+00  0.1581100E+04
KEROSENE            0.0000000E+00  0.8546093E-01  0.1642310E+00  0.8606918E-01  0.3138637E+00  0.1958607E+00  0.3065144E+00  0.0000000E+00  0.0000000E+00  0.0000000E+00  0.1280000E+00  0.6400000E-01  0.4480000E+00  0.3840000E+01  0.5632000E+01
OTHER_LF            0.0000000E+00  0.1082401E-02  0.2080058E-02  0.1090104E-02  0.3975223E-02  0.2480662E-02  0.3071552E-02  0.0000000E+00  0.0000000E+00  0.0000000E+00  0.1058940E+01  0.4155200E+00  0.0000000E+00  0.2438000E-01  0.1512620E+01
DIESEL_OIL          0.7143856E+02  0.5827040E+02  0.1119787E+03  0.5868512E+02  0.2140037E+03  0.1335450E+03  0.7131548E+03  0.8650459E+04  0.2234024E+02  0.6819092E+03  0.5003819E+03  0.9327567E+02  0.4701220E+03  0.1244716E+03  0.1190404E+05
CRUDE_OIL           0.0000000E+00  0.9158774E+00  0.1760049E+01  0.9223961E+00  0.3363650E+01  0.2099022E+01  0.2599006E+01  0.0000000E+00  0.0000000E+00  0.0000000E+00  0.0000000E+00  0.0000000E+00  0.0000000E+00  0.0000000E+00  0.1166000E+02
HEAVY_FUEL_OIL      0.0000000E+00  0.1152309E+03  0.2214401E+03  0.1160510E+03  0.4231968E+03  0.2640879E+03  0.3269933E+03  0.0000000E+00  0.0000000E+00  0.0000000E+00  0.0000000E+00  0.0000000E+00  0.0000000E+00  0.0000000E+00  0.1467000E+04
OTHER_HF            0.0000000E+00  0.3521965E+02  0.6768188E+02  0.3547032E+02  0.1293477E+03  0.8071692E+02  0.9994360E+02  0.0000000E+00  0.1674800E+03  0.0000000E+00  0.0000000E+00  0.3180000E+01  0.0000000E+00  0.7420000E+01  0.6264601E+03
FUELWOOD            0.0000000E+00  0.0000000E+00  0.0000000E+00  0.0000000E+00  0.0000000E+00  0.0000000E+00  0.0000000E+00  0.0000000E+00  0.0000000E+00  0.0000000E+00  0.8656080E+04  0.0000000E+00  0.0000000E+00  0.0000000E+00  0.8656080E+04
CROP_RESIDUE        0.0000000E+00  0.0000000E+00  0.0000000E+00  0.0000000E+00  0.0000000E+00  0.0000000E+00  0.0000000E+00  0.0000000E+00  0.0000000E+00  0.0000000E+00  0.3368220E+04  0.0000000E+00  0.0000000E+00  0.0000000E+00  0.3368220E+04
ANIMAL_WASTE        0.0000000E+00  0.0000000E+00  0.0000000E+00  0.0000000E+00  0.0000000E+00  0.0000000E+00  0.0000000E+00  0.0000000E+00  0.0000000E+00  0.0000000E+00  0.0000000E+00  0.0000000E+00  0.0000000E+00  0.0000000E+00  0.0000000E+00
OTHERS              0.0000000E+00  0.0000000E+00  0.0000000E+00  0.0000000E+00  0.0000000E+00  0.0000000E+00  0.0000000E+00  0.0000000E+00  0.0000000E+00  0.0000000E+00  0.1574840E+02  0.0000000E+00  0.0000000E+00  0.0000000E+00  0.1574840E+02
SUB_TOTAL           0.2117172E+06  0.2347460E+06  0.9464595E+05  0.1763035E+06  0.3708783E+05  0.1954333E+05  0.5414948E+05  0.1015266E+05  0.1898202E+03  0.9510971E+04  0.1062989E+06  0.5099212E+04  0.5744799E+05  0.4898851E+04  0.1021792E+07
  
Non-Combustion Sources [t/year]
  
Industry [t/year]
  
Sector
PIG_IRON            0.0000000E+00
CRUDE_STEEL         0.0000000E+00
IRON_STEEL_OTHERS   0.0000000E+00
ALUMINUM_ALUMINA    0.6307020E+03
COPPER              0.6025305E+05
ZINC                0.9996473E+05
LEAD                0.1592018E+05
CMENT               0.0000000E+00
BRICKS              0.0000000E+00
LIME                0.0000000E+00
COKE_OVENS          0.3758795E+05
OIL_REFINERY        0.0000000E+00
OTH_TRANSFORMATION  0.7988080E+04
SULPHRIC_ACID       0.1413308E+06
OTHERS              0.0000000E+00
SUB_TOTAL           0.3636755E+06
  
Total [t/year]
  
TOTAL               0.1385467E+07
