Year       : 2007
Country    : CHN
Sub-Region : NEMO
  
Combustion Sources [t/year]
  
Fuel Type           POWER_PLANTS   ENERGY         IRON_STEEL     CHEM_PETRCHEM  NON_FERR_MET   NON_MET_MINE   OTHERS         ROAD           DOM_NAVI       RAILWAY_ETC    RESIDENT       COMM_PUB       AGR_FORE_FISH  OTHERS         SUB_TOTAL    
HARD_COAL           0.4437096E+06  0.8424317E+05  0.3598011E+05  0.1683666E+05  0.1761557E+05  0.3421255E+04  0.3012680E+05  0.0000000E+00  0.0000000E+00  0.1561258E+05  0.6286655E+05  0.2298642E+05  0.1134851E+05  0.2289353E+05  0.7676408E+06
BROWN_COAL          0.0000000E+00  0.0000000E+00  0.0000000E+00  0.0000000E+00  0.0000000E+00  0.0000000E+00  0.0000000E+00  0.0000000E+00  0.0000000E+00  0.0000000E+00  0.0000000E+00  0.0000000E+00  0.0000000E+00  0.0000000E+00  0.0000000E+00
DERIVED_COAL        0.0000000E+00  0.1427905E+04  0.2911651E+05  0.3117596E+05  0.1546899E+04  0.5949609E+03  0.2379844E+03  0.0000000E+00  0.0000000E+00  0.1116540E+01  0.2533801E+03  0.1814749E+04  0.5875678E+03  0.0000000E+00  0.6675703E+05
NATURAL_GAS         0.3926502E+01  0.0000000E+00  0.0000000E+00  0.1032552E+02  0.0000000E+00  0.0000000E+00  0.7375375E+00  0.0000000E+00  0.0000000E+00  0.0000000E+00  0.4307987E+01  0.1674812E+00  0.0000000E+00  0.2419172E+00  0.1970694E+02
COKE_OVEN_GAS       0.4538316E+04  0.0000000E+00  0.0000000E+00  0.1761572E+05  0.0000000E+00  0.0000000E+00  0.1258266E+04  0.0000000E+00  0.0000000E+00  0.0000000E+00  0.0000000E+00  0.0000000E+00  0.0000000E+00  0.0000000E+00  0.2341230E+05
OTHER_GAS           0.4068994E+01  0.0000000E+00  0.0000000E+00  0.7941468E+01  0.0000000E+00  0.0000000E+00  0.5672476E+00  0.0000000E+00  0.0000000E+00  0.0000000E+00  0.3536244E+01  0.0000000E+00  0.0000000E+00  0.0000000E+00  0.1611395E+02
MOTOR_GASOLINE      0.0000000E+00  0.0000000E+00  0.0000000E+00  0.0000000E+00  0.0000000E+00  0.0000000E+00  0.0000000E+00  0.2111100E+04  0.0000000E+00  0.0000000E+00  0.0000000E+00  0.0000000E+00  0.2501000E+03  0.0000000E+00  0.2361200E+04
KEROSENE            0.0000000E+00  0.4800000E+00  0.4800000E+00  0.2400000E+00  0.4800000E+00  0.0000000E+00  0.2400000E+00  0.0000000E+00  0.0000000E+00  0.0000000E+00  0.0000000E+00  0.0000000E+00  0.0000000E+00  0.0000000E+00  0.1920000E+01
OTHER_LF            0.0000000E+00  0.1740250E+00  0.1740250E+00  0.8701250E-01  0.1740250E+00  0.0000000E+00  0.8701250E-01  0.0000000E+00  0.0000000E+00  0.0000000E+00  0.1062120E+01  0.0000000E+00  0.0000000E+00  0.0000000E+00  0.1758220E+01
DIESEL_OIL          0.6993236E+01  0.4610209E+03  0.1773156E+03  0.1182105E+02  0.4728418E+02  0.3546314E+02  0.2166212E+03  0.2895585E+04  0.0000000E+00  0.1129966E+04  0.1379777E+03  0.4632186E+03  0.5863218E+03  0.2496474E+03  0.6419236E+04
CRUDE_OIL           0.0000000E+00  0.1013360E+04  0.0000000E+00  0.0000000E+00  0.0000000E+00  0.0000000E+00  0.0000000E+00  0.0000000E+00  0.0000000E+00  0.0000000E+00  0.0000000E+00  0.0000000E+00  0.0000000E+00  0.0000000E+00  0.1013360E+04
HEAVY_FUEL_OIL      0.0000000E+00  0.0000000E+00  0.0000000E+00  0.0000000E+00  0.0000000E+00  0.2160000E+04  0.0000000E+00  0.0000000E+00  0.0000000E+00  0.0000000E+00  0.0000000E+00  0.0000000E+00  0.0000000E+00  0.0000000E+00  0.2160000E+04
OTHER_HF            0.0000000E+00  0.0000000E+00  0.0000000E+00  0.0000000E+00  0.0000000E+00  0.1537000E+03  0.0000000E+00  0.0000000E+00  0.0000000E+00  0.0000000E+00  0.0000000E+00  0.0000000E+00  0.0000000E+00  0.0000000E+00  0.1537000E+03
FUELWOOD            0.0000000E+00  0.0000000E+00  0.0000000E+00  0.0000000E+00  0.0000000E+00  0.0000000E+00  0.0000000E+00  0.0000000E+00  0.0000000E+00  0.0000000E+00  0.2243520E+04  0.0000000E+00  0.0000000E+00  0.0000000E+00  0.2243520E+04
CROP_RESIDUE        0.0000000E+00  0.0000000E+00  0.0000000E+00  0.0000000E+00  0.0000000E+00  0.0000000E+00  0.0000000E+00  0.0000000E+00  0.0000000E+00  0.0000000E+00  0.5975820E+04  0.0000000E+00  0.0000000E+00  0.0000000E+00  0.5975820E+04
ANIMAL_WASTE        0.0000000E+00  0.0000000E+00  0.0000000E+00  0.0000000E+00  0.0000000E+00  0.0000000E+00  0.0000000E+00  0.0000000E+00  0.0000000E+00  0.0000000E+00  0.0000000E+00  0.0000000E+00  0.0000000E+00  0.0000000E+00  0.0000000E+00
OTHERS              0.0000000E+00  0.0000000E+00  0.0000000E+00  0.0000000E+00  0.0000000E+00  0.0000000E+00  0.0000000E+00  0.0000000E+00  0.0000000E+00  0.0000000E+00  0.7925600E+00  0.0000000E+00  0.0000000E+00  0.0000000E+00  0.7925600E+00
SUB_TOTAL           0.4482629E+06  0.8714611E+05  0.6527459E+05  0.6565876E+05  0.1921041E+05  0.6365379E+04  0.3184130E+05  0.5006685E+04  0.0000000E+00  0.1674366E+05  0.7148695E+05  0.2526456E+05  0.1277250E+05  0.2314342E+05  0.8781772E+06
  
Non-Combustion Sources [t/year]
  
Industry [t/year]
  
Sector
PIG_IRON            0.0000000E+00
CRUDE_STEEL         0.0000000E+00
IRON_STEEL_OTHERS   0.0000000E+00
ALUMINUM_ALUMINA    0.7316144E+03
COPPER              0.2410122E+05
ZINC                0.2542829E+05
LEAD                0.0000000E+00
CMENT               0.0000000E+00
BRICKS              0.0000000E+00
LIME                0.0000000E+00
COKE_OVENS          0.1635490E+05
OIL_REFINERY        0.2530132E+03
OTH_TRANSFORMATION  0.0000000E+00
SULPHRIC_ACID       0.1392765E+05
OTHERS              0.0000000E+00
SUB_TOTAL           0.8079669E+05
  
Total [t/year]
  
TOTAL               0.9589739E+06
