Year       : 2007
Country    : CHN
Sub-Region : BEIJ
  
Combustion Sources [t/year]
  
Fuel Type           POWER_PLANTS   ENERGY         IRON_STEEL     CHEM_PETRCHEM  NON_FERR_MET   NON_MET_MINE   OTHERS         ROAD           DOM_NAVI       RAILWAY_ETC    RESIDENT       COMM_PUB       AGR_FORE_FISH  OTHERS         SUB_TOTAL    
HARD_COAL           0.7698029E+05  0.1236756E+04  0.2340310E+05  0.7336885E+04  0.5692910E+02  0.1440538E+05  0.1277884E+05  0.0000000E+00  0.0000000E+00  0.2831589E+04  0.2299304E+05  0.4998705E+04  0.4225906E+04  0.2243524E+05  0.1936827E+06
BROWN_COAL          0.0000000E+00  0.0000000E+00  0.0000000E+00  0.0000000E+00  0.0000000E+00  0.0000000E+00  0.0000000E+00  0.0000000E+00  0.0000000E+00  0.0000000E+00  0.0000000E+00  0.0000000E+00  0.0000000E+00  0.0000000E+00  0.0000000E+00
DERIVED_COAL        0.0000000E+00  0.0000000E+00  0.8939655E+04  0.1757194E+01  0.2547931E+02  0.4138193E+03  0.6542287E+03  0.0000000E+00  0.0000000E+00  0.0000000E+00  0.0000000E+00  0.0000000E+00  0.0000000E+00  0.0000000E+00  0.1003494E+05
NATURAL_GAS         0.7936745E+01  0.2039067E+01  0.5097669E+00  0.3738290E+00  0.0000000E+00  0.6372084E+00  0.1753004E+01  0.0000000E+00  0.0000000E+00  0.0000000E+00  0.8355449E+01  0.5201221E+01  0.0000000E+00  0.1224473E+02  0.3905102E+02
COKE_OVEN_GAS       0.5422444E+03  0.3196430E+04  0.7991078E+03  0.5860122E+03  0.0000000E+00  0.9988842E+03  0.2237501E+04  0.0000000E+00  0.0000000E+00  0.0000000E+00  0.0000000E+00  0.0000000E+00  0.0000000E+00  0.0000000E+00  0.8360180E+04
OTHER_GAS           0.2184589E+01  0.2217782E+01  0.5544458E+00  0.4065933E+00  0.0000000E+00  0.6930567E+00  0.1552447E+01  0.0000000E+00  0.0000000E+00  0.0000000E+00  0.0000000E+00  0.0000000E+00  0.0000000E+00  0.0000000E+00  0.7608914E+01
MOTOR_GASOLINE      0.0000000E+00  0.0000000E+00  0.0000000E+00  0.0000000E+00  0.0000000E+00  0.0000000E+00  0.0000000E+00  0.3198100E+04  0.0000000E+00  0.0000000E+00  0.0000000E+00  0.0000000E+00  0.4910000E+02  0.0000000E+00  0.3247200E+04
KEROSENE            0.0000000E+00  0.6400000E-01  0.6400000E-01  0.2560000E+00  0.0000000E+00  0.0000000E+00  0.9599999E+00  0.0000000E+00  0.0000000E+00  0.0000000E+00  0.0000000E+00  0.6400000E-01  0.0000000E+00  0.2176000E+01  0.3584000E+01
OTHER_LF            0.5707000E+00  0.3450213E+00  0.8608313E+00  0.1107973E+01  0.6468430E-01  0.6089513E+00  0.5577979E+01  0.6784000E-01  0.0000000E+00  0.0000000E+00  0.2922420E+01  0.2926660E+01  0.6360000E-02  0.2173000E+00  0.1527672E+02
DIESEL_OIL          0.9261742E+02  0.1840309E+02  0.6351306E+02  0.2479927E+02  0.1458780E+01  0.1274751E+03  0.3113773E+03  0.1046170E+04  0.0000000E+00  0.9306121E+02  0.0000000E+00  0.1345366E+03  0.9224412E+02  0.2069109E+03  0.2212567E+04
CRUDE_OIL           0.0000000E+00  0.0000000E+00  0.0000000E+00  0.0000000E+00  0.0000000E+00  0.0000000E+00  0.0000000E+00  0.0000000E+00  0.0000000E+00  0.0000000E+00  0.0000000E+00  0.0000000E+00  0.0000000E+00  0.0000000E+00  0.0000000E+00
HEAVY_FUEL_OIL      0.7029000E+04  0.1337373E+04  0.4831803E+02  0.1563433E+04  0.1553079E+02  0.1275250E+04  0.1880952E+03  0.0000000E+00  0.0000000E+00  0.0000000E+00  0.0000000E+00  0.0000000E+00  0.0000000E+00  0.0000000E+00  0.1145700E+05
OTHER_HF            0.1950400E+04  0.2012451E+04  0.7270793E+02  0.2352620E+04  0.2337040E+02  0.1918970E+04  0.2830415E+03  0.0000000E+00  0.0000000E+00  0.0000000E+00  0.0000000E+00  0.0000000E+00  0.0000000E+00  0.0000000E+00  0.8613561E+04
FUELWOOD            0.0000000E+00  0.0000000E+00  0.0000000E+00  0.0000000E+00  0.0000000E+00  0.0000000E+00  0.0000000E+00  0.0000000E+00  0.0000000E+00  0.0000000E+00  0.3909600E+03  0.0000000E+00  0.0000000E+00  0.0000000E+00  0.3909600E+03
CROP_RESIDUE        0.0000000E+00  0.0000000E+00  0.0000000E+00  0.0000000E+00  0.0000000E+00  0.0000000E+00  0.0000000E+00  0.0000000E+00  0.0000000E+00  0.0000000E+00  0.2325000E+03  0.0000000E+00  0.0000000E+00  0.0000000E+00  0.2325000E+03
ANIMAL_WASTE        0.0000000E+00  0.0000000E+00  0.0000000E+00  0.0000000E+00  0.0000000E+00  0.0000000E+00  0.0000000E+00  0.0000000E+00  0.0000000E+00  0.0000000E+00  0.0000000E+00  0.0000000E+00  0.0000000E+00  0.0000000E+00  0.0000000E+00
OTHERS              0.0000000E+00  0.0000000E+00  0.0000000E+00  0.0000000E+00  0.0000000E+00  0.0000000E+00  0.0000000E+00  0.0000000E+00  0.0000000E+00  0.0000000E+00  0.2227200E+00  0.0000000E+00  0.0000000E+00  0.0000000E+00  0.2227200E+00
SUB_TOTAL           0.8660524E+05  0.7806079E+04  0.3332839E+05  0.1186765E+05  0.1228331E+03  0.1914172E+05  0.1646293E+05  0.4244338E+04  0.0000000E+00  0.2924650E+04  0.2362800E+05  0.5141433E+04  0.4367256E+04  0.2265679E+05  0.2382973E+06
  
Non-Combustion Sources [t/year]
  
Industry [t/year]
  
Sector
PIG_IRON            0.0000000E+00
CRUDE_STEEL         0.0000000E+00
IRON_STEEL_OTHERS   0.0000000E+00
ALUMINUM_ALUMINA    0.0000000E+00
COPPER              0.0000000E+00
ZINC                0.0000000E+00
LEAD                0.0000000E+00
CMENT               0.0000000E+00
BRICKS              0.0000000E+00
LIME                0.0000000E+00
COKE_OVENS          0.1684839E+04
OIL_REFINERY        0.1803192E+04
OTH_TRANSFORMATION  0.1513717E+04
SULPHRIC_ACID       0.6732000E+03
OTHERS              0.0000000E+00
SUB_TOTAL           0.5674948E+04
  
Total [t/year]
  
TOTAL               0.2439723E+06
