Year       : 2007
Country    : CHN
Sub-Region : GUAD
  
Combustion Sources [t/year]
  
Fuel Type           POWER_PLANTS   ENERGY         IRON_STEEL     CHEM_PETRCHEM  NON_FERR_MET   NON_MET_MINE   OTHERS         ROAD           DOM_NAVI       RAILWAY_ETC    RESIDENT       COMM_PUB       AGR_FORE_FISH  OTHERS         SUB_TOTAL    
HARD_COAL           0.4949749E+06  0.1303721E+05  0.4138982E+05  0.3778700E+05  0.8241489E+04  0.2233206E+06  0.2019716E+06  0.0000000E+00  0.0000000E+00  0.3344587E+03  0.7602427E+04  0.4473335E+04  0.8871366E+04  0.0000000E+00  0.1042004E+07
BROWN_COAL          0.0000000E+00  0.0000000E+00  0.0000000E+00  0.0000000E+00  0.0000000E+00  0.0000000E+00  0.0000000E+00  0.0000000E+00  0.0000000E+00  0.0000000E+00  0.0000000E+00  0.0000000E+00  0.0000000E+00  0.0000000E+00  0.0000000E+00
DERIVED_COAL        0.0000000E+00  0.2862978E+04  0.2472889E+04  0.8298043E+04  0.1809835E+04  0.4904130E+05  0.4329141E+05  0.0000000E+00  0.0000000E+00  0.0000000E+00  0.2090250E+04  0.0000000E+00  0.0000000E+00  0.0000000E+00  0.1098667E+06
NATURAL_GAS         0.2993260E+02  0.0000000E+00  0.0000000E+00  0.0000000E+00  0.0000000E+00  0.0000000E+00  0.4326598E+01  0.0000000E+00  0.0000000E+00  0.0000000E+00  0.6838813E+01  0.0000000E+00  0.0000000E+00  0.0000000E+00  0.4109801E+02
COKE_OVEN_GAS       0.0000000E+00  0.0000000E+00  0.0000000E+00  0.0000000E+00  0.0000000E+00  0.0000000E+00  0.6267883E+04  0.0000000E+00  0.0000000E+00  0.0000000E+00  0.0000000E+00  0.0000000E+00  0.0000000E+00  0.0000000E+00  0.6267883E+04
OTHER_GAS           0.2671638E+00  0.0000000E+00  0.0000000E+00  0.0000000E+00  0.0000000E+00  0.0000000E+00  0.7001792E+01  0.0000000E+00  0.0000000E+00  0.0000000E+00  0.7858320E+01  0.3634473E+01  0.0000000E+00  0.0000000E+00  0.1876175E+02
MOTOR_GASOLINE      0.0000000E+00  0.0000000E+00  0.0000000E+00  0.0000000E+00  0.0000000E+00  0.0000000E+00  0.0000000E+00  0.8241400E+04  0.0000000E+00  0.0000000E+00  0.0000000E+00  0.0000000E+00  0.1359000E+03  0.0000000E+00  0.8377300E+04
KEROSENE            0.0000000E+00  0.0000000E+00  0.0000000E+00  0.0000000E+00  0.0000000E+00  0.0000000E+00  0.4908800E+02  0.0000000E+00  0.0000000E+00  0.0000000E+00  0.2220800E+02  0.0000000E+00  0.0000000E+00  0.0000000E+00  0.7129600E+02
OTHER_LF            0.9425000E+00  0.0000000E+00  0.0000000E+00  0.0000000E+00  0.0000000E+00  0.0000000E+00  0.2480914E+02  0.3859460E+01  0.0000000E+00  0.0000000E+00  0.4318228E+02  0.2311860E+01  0.0000000E+00  0.1653600E+00  0.7527060E+02
DIESEL_OIL          0.6666560E+03  0.0000000E+00  0.0000000E+00  0.0000000E+00  0.0000000E+00  0.0000000E+00  0.1638938E+05  0.1540368E+05  0.5237444E+04  0.3548099E+03  0.3359797E+03  0.3364164E+04  0.2498478E+04  0.3706069E+03  0.4462120E+05
CRUDE_OIL           0.0000000E+00  0.8151453E+02  0.0000000E+00  0.0000000E+00  0.0000000E+00  0.0000000E+00  0.1630386E+04  0.0000000E+00  0.0000000E+00  0.0000000E+00  0.0000000E+00  0.0000000E+00  0.0000000E+00  0.0000000E+00  0.1711901E+04
HEAVY_FUEL_OIL      0.1427610E+06  0.1047742E+05  0.0000000E+00  0.0000000E+00  0.0000000E+00  0.0000000E+00  0.2095606E+06  0.0000000E+00  0.2655300E+05  0.0000000E+00  0.0000000E+00  0.2925000E+04  0.0000000E+00  0.0000000E+00  0.3922770E+06
OTHER_HF            0.8478940E+04  0.3013767E+03  0.0000000E+00  0.0000000E+00  0.0000000E+00  0.0000000E+00  0.6027883E+04  0.0000000E+00  0.0000000E+00  0.0000000E+00  0.0000000E+00  0.0000000E+00  0.6900600E+03  0.0000000E+00  0.1549826E+05
FUELWOOD            0.0000000E+00  0.0000000E+00  0.0000000E+00  0.0000000E+00  0.0000000E+00  0.0000000E+00  0.0000000E+00  0.0000000E+00  0.0000000E+00  0.0000000E+00  0.1148928E+05  0.0000000E+00  0.0000000E+00  0.0000000E+00  0.1148928E+05
CROP_RESIDUE        0.0000000E+00  0.0000000E+00  0.0000000E+00  0.0000000E+00  0.0000000E+00  0.0000000E+00  0.0000000E+00  0.0000000E+00  0.0000000E+00  0.0000000E+00  0.4347960E+04  0.0000000E+00  0.0000000E+00  0.0000000E+00  0.4347960E+04
ANIMAL_WASTE        0.0000000E+00  0.0000000E+00  0.0000000E+00  0.0000000E+00  0.0000000E+00  0.0000000E+00  0.0000000E+00  0.0000000E+00  0.0000000E+00  0.0000000E+00  0.0000000E+00  0.0000000E+00  0.0000000E+00  0.0000000E+00  0.0000000E+00
OTHERS              0.0000000E+00  0.0000000E+00  0.0000000E+00  0.0000000E+00  0.0000000E+00  0.0000000E+00  0.0000000E+00  0.0000000E+00  0.0000000E+00  0.0000000E+00  0.3079280E+01  0.0000000E+00  0.0000000E+00  0.0000000E+00  0.3079280E+01
SUB_TOTAL           0.6469126E+06  0.2676050E+05  0.4386271E+05  0.4608504E+05  0.1005132E+05  0.2723619E+06  0.4852244E+06  0.2364894E+05  0.3179044E+05  0.6892686E+03  0.2594906E+05  0.1076845E+05  0.1219580E+05  0.3707723E+03  0.1636671E+07
  
Non-Combustion Sources [t/year]
  
Industry [t/year]
  
Sector
PIG_IRON            0.0000000E+00
CRUDE_STEEL         0.0000000E+00
IRON_STEEL_OTHERS   0.0000000E+00
ALUMINUM_ALUMINA    0.0000000E+00
COPPER              0.0000000E+00
ZINC                0.2505980E+05
LEAD                0.4360422E+04
CMENT               0.0000000E+00
BRICKS              0.0000000E+00
LIME                0.0000000E+00
COKE_OVENS          0.1860796E+04
OIL_REFINERY        0.5542197E+04
OTH_TRANSFORMATION  0.7240627E+03
SULPHRIC_ACID       0.2822490E+05
OTHERS              0.0000000E+00
SUB_TOTAL           0.6577218E+05
  
Total [t/year]
  
TOTAL               0.1702443E+07
