Year       : 2007
Country    : CHN
Sub-Region : CHON
  
Combustion Sources [t/year]
  
Fuel Type           POWER_PLANTS   ENERGY         IRON_STEEL     CHEM_PETRCHEM  NON_FERR_MET   NON_MET_MINE   OTHERS         ROAD           DOM_NAVI       RAILWAY_ETC    RESIDENT       COMM_PUB       AGR_FORE_FISH  OTHERS         SUB_TOTAL    
HARD_COAL           0.3030296E+06  0.1775976E+06  0.1508291E+05  0.3840668E+05  0.5961909E+04  0.1586181E+05  0.2859264E+05  0.0000000E+00  0.0000000E+00  0.6677755E+04  0.3654039E+05  0.2898870E+03  0.5992623E+05  0.2557827E+03  0.6882232E+06
BROWN_COAL          0.0000000E+00  0.0000000E+00  0.0000000E+00  0.0000000E+00  0.0000000E+00  0.0000000E+00  0.0000000E+00  0.0000000E+00  0.0000000E+00  0.0000000E+00  0.0000000E+00  0.0000000E+00  0.0000000E+00  0.0000000E+00  0.0000000E+00
DERIVED_COAL        0.0000000E+00  0.1769299E+02  0.2181027E+05  0.1306957E+04  0.2224433E+03  0.6850822E+01  0.7710545E+04  0.0000000E+00  0.0000000E+00  0.6090064E+03  0.2241143E+03  0.0000000E+00  0.9338098E+04  0.0000000E+00  0.4124598E+05
NATURAL_GAS         0.2698308E+00  0.3300473E+00  0.1237414E+01  0.1781217E+02  0.1073535E+01  0.4414516E+01  0.4013520E+01  0.0000000E+00  0.0000000E+00  0.0000000E+00  0.7443607E+01  0.2335432E+01  0.5582705E+00  0.5582705E-01  0.3954417E+02
COKE_OVEN_GAS       0.2863327E+04  0.2120065E+02  0.7948543E+02  0.1144167E+04  0.6895865E+02  0.2835670E+03  0.2548206E+03  0.0000000E+00  0.0000000E+00  0.0000000E+00  0.0000000E+00  0.0000000E+00  0.0000000E+00  0.0000000E+00  0.4715526E+04
OTHER_GAS           0.0000000E+00  0.8057339E-02  0.3020857E-01  0.4348426E+00  0.2620786E-01  0.1077701E+00  0.9684500E-01  0.0000000E+00  0.0000000E+00  0.0000000E+00  0.0000000E+00  0.0000000E+00  0.0000000E+00  0.0000000E+00  0.7039315E+00
MOTOR_GASOLINE      0.0000000E+00  0.0000000E+00  0.0000000E+00  0.0000000E+00  0.0000000E+00  0.0000000E+00  0.0000000E+00  0.8192000E+03  0.0000000E+00  0.0000000E+00  0.0000000E+00  0.0000000E+00  0.4540000E+02  0.0000000E+00  0.8646000E+03
KEROSENE            0.0000000E+00  0.1210838E+00  0.6299630E-01  0.8304058E+00  0.1227201E-01  0.4139757E+00  0.4767267E+01  0.0000000E+00  0.0000000E+00  0.0000000E+00  0.1216000E+02  0.6400000E+00  0.0000000E+00  0.0000000E+00  0.1900800E+02
OTHER_LF            0.0000000E+00  0.8830365E-03  0.6279095E-03  0.3715193E-02  0.2100464E-03  0.7138602E-03  0.6698995E-01  0.7438890E-01  0.0000000E+00  0.0000000E+00  0.4515600E+00  0.3498000E+00  0.1166000E+00  0.0000000E+00  0.1065489E+01
DIESEL_OIL          0.6020806E+02  0.3317122E+02  0.3212826E+03  0.3166516E+02  0.8836872E+01  0.2055185E+03  0.3276031E+03  0.4447820E+04  0.1359695E+04  0.1200143E+03  0.8766044E+02  0.1023225E+03  0.1840557E+03  0.1341423E+02  0.7303268E+04
CRUDE_OIL           0.0000000E+00  0.6091829E+00  0.4277950E+01  0.1188108E+01  0.1561508E+00  0.2820056E+01  0.4728551E+01  0.0000000E+00  0.0000000E+00  0.0000000E+00  0.0000000E+00  0.0000000E+00  0.0000000E+00  0.0000000E+00  0.1378000E+02
HEAVY_FUEL_OIL      0.1920000E+03  0.2612679E+02  0.1834738E+03  0.5095590E+02  0.6697035E+01  0.1209473E+03  0.2027992E+03  0.0000000E+00  0.1569000E+04  0.0000000E+00  0.0000000E+00  0.0000000E+00  0.0000000E+00  0.0000000E+00  0.2352000E+04
OTHER_HF            0.0000000E+00  0.4100270E+02  0.2879389E+03  0.7996886E+02  0.1051015E+02  0.1898114E+03  0.3182678E+03  0.0000000E+00  0.0000000E+00  0.0000000E+00  0.0000000E+00  0.0000000E+00  0.0000000E+00  0.0000000E+00  0.9274998E+03
FUELWOOD            0.0000000E+00  0.0000000E+00  0.0000000E+00  0.0000000E+00  0.0000000E+00  0.0000000E+00  0.0000000E+00  0.0000000E+00  0.0000000E+00  0.0000000E+00  0.4053280E+04  0.0000000E+00  0.0000000E+00  0.0000000E+00  0.4053280E+04
CROP_RESIDUE        0.0000000E+00  0.0000000E+00  0.0000000E+00  0.0000000E+00  0.0000000E+00  0.0000000E+00  0.0000000E+00  0.0000000E+00  0.0000000E+00  0.0000000E+00  0.4366920E+04  0.0000000E+00  0.0000000E+00  0.0000000E+00  0.4366920E+04
ANIMAL_WASTE        0.0000000E+00  0.0000000E+00  0.0000000E+00  0.0000000E+00  0.0000000E+00  0.0000000E+00  0.0000000E+00  0.0000000E+00  0.0000000E+00  0.0000000E+00  0.0000000E+00  0.0000000E+00  0.0000000E+00  0.0000000E+00  0.0000000E+00
OTHERS              0.0000000E+00  0.0000000E+00  0.0000000E+00  0.0000000E+00  0.0000000E+00  0.0000000E+00  0.0000000E+00  0.0000000E+00  0.0000000E+00  0.0000000E+00  0.4549440E+01  0.0000000E+00  0.0000000E+00  0.0000000E+00  0.4549440E+01
SUB_TOTAL           0.3061454E+06  0.1777379E+06  0.3777097E+05  0.4104066E+05  0.6280623E+04  0.1667626E+05  0.3742035E+05  0.5267094E+04  0.2928695E+04  0.7406776E+04  0.4529697E+05  0.3955347E+03  0.6949446E+05  0.2692528E+03  0.7541309E+06
  
Non-Combustion Sources [t/year]
  
Industry [t/year]
  
Sector
PIG_IRON            0.0000000E+00
CRUDE_STEEL         0.0000000E+00
IRON_STEEL_OTHERS   0.0000000E+00
ALUMINUM_ALUMINA    0.0000000E+00
COPPER              0.0000000E+00
ZINC                0.0000000E+00
LEAD                0.1313789E+04
CMENT               0.0000000E+00
BRICKS              0.0000000E+00
LIME                0.0000000E+00
COKE_OVENS          0.8323687E+04
OIL_REFINERY        0.0000000E+00
OTH_TRANSFORMATION  0.0000000E+00
SULPHRIC_ACID       0.3755895E+05
OTHERS              0.0000000E+00
SUB_TOTAL           0.4719643E+05
  
Total [t/year]
  
TOTAL               0.8013273E+06
