Year       : 2007
Country    : CHN
Sub-Region : SHAN
  
Combustion Sources [t/year]
  
Fuel Type           POWER_PLANTS   ENERGY         IRON_STEEL     CHEM_PETRCHEM  NON_FERR_MET   NON_MET_MINE   OTHERS         ROAD           DOM_NAVI       RAILWAY_ETC    RESIDENT       COMM_PUB       AGR_FORE_FISH  OTHERS         SUB_TOTAL    
HARD_COAL           0.3265933E+06  0.7151105E+04  0.0000000E+00  0.0000000E+00  0.0000000E+00  0.8646579E+03  0.8300589E+05  0.0000000E+00  0.0000000E+00  0.7845131E+03  0.9785210E+04  0.4471725E+04  0.2120306E+03  0.4982718E+04  0.4378511E+06
BROWN_COAL          0.0000000E+00  0.0000000E+00  0.0000000E+00  0.0000000E+00  0.0000000E+00  0.0000000E+00  0.0000000E+00  0.0000000E+00  0.0000000E+00  0.0000000E+00  0.0000000E+00  0.0000000E+00  0.0000000E+00  0.0000000E+00  0.0000000E+00
DERIVED_COAL        0.0000000E+00  0.2491068E+04  0.0000000E+00  0.0000000E+00  0.0000000E+00  0.2879559E+03  0.3444578E+05  0.0000000E+00  0.0000000E+00  0.0000000E+00  0.0000000E+00  0.1695414E+04  0.0000000E+00  0.1736104E+04  0.4065632E+05
NATURAL_GAS         0.7429920E+01  0.0000000E+00  0.0000000E+00  0.0000000E+00  0.0000000E+00  0.0000000E+00  0.9890693E+01  0.0000000E+00  0.0000000E+00  0.0000000E+00  0.4280074E+01  0.5396615E+00  0.0000000E+00  0.1488721E+01  0.2362907E+02
COKE_OVEN_GAS       0.1155321E+04  0.0000000E+00  0.0000000E+00  0.0000000E+00  0.0000000E+00  0.0000000E+00  0.2952567E+05  0.0000000E+00  0.0000000E+00  0.0000000E+00  0.5200471E+03  0.0000000E+00  0.0000000E+00  0.5200471E+02  0.3125304E+05
OTHER_GAS           0.7423551E+01  0.0000000E+00  0.0000000E+00  0.0000000E+00  0.0000000E+00  0.0000000E+00  0.3782319E+00  0.0000000E+00  0.0000000E+00  0.8255060E-02  0.1011759E+02  0.4125618E+01  0.0000000E+00  0.2563777E+01  0.2461702E+02
MOTOR_GASOLINE      0.0000000E+00  0.0000000E+00  0.0000000E+00  0.0000000E+00  0.0000000E+00  0.0000000E+00  0.0000000E+00  0.2830700E+04  0.0000000E+00  0.0000000E+00  0.0000000E+00  0.0000000E+00  0.1659000E+03  0.0000000E+00  0.2996600E+04
KEROSENE            0.0000000E+00  0.0000000E+00  0.0000000E+00  0.0000000E+00  0.0000000E+00  0.0000000E+00  0.9344000E+01  0.0000000E+00  0.0000000E+00  0.0000000E+00  0.1280000E+00  0.6400000E+00  0.0000000E+00  0.1920000E+00  0.1030400E+02
OTHER_LF            0.7618000E-01  0.0000000E+00  0.0000000E+00  0.0000000E+00  0.0000000E+00  0.0000000E+00  0.1964984E+02  0.3193427E+00  0.0000000E+00  0.0000000E+00  0.3047500E+01  0.7229200E+00  0.0000000E+00  0.1002760E+01  0.2481854E+02
DIESEL_OIL          0.9982681E+02  0.0000000E+00  0.0000000E+00  0.0000000E+00  0.0000000E+00  0.0000000E+00  0.3098999E+04  0.6459002E+03  0.3431955E+04  0.8394562E+01  0.1135530E+04  0.1653382E+04  0.6778864E+03  0.2261701E+04  0.1301357E+05
CRUDE_OIL           0.0000000E+00  0.0000000E+00  0.0000000E+00  0.0000000E+00  0.0000000E+00  0.0000000E+00  0.0000000E+00  0.0000000E+00  0.0000000E+00  0.0000000E+00  0.0000000E+00  0.0000000E+00  0.0000000E+00  0.0000000E+00  0.0000000E+00
HEAVY_FUEL_OIL      0.1458900E+05  0.1314309E+04  0.0000000E+00  0.0000000E+00  0.0000000E+00  0.0000000E+00  0.2919269E+05  0.0000000E+00  0.2066250E+06  0.0000000E+00  0.0000000E+00  0.1800000E+04  0.0000000E+00  0.4890000E+03  0.2540100E+06
OTHER_HF            0.3891260E+04  0.3729553E+04  0.0000000E+00  0.0000000E+00  0.0000000E+00  0.0000000E+00  0.7585312E+05  0.0000000E+00  0.3121700E+04  0.0000000E+00  0.1665260E+04  0.8670800E+03  0.2120000E+03  0.3086720E+04  0.9242669E+05
FUELWOOD            0.0000000E+00  0.0000000E+00  0.0000000E+00  0.0000000E+00  0.0000000E+00  0.0000000E+00  0.0000000E+00  0.0000000E+00  0.0000000E+00  0.0000000E+00  0.8000000E+00  0.0000000E+00  0.0000000E+00  0.0000000E+00  0.8000000E+00
CROP_RESIDUE        0.0000000E+00  0.0000000E+00  0.0000000E+00  0.0000000E+00  0.0000000E+00  0.0000000E+00  0.0000000E+00  0.0000000E+00  0.0000000E+00  0.0000000E+00  0.6000000E+00  0.0000000E+00  0.0000000E+00  0.0000000E+00  0.6000000E+00
ANIMAL_WASTE        0.0000000E+00  0.0000000E+00  0.0000000E+00  0.0000000E+00  0.0000000E+00  0.0000000E+00  0.0000000E+00  0.0000000E+00  0.0000000E+00  0.0000000E+00  0.0000000E+00  0.0000000E+00  0.0000000E+00  0.0000000E+00  0.0000000E+00
OTHERS              0.0000000E+00  0.0000000E+00  0.0000000E+00  0.0000000E+00  0.0000000E+00  0.0000000E+00  0.0000000E+00  0.0000000E+00  0.0000000E+00  0.0000000E+00  0.7424000E-01  0.0000000E+00  0.0000000E+00  0.0000000E+00  0.7424000E-01
SUB_TOTAL           0.3463436E+06  0.1468603E+05  0.0000000E+00  0.0000000E+00  0.0000000E+00  0.1152614E+04  0.2551614E+06  0.3476920E+04  0.2131787E+06  0.7929159E+03  0.1312509E+05  0.1049363E+05  0.1267817E+04  0.1261349E+05  0.8722922E+06
  
Non-Combustion Sources [t/year]
  
Industry [t/year]
  
Sector
PIG_IRON            0.0000000E+00
CRUDE_STEEL         0.0000000E+00
IRON_STEEL_OTHERS   0.0000000E+00
ALUMINUM_ALUMINA    0.0000000E+00
COPPER              0.0000000E+00
ZINC                0.0000000E+00
LEAD                0.0000000E+00
CMENT               0.0000000E+00
BRICKS              0.0000000E+00
LIME                0.0000000E+00
COKE_OVENS          0.1045134E+05
OIL_REFINERY        0.3261446E+04
OTH_TRANSFORMATION  0.2510746E+04
SULPHRIC_ACID       0.5200800E+04
OTHERS              0.0000000E+00
SUB_TOTAL           0.2142433E+05
  
Total [t/year]
  
TOTAL               0.8937166E+06
