Year       : 2007
Country    : CHN
Sub-Region : HENA
  
Combustion Sources [t/year]
  
Fuel Type           POWER_PLANTS   ENERGY         IRON_STEEL     CHEM_PETRCHEM  NON_FERR_MET   NON_MET_MINE   OTHERS         ROAD           DOM_NAVI       RAILWAY_ETC    RESIDENT       COMM_PUB       AGR_FORE_FISH  OTHERS         SUB_TOTAL    
HARD_COAL           0.9367907E+06  0.3718377E+06  0.1847492E+05  0.7988572E+05  0.4542219E+05  0.1317831E+05  0.7513782E+05  0.0000000E+00  0.0000000E+00  0.2288853E+04  0.1004450E+06  0.2288853E+04  0.9155413E+04  0.0000000E+00  0.1654905E+07
BROWN_COAL          0.0000000E+00  0.0000000E+00  0.0000000E+00  0.0000000E+00  0.0000000E+00  0.0000000E+00  0.0000000E+00  0.0000000E+00  0.0000000E+00  0.0000000E+00  0.0000000E+00  0.0000000E+00  0.0000000E+00  0.0000000E+00  0.0000000E+00
DERIVED_COAL        0.0000000E+00  0.1189821E+06  0.1723629E+04  0.2556217E+05  0.1453438E+05  0.2108426E+05  0.2368064E+05  0.0000000E+00  0.0000000E+00  0.0000000E+00  0.0000000E+00  0.0000000E+00  0.0000000E+00  0.0000000E+00  0.2055672E+06
NATURAL_GAS         0.3256578E+00  0.4316885E+00  0.1647150E+02  0.9046332E+00  0.1860323E+01  0.1075981E+01  0.1856529E+01  0.0000000E+00  0.0000000E+00  0.0000000E+00  0.4652254E+01  0.4745300E+00  0.0000000E+00  0.0000000E+00  0.2805310E+02
COKE_OVEN_GAS       0.3866825E+04  0.2564914E+03  0.9786678E+04  0.5374954E+03  0.1105326E+04  0.6393029E+03  0.1103072E+04  0.0000000E+00  0.0000000E+00  0.0000000E+00  0.2245547E+04  0.0000000E+00  0.0000000E+00  0.0000000E+00  0.1954074E+05
OTHER_GAS           0.1935436E+01  0.1834793E+00  0.7000831E+01  0.3844936E+00  0.7906875E+00  0.4573208E+00  0.7890750E+00  0.0000000E+00  0.0000000E+00  0.0000000E+00  0.4528357E+01  0.2357496E+00  0.0000000E+00  0.0000000E+00  0.1630543E+02
MOTOR_GASOLINE      0.0000000E+00  0.0000000E+00  0.0000000E+00  0.0000000E+00  0.0000000E+00  0.0000000E+00  0.0000000E+00  0.2046300E+04  0.0000000E+00  0.0000000E+00  0.0000000E+00  0.0000000E+00  0.6000000E+02  0.0000000E+00  0.2106300E+04
KEROSENE            0.0000000E+00  0.9446528E+01  0.1814349E+00  0.6760602E-01  0.2777223E+00  0.3340606E+00  0.3166470E+00  0.0000000E+00  0.0000000E+00  0.0000000E+00  0.0000000E+00  0.1792000E+01  0.0000000E+00  0.0000000E+00  0.1241600E+02
OTHER_LF            0.1301300E+01  0.1907747E+01  0.3664119E-01  0.1365318E-01  0.5608663E-01  0.6746428E-01  0.6394754E-01  0.0000000E+00  0.0000000E+00  0.0000000E+00  0.2544000E+01  0.6519000E+00  0.0000000E+00  0.0000000E+00  0.6642740E+01
DIESEL_OIL          0.1048182E+03  0.9826977E+03  0.1389353E+03  0.1341772E+03  0.2769191E+03  0.1700213E+03  0.9304938E+03  0.6553963E+04  0.1176973E+03  0.1595249E+04  0.0000000E+00  0.1871753E+03  0.3007907E+04  0.1247835E+03  0.1432484E+05
CRUDE_OIL           0.4558000E+02  0.1821930E+04  0.0000000E+00  0.0000000E+00  0.0000000E+00  0.0000000E+00  0.2101843E+00  0.0000000E+00  0.0000000E+00  0.0000000E+00  0.0000000E+00  0.0000000E+00  0.0000000E+00  0.0000000E+00  0.1867720E+04
HEAVY_FUEL_OIL      0.4800000E+03  0.4073575E+04  0.2991770E+04  0.3208743E+03  0.3960504E+04  0.6334971E+04  0.6723076E+03  0.0000000E+00  0.0000000E+00  0.0000000E+00  0.0000000E+00  0.0000000E+00  0.0000000E+00  0.0000000E+00  0.1883400E+05
OTHER_HF            0.0000000E+00  0.4272347E+03  0.3137756E+03  0.3365316E+02  0.4153759E+03  0.6644092E+03  0.2190511E+04  0.0000000E+00  0.0000000E+00  0.0000000E+00  0.0000000E+00  0.0000000E+00  0.0000000E+00  0.0000000E+00  0.4044960E+04
FUELWOOD            0.0000000E+00  0.0000000E+00  0.0000000E+00  0.0000000E+00  0.0000000E+00  0.0000000E+00  0.0000000E+00  0.0000000E+00  0.0000000E+00  0.0000000E+00  0.6783280E+04  0.0000000E+00  0.0000000E+00  0.0000000E+00  0.6783280E+04
CROP_RESIDUE        0.0000000E+00  0.0000000E+00  0.0000000E+00  0.0000000E+00  0.0000000E+00  0.0000000E+00  0.0000000E+00  0.0000000E+00  0.0000000E+00  0.0000000E+00  0.1313634E+05  0.0000000E+00  0.0000000E+00  0.0000000E+00  0.1313634E+05
ANIMAL_WASTE        0.0000000E+00  0.0000000E+00  0.0000000E+00  0.0000000E+00  0.0000000E+00  0.0000000E+00  0.0000000E+00  0.0000000E+00  0.0000000E+00  0.0000000E+00  0.0000000E+00  0.0000000E+00  0.0000000E+00  0.0000000E+00  0.0000000E+00
OTHERS              0.0000000E+00  0.0000000E+00  0.0000000E+00  0.0000000E+00  0.0000000E+00  0.0000000E+00  0.0000000E+00  0.0000000E+00  0.0000000E+00  0.0000000E+00  0.1576992E+02  0.0000000E+00  0.0000000E+00  0.0000000E+00  0.1576992E+02
SUB_TOTAL           0.9412915E+06  0.4983937E+06  0.3345340E+05  0.1064755E+06  0.6571768E+05  0.4207321E+05  0.1037181E+06  0.8600263E+04  0.1176973E+03  0.3884102E+04  0.1226377E+06  0.2479182E+04  0.1222332E+05  0.1247835E+03  0.1941190E+07
  
Non-Combustion Sources [t/year]
  
Industry [t/year]
  
Sector
PIG_IRON            0.0000000E+00
CRUDE_STEEL         0.0000000E+00
IRON_STEEL_OTHERS   0.0000000E+00
ALUMINUM_ALUMINA    0.2939070E+04
COPPER              0.1205060E+05
ZINC                0.2165906E+05
LEAD                0.3904176E+05
CMENT               0.0000000E+00
BRICKS              0.0000000E+00
LIME                0.0000000E+00
COKE_OVENS          0.2377253E+05
OIL_REFINERY        0.1314813E+04
OTH_TRANSFORMATION  0.2834516E+04
SULPHRIC_ACID       0.2565915E+05
OTHERS              0.0000000E+00
SUB_TOTAL           0.1292715E+06
  
Total [t/year]
  
TOTAL               0.2070462E+07
