Year       : 2007
Country    : CHN
Sub-Region : SHNX
  
Combustion Sources [t/year]
  
Fuel Type           POWER_PLANTS   ENERGY         IRON_STEEL     CHEM_PETRCHEM  NON_FERR_MET   NON_MET_MINE   OTHERS         ROAD           DOM_NAVI       RAILWAY_ETC    RESIDENT       COMM_PUB       AGR_FORE_FISH  OTHERS         SUB_TOTAL    
HARD_COAL           0.9896582E+06  0.2097510E+06  0.2508266E+05  0.1785292E+05  0.1658729E+05  0.2235034E+04  0.9295593E+04  0.0000000E+00  0.0000000E+00  0.6159013E+04  0.7287868E+05  0.5882698E+04  0.9054121E+04  0.3314882E+04  0.1367752E+07
BROWN_COAL          0.0000000E+00  0.0000000E+00  0.0000000E+00  0.0000000E+00  0.0000000E+00  0.0000000E+00  0.0000000E+00  0.0000000E+00  0.0000000E+00  0.0000000E+00  0.0000000E+00  0.0000000E+00  0.0000000E+00  0.0000000E+00  0.0000000E+00
DERIVED_COAL        0.0000000E+00  0.1461873E+05  0.8016322E+05  0.3382258E+05  0.3487037E+04  0.2799688E+04  0.7861193E+04  0.0000000E+00  0.0000000E+00  0.0000000E+00  0.3167876E+04  0.6401400E+04  0.6917282E+03  0.0000000E+00  0.1530135E+06
NATURAL_GAS         0.5024435E+00  0.0000000E+00  0.0000000E+00  0.0000000E+00  0.0000000E+00  0.0000000E+00  0.4019547E+01  0.0000000E+00  0.0000000E+00  0.0000000E+00  0.1079323E+01  0.2046992E+00  0.0000000E+00  0.1116541E+00  0.5917667E+01
COKE_OVEN_GAS       0.4741950E+05  0.0000000E+00  0.0000000E+00  0.0000000E+00  0.0000000E+00  0.0000000E+00  0.1523179E+06  0.0000000E+00  0.0000000E+00  0.0000000E+00  0.1199423E+05  0.4204620E+04  0.0000000E+00  0.0000000E+00  0.2159363E+06
OTHER_GAS           0.5463349E+01  0.0000000E+00  0.0000000E+00  0.0000000E+00  0.0000000E+00  0.0000000E+00  0.4200325E+01  0.0000000E+00  0.0000000E+00  0.0000000E+00  0.2249444E+01  0.0000000E+00  0.0000000E+00  0.0000000E+00  0.1191312E+02
MOTOR_GASOLINE      0.0000000E+00  0.0000000E+00  0.0000000E+00  0.0000000E+00  0.0000000E+00  0.0000000E+00  0.0000000E+00  0.1126800E+04  0.0000000E+00  0.0000000E+00  0.0000000E+00  0.0000000E+00  0.1178000E+03  0.0000000E+00  0.1244600E+04
KEROSENE            0.0000000E+00  0.7518830E+01  0.2523562E+01  0.1633402E+01  0.4234744E+00  0.5444672E+00  0.1756263E+01  0.0000000E+00  0.0000000E+00  0.0000000E+00  0.2304000E+01  0.1344000E+01  0.2560000E+00  0.1536000E+01  0.1984000E+02
OTHER_LF            0.0000000E+00  0.8133758E-01  0.2729952E-01  0.1766989E-01  0.4581083E-02  0.5889964E-02  0.2328196E-01  0.0000000E+00  0.0000000E+00  0.0000000E+00  0.5141000E+00  0.3710000E-01  0.0000000E+00  0.6360000E-02  0.7176200E+00
DIESEL_OIL          0.0000000E+00  0.4052028E+03  0.1549250E+03  0.5966702E+02  0.2978593E+02  0.3644733E+02  0.1120889E+03  0.1346899E+04  0.0000000E+00  0.3553431E+03  0.0000000E+00  0.4329147E+02  0.4029436E+03  0.7237444E+02  0.3018969E+04
CRUDE_OIL           0.0000000E+00  0.0000000E+00  0.0000000E+00  0.0000000E+00  0.0000000E+00  0.0000000E+00  0.0000000E+00  0.0000000E+00  0.0000000E+00  0.0000000E+00  0.0000000E+00  0.0000000E+00  0.0000000E+00  0.0000000E+00  0.0000000E+00
HEAVY_FUEL_OIL      0.0000000E+00  0.2288729E+04  0.9025215E+03  0.2958865E+03  0.1783426E+03  0.2161728E+03  0.4353476E+03  0.0000000E+00  0.0000000E+00  0.0000000E+00  0.0000000E+00  0.0000000E+00  0.0000000E+00  0.0000000E+00  0.4317000E+04
OTHER_HF            0.0000000E+00  0.3397075E+03  0.1339579E+03  0.4391733E+02  0.2647072E+02  0.3208572E+02  0.2276081E+02  0.0000000E+00  0.0000000E+00  0.0000000E+00  0.0000000E+00  0.0000000E+00  0.0000000E+00  0.0000000E+00  0.5989000E+03
FUELWOOD            0.0000000E+00  0.0000000E+00  0.0000000E+00  0.0000000E+00  0.0000000E+00  0.0000000E+00  0.0000000E+00  0.0000000E+00  0.0000000E+00  0.0000000E+00  0.1845760E+04  0.0000000E+00  0.0000000E+00  0.0000000E+00  0.1845760E+04
CROP_RESIDUE        0.0000000E+00  0.0000000E+00  0.0000000E+00  0.0000000E+00  0.0000000E+00  0.0000000E+00  0.0000000E+00  0.0000000E+00  0.0000000E+00  0.0000000E+00  0.6947340E+04  0.0000000E+00  0.0000000E+00  0.0000000E+00  0.6947340E+04
ANIMAL_WASTE        0.0000000E+00  0.0000000E+00  0.0000000E+00  0.0000000E+00  0.0000000E+00  0.0000000E+00  0.0000000E+00  0.0000000E+00  0.0000000E+00  0.0000000E+00  0.0000000E+00  0.0000000E+00  0.0000000E+00  0.0000000E+00  0.0000000E+00
OTHERS              0.0000000E+00  0.0000000E+00  0.0000000E+00  0.0000000E+00  0.0000000E+00  0.0000000E+00  0.0000000E+00  0.0000000E+00  0.0000000E+00  0.0000000E+00  0.2377680E+01  0.0000000E+00  0.0000000E+00  0.0000000E+00  0.2377680E+01
SUB_TOTAL           0.1037084E+07  0.2274110E+06  0.1064398E+06  0.5207662E+05  0.2030935E+05  0.5319978E+04  0.1700549E+06  0.2473699E+04  0.0000000E+00  0.6514356E+04  0.9684241E+05  0.1653360E+05  0.1026685E+05  0.3388910E+04  0.1754715E+07
  
Non-Combustion Sources [t/year]
  
Industry [t/year]
  
Sector
PIG_IRON            0.0000000E+00
CRUDE_STEEL         0.0000000E+00
IRON_STEEL_OTHERS   0.0000000E+00
ALUMINUM_ALUMINA    0.8640622E+03
COPPER              0.3133158E+05
ZINC                0.0000000E+00
LEAD                0.0000000E+00
CMENT               0.0000000E+00
BRICKS              0.0000000E+00
LIME                0.0000000E+00
COKE_OVENS          0.1105364E+06
OIL_REFINERY        0.0000000E+00
OTH_TRANSFORMATION  0.6114807E+03
SULPHRIC_ACID       0.1004520E+05
OTHERS              0.0000000E+00
SUB_TOTAL           0.1533887E+06
  
Total [t/year]
  
TOTAL               0.1908104E+07
