Year       : 2007
Country    : CHN
Sub-Region : HUNA
  
Combustion Sources [t/year]
  
Fuel Type           POWER_PLANTS   ENERGY         IRON_STEEL     CHEM_PETRCHEM  NON_FERR_MET   NON_MET_MINE   OTHERS         ROAD           DOM_NAVI       RAILWAY_ETC    RESIDENT       COMM_PUB       AGR_FORE_FISH  OTHERS         SUB_TOTAL    
HARD_COAL           0.2733791E+06  0.1316623E+06  0.5973383E+05  0.1010918E+06  0.3241354E+05  0.4594245E+05  0.8588963E+05  0.0000000E+00  0.0000000E+00  0.1323800E+04  0.2778523E+05  0.3378328E+05  0.3543598E+05  0.1272121E+04  0.8297131E+06
BROWN_COAL          0.0000000E+00  0.0000000E+00  0.0000000E+00  0.0000000E+00  0.0000000E+00  0.0000000E+00  0.0000000E+00  0.0000000E+00  0.0000000E+00  0.0000000E+00  0.0000000E+00  0.0000000E+00  0.0000000E+00  0.0000000E+00  0.0000000E+00
DERIVED_COAL        0.0000000E+00  0.1471101E+01  0.2650649E+05  0.3108158E+04  0.9385333E+04  0.9676675E+03  0.3915405E+04  0.0000000E+00  0.0000000E+00  0.2650251E+01  0.1762500E+05  0.3645000E+03  0.2795838E+03  0.0000000E+00  0.6215626E+05
NATURAL_GAS         0.0000000E+00  0.1841792E-03  0.5947149E+00  0.2449583E+00  0.1100471E+00  0.1057926E+01  0.1239445E+01  0.0000000E+00  0.0000000E+00  0.0000000E+00  0.9955825E+00  0.9769734E+00  0.0000000E+00  0.0000000E+00  0.5219831E+01
COKE_OVEN_GAS       0.5073929E+03  0.8574165E+03  0.1550101E+05  0.2483568E+03  0.4483876E+01  0.5542567E+02  0.0000000E+00  0.0000000E+00  0.0000000E+00  0.0000000E+00  0.0000000E+00  0.0000000E+00  0.0000000E+00  0.0000000E+00  0.1717409E+05
OTHER_GAS           0.1852886E+01  0.0000000E+00  0.3610073E+01  0.0000000E+00  0.3677835E-01  0.7580375E-01  0.1877433E-02  0.0000000E+00  0.0000000E+00  0.0000000E+00  0.5166845E+01  0.2986162E+01  0.0000000E+00  0.0000000E+00  0.1373043E+02
MOTOR_GASOLINE      0.0000000E+00  0.0000000E+00  0.0000000E+00  0.0000000E+00  0.0000000E+00  0.0000000E+00  0.0000000E+00  0.2631900E+04  0.0000000E+00  0.0000000E+00  0.0000000E+00  0.0000000E+00  0.8480000E+02  0.0000000E+00  0.2716700E+04
KEROSENE            0.0000000E+00  0.2072381E+00  0.3227376E+01  0.6565517E+00  0.6379718E+01  0.4135829E+00  0.6267535E+01  0.0000000E+00  0.0000000E+00  0.0000000E+00  0.0000000E+00  0.1043200E+02  0.0000000E+00  0.0000000E+00  0.2758400E+02
OTHER_LF            0.5122000E+00  0.1802488E+01  0.1913251E+00  0.9908010E+00  0.2731127E+00  0.4303764E+00  0.1981116E+01  0.1963774E-02  0.0000000E+00  0.0000000E+00  0.2820660E+01  0.2160280E+01  0.0000000E+00  0.0000000E+00  0.1116432E+02
DIESEL_OIL          0.9046806E+02  0.4690451E+02  0.1373632E+03  0.2054692E+03  0.2999917E+03  0.1846020E+03  0.1874650E+04  0.6890959E+04  0.4061275E+03  0.9261494E+03  0.0000000E+00  0.1017610E+04  0.1712654E+03  0.3026000E+02  0.1228182E+05
CRUDE_OIL           0.0000000E+00  0.4539746E+03  0.5436851E-02  0.2409204E+00  0.0000000E+00  0.1511988E+01  0.6700916E-01  0.0000000E+00  0.0000000E+00  0.0000000E+00  0.0000000E+00  0.0000000E+00  0.0000000E+00  0.0000000E+00  0.4558000E+03
HEAVY_FUEL_OIL      0.1398000E+04  0.1142860E+04  0.2310946E+03  0.2129672E+03  0.7664769E+03  0.1917997E+04  0.3846047E+03  0.0000000E+00  0.6000000E+04  0.0000000E+00  0.0000000E+00  0.0000000E+00  0.0000000E+00  0.0000000E+00  0.1205400E+05
OTHER_HF            0.0000000E+00  0.5146879E+04  0.1783416E+02  0.1131139E+04  0.2252223E+02  0.5176384E+02  0.8526316E+02  0.0000000E+00  0.0000000E+00  0.0000000E+00  0.0000000E+00  0.0000000E+00  0.0000000E+00  0.0000000E+00  0.6455401E+04
FUELWOOD            0.0000000E+00  0.0000000E+00  0.0000000E+00  0.0000000E+00  0.0000000E+00  0.0000000E+00  0.0000000E+00  0.0000000E+00  0.0000000E+00  0.0000000E+00  0.8034960E+04  0.0000000E+00  0.0000000E+00  0.0000000E+00  0.8034960E+04
CROP_RESIDUE        0.0000000E+00  0.0000000E+00  0.0000000E+00  0.0000000E+00  0.0000000E+00  0.0000000E+00  0.0000000E+00  0.0000000E+00  0.0000000E+00  0.0000000E+00  0.3548640E+04  0.0000000E+00  0.0000000E+00  0.0000000E+00  0.3548640E+04
ANIMAL_WASTE        0.0000000E+00  0.0000000E+00  0.0000000E+00  0.0000000E+00  0.0000000E+00  0.0000000E+00  0.0000000E+00  0.0000000E+00  0.0000000E+00  0.0000000E+00  0.0000000E+00  0.0000000E+00  0.0000000E+00  0.0000000E+00  0.0000000E+00
OTHERS              0.0000000E+00  0.0000000E+00  0.0000000E+00  0.0000000E+00  0.0000000E+00  0.0000000E+00  0.0000000E+00  0.0000000E+00  0.0000000E+00  0.0000000E+00  0.1455352E+02  0.0000000E+00  0.0000000E+00  0.0000000E+00  0.1455352E+02
SUB_TOTAL           0.2753773E+06  0.1393138E+06  0.1021353E+06  0.1060000E+06  0.4289915E+05  0.4912340E+05  0.9215911E+05  0.9522861E+04  0.6406127E+04  0.2252600E+04  0.5701737E+05  0.3518195E+05  0.3597163E+05  0.1302381E+04  0.9546630E+06
  
Non-Combustion Sources [t/year]
  
Industry [t/year]
  
Sector
PIG_IRON            0.0000000E+00
CRUDE_STEEL         0.0000000E+00
IRON_STEEL_OTHERS   0.0000000E+00
ALUMINUM_ALUMINA    0.2648948E+03
COPPER              0.0000000E+00
ZINC                0.1048010E+06
LEAD                0.2094265E+05
CMENT               0.0000000E+00
BRICKS              0.0000000E+00
LIME                0.0000000E+00
COKE_OVENS          0.6465653E+04
OIL_REFINERY        0.1267272E+04
OTH_TRANSFORMATION  0.3519585E+04
SULPHRIC_ACID       0.3530505E+05
OTHERS              0.0000000E+00
SUB_TOTAL           0.1725661E+06
  
Total [t/year]
  
TOTAL               0.1127229E+07
