Year       : 2007
Country    : CHN
Sub-Region : NINX
  
Combustion Sources [t/year]
  
Fuel Type           POWER_PLANTS   ENERGY         IRON_STEEL     CHEM_PETRCHEM  NON_FERR_MET   NON_MET_MINE   OTHERS         ROAD           DOM_NAVI       RAILWAY_ETC    RESIDENT       COMM_PUB       AGR_FORE_FISH  OTHERS         SUB_TOTAL    
HARD_COAL           0.2449098E+06  0.1175615E+06  0.1116536E+05  0.4376272E+05  0.5106885E+04  0.4141968E+04  0.1721523E+05  0.0000000E+00  0.0000000E+00  0.3989984E+04  0.2305404E+05  0.9564006E+03  0.1075951E+04  0.9564006E+03  0.4738962E+06
BROWN_COAL          0.0000000E+00  0.0000000E+00  0.0000000E+00  0.0000000E+00  0.0000000E+00  0.0000000E+00  0.0000000E+00  0.0000000E+00  0.0000000E+00  0.0000000E+00  0.0000000E+00  0.0000000E+00  0.0000000E+00  0.0000000E+00  0.0000000E+00
DERIVED_COAL        0.0000000E+00  0.1474044E+04  0.3596113E+04  0.6879797E+04  0.1726988E+03  0.3020275E+03  0.3439217E+02  0.0000000E+00  0.0000000E+00  0.0000000E+00  0.0000000E+00  0.0000000E+00  0.0000000E+00  0.0000000E+00  0.1245907E+05
NATURAL_GAS         0.2605263E+00  0.0000000E+00  0.1039331E-03  0.7403503E+00  0.5597378E-01  0.5127367E-02  0.1724135E-01  0.0000000E+00  0.0000000E+00  0.0000000E+00  0.1395676E+01  0.0000000E+00  0.0000000E+00  0.0000000E+00  0.2474999E+01
COKE_OVEN_GAS       0.0000000E+00  0.0000000E+00  0.2895323E+04  0.2032052E+02  0.3476560E+04  0.0000000E+00  0.0000000E+00  0.0000000E+00  0.0000000E+00  0.0000000E+00  0.0000000E+00  0.0000000E+00  0.0000000E+00  0.0000000E+00  0.6392204E+04
OTHER_GAS           0.0000000E+00  0.4590643E-02  0.2163496E-02  0.0000000E+00  0.0000000E+00  0.0000000E+00  0.0000000E+00  0.0000000E+00  0.0000000E+00  0.0000000E+00  0.0000000E+00  0.0000000E+00  0.0000000E+00  0.0000000E+00  0.6754139E-02
MOTOR_GASOLINE      0.0000000E+00  0.0000000E+00  0.0000000E+00  0.0000000E+00  0.0000000E+00  0.0000000E+00  0.0000000E+00  0.1796000E+03  0.0000000E+00  0.0000000E+00  0.0000000E+00  0.0000000E+00  0.1200000E+02  0.0000000E+00  0.1916000E+03
KEROSENE            0.0000000E+00  0.0000000E+00  0.0000000E+00  0.0000000E+00  0.0000000E+00  0.0000000E+00  0.0000000E+00  0.0000000E+00  0.0000000E+00  0.0000000E+00  0.0000000E+00  0.0000000E+00  0.0000000E+00  0.0000000E+00  0.0000000E+00
OTHER_LF            0.0000000E+00  0.7503541E-01  0.8308378E-01  0.8679844E-01  0.6079603E-01  0.5497645E-01  0.3166099E+00  0.0000000E+00  0.0000000E+00  0.0000000E+00  0.2989200E+00  0.0000000E+00  0.0000000E+00  0.0000000E+00  0.9762200E+00
DIESEL_OIL          0.0000000E+00  0.9642056E+02  0.7127556E+01  0.8314822E+02  0.1232929E+02  0.3416363E+02  0.6036396E+02  0.1836498E+04  0.0000000E+00  0.3157064E+03  0.0000000E+00  0.6239177E+02  0.1341423E+03  0.6239177E+02  0.2704683E+04
CRUDE_OIL           0.0000000E+00  0.0000000E+00  0.0000000E+00  0.0000000E+00  0.0000000E+00  0.0000000E+00  0.0000000E+00  0.0000000E+00  0.0000000E+00  0.0000000E+00  0.0000000E+00  0.0000000E+00  0.0000000E+00  0.0000000E+00  0.0000000E+00
HEAVY_FUEL_OIL      0.0000000E+00  0.3912792E+02  0.1442504E+00  0.9560196E+02  0.0000000E+00  0.5048763E+00  0.2362101E+02  0.0000000E+00  0.0000000E+00  0.0000000E+00  0.0000000E+00  0.0000000E+00  0.0000000E+00  0.0000000E+00  0.1590000E+03
OTHER_HF            0.0000000E+00  0.9476423E+02  0.1404559E+04  0.1208907E+04  0.4853440E+03  0.1253596E+03  0.3914586E+02  0.0000000E+00  0.0000000E+00  0.0000000E+00  0.0000000E+00  0.0000000E+00  0.0000000E+00  0.0000000E+00  0.3358080E+04
FUELWOOD            0.0000000E+00  0.0000000E+00  0.0000000E+00  0.0000000E+00  0.0000000E+00  0.0000000E+00  0.0000000E+00  0.0000000E+00  0.0000000E+00  0.0000000E+00  0.1122400E+03  0.0000000E+00  0.0000000E+00  0.0000000E+00  0.1122400E+03
CROP_RESIDUE        0.0000000E+00  0.0000000E+00  0.0000000E+00  0.0000000E+00  0.0000000E+00  0.0000000E+00  0.0000000E+00  0.0000000E+00  0.0000000E+00  0.0000000E+00  0.8494800E+03  0.0000000E+00  0.0000000E+00  0.0000000E+00  0.8494800E+03
ANIMAL_WASTE        0.0000000E+00  0.0000000E+00  0.0000000E+00  0.0000000E+00  0.0000000E+00  0.0000000E+00  0.0000000E+00  0.0000000E+00  0.0000000E+00  0.0000000E+00  0.0000000E+00  0.0000000E+00  0.0000000E+00  0.0000000E+00  0.0000000E+00
OTHERS              0.0000000E+00  0.0000000E+00  0.0000000E+00  0.0000000E+00  0.0000000E+00  0.0000000E+00  0.0000000E+00  0.0000000E+00  0.0000000E+00  0.0000000E+00  0.7710400E+00  0.0000000E+00  0.0000000E+00  0.0000000E+00  0.7710400E+00
SUB_TOTAL           0.2449101E+06  0.1192659E+06  0.1906871E+05  0.5205132E+05  0.9253934E+04  0.4604084E+04  0.1737309E+05  0.2016098E+04  0.0000000E+00  0.4305690E+04  0.2401823E+05  0.1018792E+04  0.1222093E+04  0.1018792E+04  0.5001268E+06
  
Non-Combustion Sources [t/year]
  
Industry [t/year]
  
Sector
PIG_IRON            0.0000000E+00
CRUDE_STEEL         0.0000000E+00
IRON_STEEL_OTHERS   0.0000000E+00
ALUMINUM_ALUMINA    0.7063855E+03
COPPER              0.0000000E+00
ZINC                0.0000000E+00
LEAD                0.2575947E+04
CMENT               0.0000000E+00
BRICKS              0.0000000E+00
LIME                0.0000000E+00
COKE_OVENS          0.8507142E+04
OIL_REFINERY        0.2981391E+03
OTH_TRANSFORMATION  0.0000000E+00
SULPHRIC_ACID       0.4021050E+04
OTHERS              0.0000000E+00
SUB_TOTAL           0.1610866E+05
  
Total [t/year]
  
TOTAL               0.5162355E+06
