Year       : 2007
Country    : CHN
Sub-Region : HEBE
  
Combustion Sources [t/year]
  
Fuel Type           POWER_PLANTS   ENERGY         IRON_STEEL     CHEM_PETRCHEM  NON_FERR_MET   NON_MET_MINE   OTHERS         ROAD           DOM_NAVI       RAILWAY_ETC    RESIDENT       COMM_PUB       AGR_FORE_FISH  OTHERS         SUB_TOTAL    
HARD_COAL           0.1180616E+07  0.5890632E+05  0.0000000E+00  0.0000000E+00  0.0000000E+00  0.1397509E+06  0.5481033E+06  0.0000000E+00  0.0000000E+00  0.5844984E+04  0.1120374E+06  0.4859108E+04  0.2306054E+04  0.2232273E+05  0.2074747E+07
BROWN_COAL          0.0000000E+00  0.0000000E+00  0.0000000E+00  0.0000000E+00  0.0000000E+00  0.0000000E+00  0.0000000E+00  0.0000000E+00  0.0000000E+00  0.0000000E+00  0.0000000E+00  0.0000000E+00  0.0000000E+00  0.0000000E+00  0.0000000E+00
DERIVED_COAL        0.0000000E+00  0.3135857E+05  0.0000000E+00  0.0000000E+00  0.0000000E+00  0.5870665E+04  0.2317329E+06  0.0000000E+00  0.0000000E+00  0.6654125E+01  0.4538250E+04  0.1944744E+03  0.3842735E+02  0.2970983E+03  0.2740370E+06
NATURAL_GAS         0.0000000E+00  0.0000000E+00  0.0000000E+00  0.0000000E+00  0.0000000E+00  0.0000000E+00  0.1000235E+02  0.0000000E+00  0.0000000E+00  0.0000000E+00  0.3256578E+00  0.1860902E+00  0.0000000E+00  0.3721804E+00  0.1088628E+02
COKE_OVEN_GAS       0.1001706E+05  0.0000000E+00  0.0000000E+00  0.0000000E+00  0.0000000E+00  0.0000000E+00  0.2700074E+05  0.0000000E+00  0.0000000E+00  0.0000000E+00  0.1856627E+05  0.3916935E+02  0.0000000E+00  0.1449266E+04  0.5707251E+05
OTHER_GAS           0.1108429E+02  0.0000000E+00  0.0000000E+00  0.0000000E+00  0.0000000E+00  0.0000000E+00  0.1789022E+02  0.0000000E+00  0.0000000E+00  0.0000000E+00  0.0000000E+00  0.0000000E+00  0.0000000E+00  0.0000000E+00  0.2897451E+02
MOTOR_GASOLINE      0.0000000E+00  0.0000000E+00  0.0000000E+00  0.0000000E+00  0.0000000E+00  0.0000000E+00  0.0000000E+00  0.2407600E+04  0.0000000E+00  0.0000000E+00  0.0000000E+00  0.0000000E+00  0.8280000E+02  0.0000000E+00  0.2490400E+04
KEROSENE            0.0000000E+00  0.0000000E+00  0.0000000E+00  0.0000000E+00  0.0000000E+00  0.0000000E+00  0.9280000E+01  0.0000000E+00  0.0000000E+00  0.0000000E+00  0.9152000E+01  0.2560000E+00  0.6400000E+00  0.2880000E+01  0.2220800E+02
OTHER_LF            0.5135000E+00  0.0000000E+00  0.0000000E+00  0.0000000E+00  0.0000000E+00  0.0000000E+00  0.4132320E+01  0.4236557E-02  0.0000000E+00  0.0000000E+00  0.3719540E+01  0.9222000E-01  0.1696000E-01  0.1855000E+00  0.8664277E+01
DIESEL_OIL          0.2830596E+02  0.0000000E+00  0.0000000E+00  0.0000000E+00  0.0000000E+00  0.0000000E+00  0.1597566E+04  0.2126880E+04  0.1030214E+04  0.4873815E+03  0.2020268E+03  0.9490821E+02  0.2658540E+03  0.7492753E+02  0.5908064E+04
CRUDE_OIL           0.0000000E+00  0.1819245E+03  0.0000000E+00  0.0000000E+00  0.0000000E+00  0.0000000E+00  0.3637255E+04  0.0000000E+00  0.0000000E+00  0.0000000E+00  0.0000000E+00  0.0000000E+00  0.0000000E+00  0.0000000E+00  0.3819180E+04
HEAVY_FUEL_OIL      0.6000000E+02  0.6383493E+03  0.0000000E+00  0.0000000E+00  0.0000000E+00  0.0000000E+00  0.1285565E+05  0.0000000E+00  0.1260000E+03  0.0000000E+00  0.0000000E+00  0.3810000E+03  0.1290000E+03  0.1020000E+03  0.1429200E+05
OTHER_HF            0.0000000E+00  0.2449897E+03  0.0000000E+00  0.0000000E+00  0.0000000E+00  0.0000000E+00  0.1529885E+05  0.0000000E+00  0.0000000E+00  0.0000000E+00  0.0000000E+00  0.0000000E+00  0.0000000E+00  0.0000000E+00  0.1554384E+05
FUELWOOD            0.0000000E+00  0.0000000E+00  0.0000000E+00  0.0000000E+00  0.0000000E+00  0.0000000E+00  0.0000000E+00  0.0000000E+00  0.0000000E+00  0.0000000E+00  0.7139200E+04  0.0000000E+00  0.0000000E+00  0.0000000E+00  0.7139200E+04
CROP_RESIDUE        0.0000000E+00  0.0000000E+00  0.0000000E+00  0.0000000E+00  0.0000000E+00  0.0000000E+00  0.0000000E+00  0.0000000E+00  0.0000000E+00  0.0000000E+00  0.1098924E+05  0.0000000E+00  0.0000000E+00  0.0000000E+00  0.1098924E+05
ANIMAL_WASTE        0.0000000E+00  0.0000000E+00  0.0000000E+00  0.0000000E+00  0.0000000E+00  0.0000000E+00  0.0000000E+00  0.0000000E+00  0.0000000E+00  0.0000000E+00  0.0000000E+00  0.0000000E+00  0.0000000E+00  0.0000000E+00  0.0000000E+00
OTHERS              0.0000000E+00  0.0000000E+00  0.0000000E+00  0.0000000E+00  0.0000000E+00  0.0000000E+00  0.0000000E+00  0.0000000E+00  0.0000000E+00  0.0000000E+00  0.1295880E+02  0.0000000E+00  0.0000000E+00  0.0000000E+00  0.1295880E+02
SUB_TOTAL           0.1190733E+07  0.9133015E+05  0.0000000E+00  0.0000000E+00  0.0000000E+00  0.1456216E+06  0.8402676E+06  0.4534484E+04  0.1156214E+04  0.6339020E+04  0.1534985E+06  0.5569194E+04  0.2822792E+04  0.2424946E+05  0.2466122E+07
  
Non-Combustion Sources [t/year]
  
Industry [t/year]
  
Sector
PIG_IRON            0.0000000E+00
CRUDE_STEEL         0.0000000E+00
IRON_STEEL_OTHERS   0.0000000E+00
ALUMINUM_ALUMINA    0.0000000E+00
COPPER              0.0000000E+00
ZINC                0.0000000E+00
LEAD                0.0000000E+00
CMENT               0.0000000E+00
BRICKS              0.0000000E+00
LIME                0.0000000E+00
COKE_OVENS          0.5022613E+05
OIL_REFINERY        0.2042609E+04
OTH_TRANSFORMATION  0.4103733E+03
SULPHRIC_ACID       0.1568490E+05
OTHERS              0.0000000E+00
SUB_TOTAL           0.6836401E+05
  
Total [t/year]
  
TOTAL               0.2534486E+07
