Year       : 2007
Country    : CHN
Sub-Region : GUAX
  
Combustion Sources [t/year]
  
Fuel Type           POWER_PLANTS   ENERGY         IRON_STEEL     CHEM_PETRCHEM  NON_FERR_MET   NON_MET_MINE   OTHERS         ROAD           DOM_NAVI       RAILWAY_ETC    RESIDENT       COMM_PUB       AGR_FORE_FISH  OTHERS         SUB_TOTAL    
HARD_COAL           0.2021005E+06  0.3686319E+05  0.0000000E+00  0.0000000E+00  0.0000000E+00  0.2592359E+06  0.5357667E+06  0.0000000E+00  0.0000000E+00  0.9343339E+04  0.1135271E+05  0.1589380E+05  0.1247064E+05  0.8823890E+04  0.1091851E+07
BROWN_COAL          0.0000000E+00  0.0000000E+00  0.0000000E+00  0.0000000E+00  0.0000000E+00  0.0000000E+00  0.0000000E+00  0.0000000E+00  0.0000000E+00  0.0000000E+00  0.0000000E+00  0.0000000E+00  0.0000000E+00  0.0000000E+00  0.0000000E+00
DERIVED_COAL        0.0000000E+00  0.1074895E+05  0.0000000E+00  0.0000000E+00  0.0000000E+00  0.1166282E+03  0.5730891E+05  0.0000000E+00  0.0000000E+00  0.0000000E+00  0.1942500E+03  0.0000000E+00  0.0000000E+00  0.0000000E+00  0.6836874E+05
NATURAL_GAS         0.0000000E+00  0.0000000E+00  0.0000000E+00  0.0000000E+00  0.0000000E+00  0.0000000E+00  0.5489660E+00  0.0000000E+00  0.0000000E+00  0.0000000E+00  0.6978382E+00  0.0000000E+00  0.0000000E+00  0.0000000E+00  0.1246804E+01
COKE_OVEN_GAS       0.2262103E+04  0.0000000E+00  0.0000000E+00  0.0000000E+00  0.0000000E+00  0.0000000E+00  0.4467456E+05  0.0000000E+00  0.0000000E+00  0.0000000E+00  0.0000000E+00  0.0000000E+00  0.0000000E+00  0.0000000E+00  0.4693666E+05
OTHER_GAS           0.2309165E+01  0.0000000E+00  0.0000000E+00  0.0000000E+00  0.0000000E+00  0.0000000E+00  0.5654716E+01  0.0000000E+00  0.0000000E+00  0.0000000E+00  0.1748476E+01  0.0000000E+00  0.0000000E+00  0.0000000E+00  0.9712357E+01
MOTOR_GASOLINE      0.0000000E+00  0.0000000E+00  0.0000000E+00  0.0000000E+00  0.0000000E+00  0.0000000E+00  0.0000000E+00  0.1904100E+04  0.0000000E+00  0.0000000E+00  0.0000000E+00  0.0000000E+00  0.7290000E+02  0.0000000E+00  0.1977000E+04
KEROSENE            0.0000000E+00  0.0000000E+00  0.0000000E+00  0.0000000E+00  0.0000000E+00  0.0000000E+00  0.1728000E+01  0.0000000E+00  0.0000000E+00  0.0000000E+00  0.0000000E+00  0.0000000E+00  0.0000000E+00  0.0000000E+00  0.1728000E+01
OTHER_LF            0.1053000E+00  0.0000000E+00  0.0000000E+00  0.0000000E+00  0.0000000E+00  0.0000000E+00  0.7187600E+00  0.0000000E+00  0.0000000E+00  0.0000000E+00  0.7424240E+01  0.1437360E+01  0.5183400E+00  0.9434000E-01  0.1029834E+02
DIESEL_OIL          0.6738309E+02  0.0000000E+00  0.0000000E+00  0.0000000E+00  0.0000000E+00  0.0000000E+00  0.1100279E+04  0.7321637E+04  0.6403458E+03  0.8789302E+03  0.0000000E+00  0.4741774E+03  0.4280074E+03  0.7565000E+03  0.1166726E+05
CRUDE_OIL           0.0000000E+00  0.0000000E+00  0.0000000E+00  0.0000000E+00  0.0000000E+00  0.0000000E+00  0.0000000E+00  0.0000000E+00  0.0000000E+00  0.0000000E+00  0.0000000E+00  0.0000000E+00  0.0000000E+00  0.0000000E+00  0.0000000E+00
HEAVY_FUEL_OIL      0.1230000E+03  0.2930396E+03  0.0000000E+00  0.0000000E+00  0.0000000E+00  0.0000000E+00  0.5838960E+04  0.0000000E+00  0.0000000E+00  0.0000000E+00  0.0000000E+00  0.0000000E+00  0.0000000E+00  0.0000000E+00  0.6255000E+04
OTHER_HF            0.0000000E+00  0.5065591E+02  0.0000000E+00  0.0000000E+00  0.0000000E+00  0.0000000E+00  0.1009344E+04  0.0000000E+00  0.0000000E+00  0.0000000E+00  0.0000000E+00  0.0000000E+00  0.0000000E+00  0.0000000E+00  0.1060000E+04
FUELWOOD            0.0000000E+00  0.0000000E+00  0.0000000E+00  0.0000000E+00  0.0000000E+00  0.0000000E+00  0.0000000E+00  0.0000000E+00  0.0000000E+00  0.0000000E+00  0.1371648E+05  0.0000000E+00  0.0000000E+00  0.0000000E+00  0.1371648E+05
CROP_RESIDUE        0.0000000E+00  0.0000000E+00  0.0000000E+00  0.0000000E+00  0.0000000E+00  0.0000000E+00  0.0000000E+00  0.0000000E+00  0.0000000E+00  0.0000000E+00  0.1385598E+05  0.0000000E+00  0.0000000E+00  0.0000000E+00  0.1385598E+05
ANIMAL_WASTE        0.0000000E+00  0.0000000E+00  0.0000000E+00  0.0000000E+00  0.0000000E+00  0.0000000E+00  0.0000000E+00  0.0000000E+00  0.0000000E+00  0.0000000E+00  0.0000000E+00  0.0000000E+00  0.0000000E+00  0.0000000E+00  0.0000000E+00
OTHERS              0.0000000E+00  0.0000000E+00  0.0000000E+00  0.0000000E+00  0.0000000E+00  0.0000000E+00  0.0000000E+00  0.0000000E+00  0.0000000E+00  0.0000000E+00  0.2141848E+02  0.0000000E+00  0.0000000E+00  0.0000000E+00  0.2141848E+02
SUB_TOTAL           0.2045554E+06  0.4795584E+05  0.0000000E+00  0.0000000E+00  0.0000000E+00  0.2593525E+06  0.6457074E+06  0.9225737E+04  0.6403458E+03  0.1022227E+05  0.3915071E+05  0.1636941E+05  0.1297207E+05  0.9580484E+04  0.1255732E+07
  
Non-Combustion Sources [t/year]
  
Industry [t/year]
  
Sector
PIG_IRON            0.0000000E+00
CRUDE_STEEL         0.0000000E+00
IRON_STEEL_OTHERS   0.0000000E+00
ALUMINUM_ALUMINA    0.4793328E+03
COPPER              0.0000000E+00
ZINC                0.3808904E+05
LEAD                0.6440854E+04
CMENT               0.0000000E+00
BRICKS              0.0000000E+00
LIME                0.0000000E+00
COKE_OVENS          0.1203739E+05
OIL_REFINERY        0.2904565E+03
OTH_TRANSFORMATION  0.8991579E+03
SULPHRIC_ACID       0.3129060E+05
OTHERS              0.0000000E+00
SUB_TOTAL           0.8952683E+05
  
Total [t/year]
  
TOTAL               0.1345259E+07
