Year       : 2007
Country    : CHN
Sub-Region : SHND
  
Combustion Sources [t/year]
  
Fuel Type           POWER_PLANTS   ENERGY         IRON_STEEL     CHEM_PETRCHEM  NON_FERR_MET   NON_MET_MINE   OTHERS         ROAD           DOM_NAVI       RAILWAY_ETC    RESIDENT       COMM_PUB       AGR_FORE_FISH  OTHERS         SUB_TOTAL    
HARD_COAL           0.2067466E+07  0.1613405E+06  0.0000000E+00  0.0000000E+00  0.0000000E+00  0.1781101E+06  0.6887641E+06  0.0000000E+00  0.0000000E+00  0.1261343E+05  0.8527308E+05  0.1418879E+05  0.3845428E+05  0.1108718E+05  0.3257297E+07
BROWN_COAL          0.0000000E+00  0.0000000E+00  0.0000000E+00  0.0000000E+00  0.0000000E+00  0.0000000E+00  0.0000000E+00  0.0000000E+00  0.0000000E+00  0.0000000E+00  0.0000000E+00  0.0000000E+00  0.0000000E+00  0.0000000E+00  0.0000000E+00
DERIVED_COAL        0.0000000E+00  0.2225700E+05  0.0000000E+00  0.0000000E+00  0.0000000E+00  0.8276897E+04  0.1401450E+06  0.0000000E+00  0.0000000E+00  0.0000000E+00  0.8700000E+03  0.3750000E+02  0.0000000E+00  0.0000000E+00  0.1715864E+06
NATURAL_GAS         0.3535713E+00  0.0000000E+00  0.0000000E+00  0.0000000E+00  0.0000000E+00  0.0000000E+00  0.1395676E+02  0.0000000E+00  0.0000000E+00  0.0000000E+00  0.4559209E+01  0.1116541E+01  0.0000000E+00  0.1023496E+01  0.2100958E+02
COKE_OVEN_GAS       0.2866233E+05  0.0000000E+00  0.0000000E+00  0.0000000E+00  0.0000000E+00  0.0000000E+00  0.4614293E+05  0.0000000E+00  0.0000000E+00  0.0000000E+00  0.5335438E+04  0.4819105E+04  0.0000000E+00  0.2753774E+04  0.8771358E+05
OTHER_GAS           0.2633364E+01  0.0000000E+00  0.0000000E+00  0.0000000E+00  0.0000000E+00  0.0000000E+00  0.0000000E+00  0.0000000E+00  0.0000000E+00  0.0000000E+00  0.0000000E+00  0.0000000E+00  0.0000000E+00  0.0000000E+00  0.2633364E+01
MOTOR_GASOLINE      0.0000000E+00  0.0000000E+00  0.0000000E+00  0.0000000E+00  0.0000000E+00  0.0000000E+00  0.0000000E+00  0.5529900E+04  0.0000000E+00  0.0000000E+00  0.0000000E+00  0.0000000E+00  0.1980000E+03  0.0000000E+00  0.5727900E+04
KEROSENE            0.0000000E+00  0.0000000E+00  0.0000000E+00  0.0000000E+00  0.0000000E+00  0.0000000E+00  0.2182400E+02  0.0000000E+00  0.0000000E+00  0.0000000E+00  0.0000000E+00  0.0000000E+00  0.0000000E+00  0.0000000E+00  0.2182400E+02
OTHER_LF            0.5098400E+00  0.0000000E+00  0.0000000E+00  0.0000000E+00  0.0000000E+00  0.0000000E+00  0.9803400E+01  0.5605583E+00  0.0000000E+00  0.0000000E+00  0.1604204E+02  0.1346200E+01  0.0000000E+00  0.4982000E+00  0.2876024E+02
DIESEL_OIL          0.1759448E+03  0.0000000E+00  0.0000000E+00  0.0000000E+00  0.0000000E+00  0.0000000E+00  0.4702467E+04  0.1144505E+05  0.9258146E+04  0.1137044E+04  0.3166382E+03  0.2221147E+04  0.8142124E+04  0.2748357E+04  0.4014692E+05
CRUDE_OIL           0.0000000E+00  0.7049381E+03  0.0000000E+00  0.0000000E+00  0.0000000E+00  0.0000000E+00  0.1409796E+05  0.0000000E+00  0.0000000E+00  0.0000000E+00  0.0000000E+00  0.0000000E+00  0.0000000E+00  0.0000000E+00  0.1480290E+05
HEAVY_FUEL_OIL      0.4494000E+04  0.1905246E+04  0.0000000E+00  0.0000000E+00  0.0000000E+00  0.0000000E+00  0.3810276E+05  0.0000000E+00  0.6453000E+05  0.0000000E+00  0.0000000E+00  0.1140000E+04  0.0000000E+00  0.0000000E+00  0.1101720E+06
OTHER_HF            0.1255040E+04  0.2450449E+04  0.0000000E+00  0.0000000E+00  0.0000000E+00  0.0000000E+00  0.7821980E+05  0.0000000E+00  0.8215000E+03  0.0000000E+00  0.0000000E+00  0.3582800E+03  0.0000000E+00  0.0000000E+00  0.8310507E+05
FUELWOOD            0.0000000E+00  0.0000000E+00  0.0000000E+00  0.0000000E+00  0.0000000E+00  0.0000000E+00  0.0000000E+00  0.0000000E+00  0.0000000E+00  0.0000000E+00  0.3847360E+04  0.0000000E+00  0.0000000E+00  0.0000000E+00  0.3847360E+04
CROP_RESIDUE        0.0000000E+00  0.0000000E+00  0.0000000E+00  0.0000000E+00  0.0000000E+00  0.0000000E+00  0.0000000E+00  0.0000000E+00  0.0000000E+00  0.0000000E+00  0.1752720E+05  0.0000000E+00  0.0000000E+00  0.0000000E+00  0.1752720E+05
ANIMAL_WASTE        0.0000000E+00  0.0000000E+00  0.0000000E+00  0.0000000E+00  0.0000000E+00  0.0000000E+00  0.0000000E+00  0.0000000E+00  0.0000000E+00  0.0000000E+00  0.0000000E+00  0.0000000E+00  0.0000000E+00  0.0000000E+00  0.0000000E+00
OTHERS              0.0000000E+00  0.0000000E+00  0.0000000E+00  0.0000000E+00  0.0000000E+00  0.0000000E+00  0.0000000E+00  0.0000000E+00  0.0000000E+00  0.0000000E+00  0.6048400E+01  0.0000000E+00  0.0000000E+00  0.0000000E+00  0.6048400E+01
SUB_TOTAL           0.2102057E+07  0.1886581E+06  0.0000000E+00  0.0000000E+00  0.0000000E+00  0.1863870E+06  0.1010221E+07  0.1697551E+05  0.7460965E+05  0.1375047E+05  0.1131964E+06  0.2276728E+05  0.4679440E+05  0.1659083E+05  0.3792007E+07
  
Non-Combustion Sources [t/year]
  
Industry [t/year]
  
Sector
PIG_IRON            0.0000000E+00
CRUDE_STEEL         0.0000000E+00
IRON_STEEL_OTHERS   0.0000000E+00
ALUMINUM_ALUMINA    0.1620905E+04
COPPER              0.2169110E+06
ZINC                0.0000000E+00
LEAD                0.0000000E+00
CMENT               0.0000000E+00
BRICKS              0.0000000E+00
LIME                0.0000000E+00
COKE_OVENS          0.5231782E+05
OIL_REFINERY        0.7484893E+04
OTH_TRANSFORMATION  0.0000000E+00
SULPHRIC_ACID       0.8011245E+05
OTHERS              0.0000000E+00
SUB_TOTAL           0.3584471E+06
  
Total [t/year]
  
TOTAL               0.4150454E+07
