Year       : 2007
Country    : CHN
Sub-Region : JINU
  
Combustion Sources [t/year]
  
Fuel Type           POWER_PLANTS   ENERGY         IRON_STEEL     CHEM_PETRCHEM  NON_FERR_MET   NON_MET_MINE   OTHERS         ROAD           DOM_NAVI       RAILWAY_ETC    RESIDENT       COMM_PUB       AGR_FORE_FISH  OTHERS         SUB_TOTAL    
HARD_COAL           0.8636439E+06  0.4346982E+05  0.0000000E+00  0.0000000E+00  0.0000000E+00  0.1830426E+05  0.2784963E+06  0.0000000E+00  0.0000000E+00  0.4377674E+04  0.6541466E+04  0.3311715E+04  0.5216780E+04  0.0000000E+00  0.1223362E+07
BROWN_COAL          0.0000000E+00  0.0000000E+00  0.0000000E+00  0.0000000E+00  0.0000000E+00  0.0000000E+00  0.0000000E+00  0.0000000E+00  0.0000000E+00  0.0000000E+00  0.0000000E+00  0.0000000E+00  0.0000000E+00  0.0000000E+00  0.0000000E+00
DERIVED_COAL        0.0000000E+00  0.9049531E+04  0.0000000E+00  0.0000000E+00  0.0000000E+00  0.1729120E+04  0.7105464E+05  0.0000000E+00  0.0000000E+00  0.0000000E+00  0.1365000E+04  0.0000000E+00  0.0000000E+00  0.0000000E+00  0.8319829E+05
NATURAL_GAS         0.2065601E+02  0.0000000E+00  0.0000000E+00  0.0000000E+00  0.0000000E+00  0.0000000E+00  0.1681325E+02  0.0000000E+00  0.0000000E+00  0.0000000E+00  0.3210056E+01  0.2791353E+00  0.0000000E+00  0.0000000E+00  0.4095845E+02
COKE_OVEN_GAS       0.1349487E+05  0.0000000E+00  0.0000000E+00  0.0000000E+00  0.0000000E+00  0.0000000E+00  0.1451922E+05  0.0000000E+00  0.0000000E+00  0.0000000E+00  0.0000000E+00  0.1421462E+03  0.0000000E+00  0.0000000E+00  0.2815624E+05
OTHER_GAS           0.7025807E+01  0.0000000E+00  0.0000000E+00  0.0000000E+00  0.0000000E+00  0.0000000E+00  0.1027080E+02  0.0000000E+00  0.0000000E+00  0.0000000E+00  0.1296623E+01  0.0000000E+00  0.0000000E+00  0.0000000E+00  0.1859323E+02
MOTOR_GASOLINE      0.0000000E+00  0.0000000E+00  0.0000000E+00  0.0000000E+00  0.0000000E+00  0.0000000E+00  0.0000000E+00  0.4647800E+04  0.0000000E+00  0.0000000E+00  0.0000000E+00  0.0000000E+00  0.1573000E+03  0.0000000E+00  0.4805100E+04
KEROSENE            0.0000000E+00  0.0000000E+00  0.0000000E+00  0.0000000E+00  0.0000000E+00  0.0000000E+00  0.2841600E+02  0.0000000E+00  0.0000000E+00  0.0000000E+00  0.0000000E+00  0.1920000E+00  0.6400000E-01  0.9600000E+00  0.2963200E+02
OTHER_LF            0.3211600E+00  0.0000000E+00  0.0000000E+00  0.0000000E+00  0.0000000E+00  0.0000000E+00  0.1192490E+02  0.1819505E-01  0.0000000E+00  0.0000000E+00  0.7220720E+01  0.6932400E+00  0.0000000E+00  0.0000000E+00  0.2017822E+02
DIESEL_OIL          0.1871753E+03  0.0000000E+00  0.0000000E+00  0.0000000E+00  0.0000000E+00  0.0000000E+00  0.4359623E+04  0.6168513E+04  0.3585827E+04  0.3843214E+03  0.0000000E+00  0.2164994E+03  0.3805897E+04  0.1185444E+03  0.1882640E+05
CRUDE_OIL           0.0000000E+00  0.7775732E+02  0.0000000E+00  0.0000000E+00  0.0000000E+00  0.0000000E+00  0.1555703E+04  0.0000000E+00  0.0000000E+00  0.0000000E+00  0.0000000E+00  0.0000000E+00  0.0000000E+00  0.0000000E+00  0.1633460E+04
HEAVY_FUEL_OIL      0.1532692E+05  0.2870451E+04  0.0000000E+00  0.0000000E+00  0.0000000E+00  0.0000000E+00  0.5814054E+05  0.0000000E+00  0.8265000E+04  0.0000000E+00  0.0000000E+00  0.0000000E+00  0.1206000E+04  0.0000000E+00  0.8580891E+05
OTHER_HF            0.4748800E+03  0.8802068E+03  0.0000000E+00  0.0000000E+00  0.0000000E+00  0.0000000E+00  0.2693844E+05  0.0000000E+00  0.0000000E+00  0.0000000E+00  0.0000000E+00  0.0000000E+00  0.0000000E+00  0.0000000E+00  0.2829353E+05
FUELWOOD            0.0000000E+00  0.0000000E+00  0.0000000E+00  0.0000000E+00  0.0000000E+00  0.0000000E+00  0.0000000E+00  0.0000000E+00  0.0000000E+00  0.0000000E+00  0.1450400E+04  0.0000000E+00  0.0000000E+00  0.0000000E+00  0.1450400E+04
CROP_RESIDUE        0.0000000E+00  0.0000000E+00  0.0000000E+00  0.0000000E+00  0.0000000E+00  0.0000000E+00  0.0000000E+00  0.0000000E+00  0.0000000E+00  0.0000000E+00  0.1270236E+05  0.0000000E+00  0.0000000E+00  0.0000000E+00  0.1270236E+05
ANIMAL_WASTE        0.0000000E+00  0.0000000E+00  0.0000000E+00  0.0000000E+00  0.0000000E+00  0.0000000E+00  0.0000000E+00  0.0000000E+00  0.0000000E+00  0.0000000E+00  0.0000000E+00  0.0000000E+00  0.0000000E+00  0.0000000E+00  0.0000000E+00
OTHERS              0.0000000E+00  0.0000000E+00  0.0000000E+00  0.0000000E+00  0.0000000E+00  0.0000000E+00  0.0000000E+00  0.0000000E+00  0.0000000E+00  0.0000000E+00  0.1910800E+01  0.0000000E+00  0.0000000E+00  0.0000000E+00  0.1910800E+01
SUB_TOTAL           0.8931557E+06  0.5634777E+05  0.0000000E+00  0.0000000E+00  0.0000000E+00  0.2003338E+05  0.4551319E+06  0.1081633E+05  0.1185083E+05  0.4761995E+04  0.2207286E+05  0.3671525E+04  0.1038604E+05  0.1195044E+03  0.1488348E+07
  
Non-Combustion Sources [t/year]
  
Industry [t/year]
  
Sector
PIG_IRON            0.0000000E+00
CRUDE_STEEL         0.0000000E+00
IRON_STEEL_OTHERS   0.0000000E+00
ALUMINUM_ALUMINA    0.0000000E+00
COPPER              0.4820242E+05
ZINC                0.0000000E+00
LEAD                0.4935436E+04
CMENT               0.0000000E+00
BRICKS              0.0000000E+00
LIME                0.0000000E+00
COKE_OVENS          0.1112385E+05
OIL_REFINERY        0.4618627E+04
OTH_TRANSFORMATION  0.4558015E+02
SULPHRIC_ACID       0.7763745E+05
OTHERS              0.0000000E+00
SUB_TOTAL           0.1465634E+06
  
Total [t/year]
  
TOTAL               0.1634911E+07
