Year       : 2007
Country    : CHN
Sub-Region : ZHEJ
  
Combustion Sources [t/year]
  
Fuel Type           POWER_PLANTS   ENERGY         IRON_STEEL     CHEM_PETRCHEM  NON_FERR_MET   NON_MET_MINE   OTHERS         ROAD           DOM_NAVI       RAILWAY_ETC    RESIDENT       COMM_PUB       AGR_FORE_FISH  OTHERS         SUB_TOTAL    
HARD_COAL           0.4896623E+06  0.4761177E+05  0.0000000E+00  0.0000000E+00  0.0000000E+00  0.2772960E+05  0.2091221E+06  0.0000000E+00  0.0000000E+00  0.5442118E+03  0.0000000E+00  0.2721059E+04  0.1015122E+04  0.0000000E+00  0.7784062E+06
BROWN_COAL          0.0000000E+00  0.0000000E+00  0.0000000E+00  0.0000000E+00  0.0000000E+00  0.0000000E+00  0.0000000E+00  0.0000000E+00  0.0000000E+00  0.0000000E+00  0.0000000E+00  0.0000000E+00  0.0000000E+00  0.0000000E+00  0.0000000E+00
DERIVED_COAL        0.0000000E+00  0.1836968E+04  0.0000000E+00  0.0000000E+00  0.0000000E+00  0.3330553E+03  0.1275815E+05  0.0000000E+00  0.0000000E+00  0.0000000E+00  0.6792750E+04  0.4500000E+03  0.0000000E+00  0.0000000E+00  0.2217092E+05
NATURAL_GAS         0.1356172E+02  0.0000000E+00  0.0000000E+00  0.0000000E+00  0.0000000E+00  0.0000000E+00  0.3907894E+01  0.0000000E+00  0.0000000E+00  0.0000000E+00  0.2512217E+01  0.9304509E-01  0.0000000E+00  0.0000000E+00  0.2007488E+02
COKE_OVEN_GAS       0.2203970E+03  0.0000000E+00  0.0000000E+00  0.0000000E+00  0.0000000E+00  0.0000000E+00  0.2887500E+04  0.0000000E+00  0.0000000E+00  0.0000000E+00  0.0000000E+00  0.0000000E+00  0.0000000E+00  0.0000000E+00  0.3107897E+04
OTHER_GAS           0.3001840E+00  0.0000000E+00  0.0000000E+00  0.0000000E+00  0.0000000E+00  0.0000000E+00  0.8337611E+00  0.0000000E+00  0.0000000E+00  0.0000000E+00  0.0000000E+00  0.0000000E+00  0.0000000E+00  0.0000000E+00  0.1133945E+01
MOTOR_GASOLINE      0.0000000E+00  0.0000000E+00  0.0000000E+00  0.0000000E+00  0.0000000E+00  0.0000000E+00  0.0000000E+00  0.4400900E+04  0.0000000E+00  0.0000000E+00  0.0000000E+00  0.0000000E+00  0.7000000E+02  0.0000000E+00  0.4470900E+04
KEROSENE            0.0000000E+00  0.0000000E+00  0.0000000E+00  0.0000000E+00  0.0000000E+00  0.0000000E+00  0.3302400E+02  0.0000000E+00  0.0000000E+00  0.0000000E+00  0.0000000E+00  0.0000000E+00  0.0000000E+00  0.0000000E+00  0.3302400E+02
OTHER_LF            0.1300000E-01  0.0000000E+00  0.0000000E+00  0.0000000E+00  0.0000000E+00  0.0000000E+00  0.1106382E+02  0.0000000E+00  0.0000000E+00  0.0000000E+00  0.1801682E+02  0.2650000E+01  0.0000000E+00  0.1060000E+01  0.3280364E+02
DIESEL_OIL          0.8828435E+02  0.0000000E+00  0.0000000E+00  0.0000000E+00  0.0000000E+00  0.0000000E+00  0.1010747E+05  0.6321394E+04  0.3173395E+04  0.1759349E+03  0.3743506E+03  0.4679381E+03  0.6101289E+04  0.4679381E+03  0.2727799E+05
CRUDE_OIL           0.1605900E+04  0.8074775E+00  0.0000000E+00  0.0000000E+00  0.0000000E+00  0.0000000E+00  0.1615252E+02  0.0000000E+00  0.0000000E+00  0.0000000E+00  0.0000000E+00  0.0000000E+00  0.0000000E+00  0.0000000E+00  0.1622860E+04
HEAVY_FUEL_OIL      0.8920182E+04  0.2167048E+04  0.0000000E+00  0.0000000E+00  0.0000000E+00  0.0000000E+00  0.4334895E+05  0.0000000E+00  0.1260000E+05  0.0000000E+00  0.0000000E+00  0.9000000E+03  0.0000000E+00  0.3000000E+03  0.6823618E+05
OTHER_HF            0.0000000E+00  0.6053557E+03  0.0000000E+00  0.0000000E+00  0.0000000E+00  0.0000000E+00  0.1210934E+05  0.0000000E+00  0.0000000E+00  0.0000000E+00  0.0000000E+00  0.0000000E+00  0.0000000E+00  0.0000000E+00  0.1271470E+05
FUELWOOD            0.0000000E+00  0.0000000E+00  0.0000000E+00  0.0000000E+00  0.0000000E+00  0.0000000E+00  0.0000000E+00  0.0000000E+00  0.0000000E+00  0.0000000E+00  0.2147840E+04  0.0000000E+00  0.0000000E+00  0.0000000E+00  0.2147840E+04
CROP_RESIDUE        0.0000000E+00  0.0000000E+00  0.0000000E+00  0.0000000E+00  0.0000000E+00  0.0000000E+00  0.0000000E+00  0.0000000E+00  0.0000000E+00  0.0000000E+00  0.1753860E+04  0.0000000E+00  0.0000000E+00  0.0000000E+00  0.1753860E+04
ANIMAL_WASTE        0.0000000E+00  0.0000000E+00  0.0000000E+00  0.0000000E+00  0.0000000E+00  0.0000000E+00  0.0000000E+00  0.0000000E+00  0.0000000E+00  0.0000000E+00  0.0000000E+00  0.0000000E+00  0.0000000E+00  0.0000000E+00  0.0000000E+00
OTHERS              0.0000000E+00  0.0000000E+00  0.0000000E+00  0.0000000E+00  0.0000000E+00  0.0000000E+00  0.0000000E+00  0.0000000E+00  0.0000000E+00  0.0000000E+00  0.1685680E+01  0.0000000E+00  0.0000000E+00  0.0000000E+00  0.1685680E+01
SUB_TOTAL           0.5005109E+06  0.5222195E+05  0.0000000E+00  0.0000000E+00  0.0000000E+00  0.2806266E+05  0.2903985E+06  0.1072229E+05  0.1577340E+05  0.7201467E+03  0.1109102E+05  0.4541740E+04  0.7186411E+04  0.7689981E+03  0.9219980E+06
  
Non-Combustion Sources [t/year]
  
Industry [t/year]
  
Sector
PIG_IRON            0.0000000E+00
CRUDE_STEEL         0.0000000E+00
IRON_STEEL_OTHERS   0.0000000E+00
ALUMINUM_ALUMINA    0.0000000E+00
COPPER              0.0000000E+00
ZINC                0.0000000E+00
LEAD                0.0000000E+00
CMENT               0.0000000E+00
BRICKS              0.0000000E+00
LIME                0.0000000E+00
COKE_OVENS          0.1575542E+04
OIL_REFINERY        0.4247161E+04
OTH_TRANSFORMATION  0.0000000E+00
SULPHRIC_ACID       0.1809060E+05
OTHERS              0.0000000E+00
SUB_TOTAL           0.2391330E+05
  
Total [t/year]
  
TOTAL               0.9459113E+06
