Year       : 2007
Country    : CHN
Sub-Region : GUIZ
  
Combustion Sources [t/year]
  
Fuel Type           POWER_PLANTS   ENERGY         IRON_STEEL     CHEM_PETRCHEM  NON_FERR_MET   NON_MET_MINE   OTHERS         ROAD           DOM_NAVI       RAILWAY_ETC    RESIDENT       COMM_PUB       AGR_FORE_FISH  OTHERS         SUB_TOTAL    
HARD_COAL           0.9555511E+06  0.3843850E+05  0.0000000E+00  0.0000000E+00  0.0000000E+00  0.8967942E+05  0.4785476E+06  0.0000000E+00  0.0000000E+00  0.3052234E+04  0.2497769E+06  0.4331758E+05  0.6621796E+05  0.6014798E+05  0.1984729E+07
BROWN_COAL          0.0000000E+00  0.0000000E+00  0.0000000E+00  0.0000000E+00  0.0000000E+00  0.0000000E+00  0.0000000E+00  0.0000000E+00  0.0000000E+00  0.0000000E+00  0.0000000E+00  0.0000000E+00  0.0000000E+00  0.0000000E+00  0.0000000E+00
DERIVED_COAL        0.0000000E+00  0.6068024E+04  0.0000000E+00  0.0000000E+00  0.0000000E+00  0.4579218E+03  0.3561457E+05  0.0000000E+00  0.0000000E+00  0.5863049E+02  0.3294009E+04  0.1546095E+04  0.1281869E+05  0.2456437E+04  0.6231438E+05
NATURAL_GAS         0.0000000E+00  0.0000000E+00  0.0000000E+00  0.0000000E+00  0.0000000E+00  0.0000000E+00  0.4689472E+01  0.0000000E+00  0.0000000E+00  0.0000000E+00  0.9304509E-01  0.0000000E+00  0.0000000E+00  0.0000000E+00  0.4782517E+01
COKE_OVEN_GAS       0.8687057E+04  0.0000000E+00  0.0000000E+00  0.0000000E+00  0.0000000E+00  0.0000000E+00  0.1969254E+05  0.0000000E+00  0.0000000E+00  0.0000000E+00  0.3180582E+04  0.1015079E+04  0.0000000E+00  0.0000000E+00  0.3257526E+05
OTHER_GAS           0.0000000E+00  0.0000000E+00  0.0000000E+00  0.0000000E+00  0.0000000E+00  0.0000000E+00  0.0000000E+00  0.0000000E+00  0.0000000E+00  0.0000000E+00  0.0000000E+00  0.0000000E+00  0.0000000E+00  0.0000000E+00  0.0000000E+00
MOTOR_GASOLINE      0.0000000E+00  0.0000000E+00  0.0000000E+00  0.0000000E+00  0.0000000E+00  0.0000000E+00  0.0000000E+00  0.8333000E+03  0.0000000E+00  0.0000000E+00  0.0000000E+00  0.0000000E+00  0.2320000E+02  0.0000000E+00  0.8565000E+03
KEROSENE            0.0000000E+00  0.0000000E+00  0.0000000E+00  0.0000000E+00  0.0000000E+00  0.0000000E+00  0.7168000E+01  0.0000000E+00  0.0000000E+00  0.0000000E+00  0.3072000E+01  0.2112000E+01  0.2560000E+00  0.1664000E+01  0.1427200E+02
OTHER_LF            0.0000000E+00  0.0000000E+00  0.0000000E+00  0.0000000E+00  0.0000000E+00  0.0000000E+00  0.4240000E-02  0.0000000E+00  0.0000000E+00  0.0000000E+00  0.7865200E+00  0.5088000E+00  0.0000000E+00  0.7420000E-02  0.1306980E+01
DIESEL_OIL          0.0000000E+00  0.0000000E+00  0.0000000E+00  0.0000000E+00  0.0000000E+00  0.0000000E+00  0.6722711E+03  0.3177603E+04  0.2287707E+02  0.5268023E+03  0.0000000E+00  0.1871753E+03  0.1909188E+03  0.9467950E+03  0.5724443E+04
CRUDE_OIL           0.0000000E+00  0.0000000E+00  0.0000000E+00  0.0000000E+00  0.0000000E+00  0.0000000E+00  0.0000000E+00  0.0000000E+00  0.0000000E+00  0.0000000E+00  0.0000000E+00  0.0000000E+00  0.0000000E+00  0.0000000E+00  0.0000000E+00
HEAVY_FUEL_OIL      0.0000000E+00  0.2188892E+03  0.0000000E+00  0.0000000E+00  0.0000000E+00  0.0000000E+00  0.4365111E+04  0.0000000E+00  0.5721000E+04  0.0000000E+00  0.0000000E+00  0.0000000E+00  0.0000000E+00  0.0000000E+00  0.1030500E+05
OTHER_HF            0.0000000E+00  0.2109664E+03  0.0000000E+00  0.0000000E+00  0.0000000E+00  0.0000000E+00  0.4207114E+04  0.0000000E+00  0.0000000E+00  0.0000000E+00  0.0000000E+00  0.0000000E+00  0.0000000E+00  0.0000000E+00  0.4418080E+04
FUELWOOD            0.0000000E+00  0.0000000E+00  0.0000000E+00  0.0000000E+00  0.0000000E+00  0.0000000E+00  0.0000000E+00  0.0000000E+00  0.0000000E+00  0.0000000E+00  0.1316080E+05  0.0000000E+00  0.0000000E+00  0.0000000E+00  0.1316080E+05
CROP_RESIDUE        0.0000000E+00  0.0000000E+00  0.0000000E+00  0.0000000E+00  0.0000000E+00  0.0000000E+00  0.0000000E+00  0.0000000E+00  0.0000000E+00  0.0000000E+00  0.2202000E+04  0.0000000E+00  0.0000000E+00  0.0000000E+00  0.2202000E+04
ANIMAL_WASTE        0.0000000E+00  0.0000000E+00  0.0000000E+00  0.0000000E+00  0.0000000E+00  0.0000000E+00  0.0000000E+00  0.0000000E+00  0.0000000E+00  0.0000000E+00  0.0000000E+00  0.0000000E+00  0.0000000E+00  0.0000000E+00  0.0000000E+00
OTHERS              0.0000000E+00  0.0000000E+00  0.0000000E+00  0.0000000E+00  0.0000000E+00  0.0000000E+00  0.0000000E+00  0.0000000E+00  0.0000000E+00  0.0000000E+00  0.1134016E+02  0.0000000E+00  0.0000000E+00  0.0000000E+00  0.1134016E+02
SUB_TOTAL           0.9642382E+06  0.4493638E+05  0.0000000E+00  0.0000000E+00  0.0000000E+00  0.9013734E+05  0.5431111E+06  0.4010903E+04  0.5743877E+04  0.3637667E+04  0.2716296E+06  0.4606855E+05  0.7925102E+05  0.6355288E+05  0.2116317E+07
  
Non-Combustion Sources [t/year]
  
Industry [t/year]
  
Sector
PIG_IRON            0.0000000E+00
CRUDE_STEEL         0.0000000E+00
IRON_STEEL_OTHERS   0.0000000E+00
ALUMINUM_ALUMINA    0.5045611E+03
COPPER              0.0000000E+00
ZINC                0.0000000E+00
LEAD                0.0000000E+00
CMENT               0.0000000E+00
BRICKS              0.0000000E+00
LIME                0.0000000E+00
COKE_OVENS          0.3025593E+05
OIL_REFINERY        0.0000000E+00
OTH_TRANSFORMATION  0.0000000E+00
SULPHRIC_ACID       0.7217925E+05
OTHERS              0.0000000E+00
SUB_TOTAL           0.1029397E+06
  
Total [t/year]
  
TOTAL               0.2219257E+07
