Year       : 2007
Country    : CHN
Sub-Region : QING
  
Combustion Sources [t/year]
  
Fuel Type           POWER_PLANTS   ENERGY         IRON_STEEL     CHEM_PETRCHEM  NON_FERR_MET   NON_MET_MINE   OTHERS         ROAD           DOM_NAVI       RAILWAY_ETC    RESIDENT       COMM_PUB       AGR_FORE_FISH  OTHERS         SUB_TOTAL    
HARD_COAL           0.1119717E+05  0.4992851E+03  0.1546907E+05  0.1852610E+05  0.1690562E+04  0.9109757E+01  0.3348463E+04  0.0000000E+00  0.0000000E+00  0.1741708E+04  0.9899585E+04  0.3155493E+03  0.5123035E+03  0.1060493E+04  0.6426940E+05
BROWN_COAL          0.0000000E+00  0.0000000E+00  0.0000000E+00  0.0000000E+00  0.0000000E+00  0.0000000E+00  0.0000000E+00  0.0000000E+00  0.0000000E+00  0.0000000E+00  0.0000000E+00  0.0000000E+00  0.0000000E+00  0.0000000E+00  0.0000000E+00
DERIVED_COAL        0.0000000E+00  0.1985901E+03  0.1557548E+04  0.7368735E+04  0.6724189E+03  0.1811698E+02  0.1169773E+04  0.0000000E+00  0.0000000E+00  0.0000000E+00  0.0000000E+00  0.1425000E+02  0.0000000E+00  0.0000000E+00  0.1099943E+05
NATURAL_GAS         0.2354041E+01  0.0000000E+00  0.0000000E+00  0.0000000E+00  0.0000000E+00  0.0000000E+00  0.3852066E+01  0.0000000E+00  0.0000000E+00  0.0000000E+00  0.5350094E+01  0.2102819E+01  0.9304509E-02  0.4587122E+01  0.1825545E+02
COKE_OVEN_GAS       0.0000000E+00  0.0000000E+00  0.0000000E+00  0.0000000E+00  0.0000000E+00  0.0000000E+00  0.5159648E+03  0.0000000E+00  0.0000000E+00  0.0000000E+00  0.0000000E+00  0.0000000E+00  0.0000000E+00  0.0000000E+00  0.5159648E+03
OTHER_GAS           0.0000000E+00  0.0000000E+00  0.0000000E+00  0.0000000E+00  0.0000000E+00  0.0000000E+00  0.0000000E+00  0.0000000E+00  0.0000000E+00  0.0000000E+00  0.0000000E+00  0.0000000E+00  0.0000000E+00  0.0000000E+00  0.0000000E+00
MOTOR_GASOLINE      0.0000000E+00  0.0000000E+00  0.0000000E+00  0.0000000E+00  0.0000000E+00  0.0000000E+00  0.0000000E+00  0.1535000E+03  0.0000000E+00  0.0000000E+00  0.0000000E+00  0.0000000E+00  0.1030000E+02  0.0000000E+00  0.1638000E+03
KEROSENE            0.0000000E+00  0.0000000E+00  0.0000000E+00  0.0000000E+00  0.0000000E+00  0.0000000E+00  0.0000000E+00  0.0000000E+00  0.0000000E+00  0.0000000E+00  0.0000000E+00  0.0000000E+00  0.0000000E+00  0.0000000E+00  0.0000000E+00
OTHER_LF            0.0000000E+00  0.1127634E+00  0.1944197E-01  0.1905313E+00  0.2721875E-01  0.2721875E-01  0.5832590E-01  0.0000000E+00  0.0000000E+00  0.0000000E+00  0.5671000E+00  0.0000000E+00  0.0000000E+00  0.0000000E+00  0.1002600E+01
DIESEL_OIL          0.1310227E+02  0.7487844E+02  0.1291008E+02  0.1265188E+03  0.1807411E+02  0.1807411E+02  0.1257668E+03  0.8552418E+03  0.0000000E+00  0.9373709E+02  0.0000000E+00  0.2651650E+02  0.5864825E+02  0.7268639E+02  0.1496155E+04
CRUDE_OIL           0.0000000E+00  0.9304338E+02  0.1604197E+02  0.1572113E+03  0.2245875E+02  0.2245875E+02  0.4812590E+02  0.0000000E+00  0.0000000E+00  0.0000000E+00  0.0000000E+00  0.0000000E+00  0.0000000E+00  0.0000000E+00  0.3593401E+03
HEAVY_FUEL_OIL      0.1200000E+02  0.1009821E+02  0.1741072E+01  0.1706250E+02  0.2437500E+01  0.2437500E+01  0.5223215E+01  0.0000000E+00  0.0000000E+00  0.0000000E+00  0.0000000E+00  0.0000000E+00  0.0000000E+00  0.0000000E+00  0.5100000E+02
OTHER_HF            0.0000000E+00  0.4262430E+03  0.7349018E+02  0.7202038E+03  0.1028863E+03  0.1028863E+03  0.2204706E+03  0.0000000E+00  0.0000000E+00  0.0000000E+00  0.0000000E+00  0.0000000E+00  0.0000000E+00  0.0000000E+00  0.1646180E+04
FUELWOOD            0.0000000E+00  0.0000000E+00  0.0000000E+00  0.0000000E+00  0.0000000E+00  0.0000000E+00  0.0000000E+00  0.0000000E+00  0.0000000E+00  0.0000000E+00  0.2671200E+03  0.0000000E+00  0.0000000E+00  0.0000000E+00  0.2671200E+03
CROP_RESIDUE        0.0000000E+00  0.0000000E+00  0.0000000E+00  0.0000000E+00  0.0000000E+00  0.0000000E+00  0.0000000E+00  0.0000000E+00  0.0000000E+00  0.0000000E+00  0.7651800E+03  0.0000000E+00  0.0000000E+00  0.0000000E+00  0.7651800E+03
ANIMAL_WASTE        0.0000000E+00  0.0000000E+00  0.0000000E+00  0.0000000E+00  0.0000000E+00  0.0000000E+00  0.0000000E+00  0.0000000E+00  0.0000000E+00  0.0000000E+00  0.0000000E+00  0.0000000E+00  0.0000000E+00  0.0000000E+00  0.0000000E+00
OTHERS              0.0000000E+00  0.0000000E+00  0.0000000E+00  0.0000000E+00  0.0000000E+00  0.0000000E+00  0.0000000E+00  0.0000000E+00  0.0000000E+00  0.0000000E+00  0.3400000E+00  0.0000000E+00  0.0000000E+00  0.0000000E+00  0.3400000E+00
SUB_TOTAL           0.1122463E+05  0.1302251E+04  0.1713082E+05  0.2691602E+05  0.2508865E+04  0.1731106E+03  0.5437698E+04  0.1008742E+04  0.0000000E+00  0.1835445E+04  0.1093814E+05  0.3584186E+03  0.5812611E+03  0.1137767E+04  0.8055317E+05
  
Non-Combustion Sources [t/year]
  
Industry [t/year]
  
Sector
PIG_IRON            0.0000000E+00
CRUDE_STEEL         0.0000000E+00
IRON_STEEL_OTHERS   0.0000000E+00
ALUMINUM_ALUMINA    0.1289155E+04
COPPER              0.0000000E+00
ZINC                0.0000000E+00
LEAD                0.0000000E+00
CMENT               0.0000000E+00
BRICKS              0.0000000E+00
LIME                0.0000000E+00
COKE_OVENS          0.1236683E+04
OIL_REFINERY        0.1996722E+03
OTH_TRANSFORMATION  0.0000000E+00
SULPHRIC_ACID       0.2069100E+04
OTHERS              0.0000000E+00
SUB_TOTAL           0.4794610E+04
  
Total [t/year]
  
TOTAL               0.8534778E+05
