Year       : 2007
Country    : CHN
Sub-Region : FUJI
  
Combustion Sources [t/year]
  
Fuel Type           POWER_PLANTS   ENERGY         IRON_STEEL     CHEM_PETRCHEM  NON_FERR_MET   NON_MET_MINE   OTHERS         ROAD           DOM_NAVI       RAILWAY_ETC    RESIDENT       COMM_PUB       AGR_FORE_FISH  OTHERS         SUB_TOTAL    
HARD_COAL           0.8172822E+05  0.8125106E+04  0.1304747E+05  0.6559113E+05  0.6533276E+03  0.5067508E+05  0.5474401E+05  0.0000000E+00  0.0000000E+00  0.7539706E+03  0.1398746E+05  0.2960765E+04  0.6503907E+04  0.6639101E+04  0.3054095E+06
BROWN_COAL          0.0000000E+00  0.0000000E+00  0.0000000E+00  0.0000000E+00  0.0000000E+00  0.0000000E+00  0.0000000E+00  0.0000000E+00  0.0000000E+00  0.0000000E+00  0.0000000E+00  0.0000000E+00  0.0000000E+00  0.0000000E+00  0.0000000E+00
DERIVED_COAL        0.0000000E+00  0.0000000E+00  0.2038096E+05  0.8596407E+03  0.7704872E+03  0.2347081E+02  0.1029245E+04  0.0000000E+00  0.0000000E+00  0.0000000E+00  0.0000000E+00  0.0000000E+00  0.0000000E+00  0.0000000E+00  0.2306380E+05
NATURAL_GAS         0.0000000E+00  0.0000000E+00  0.0000000E+00  0.0000000E+00  0.0000000E+00  0.0000000E+00  0.4466164E+00  0.0000000E+00  0.0000000E+00  0.0000000E+00  0.0000000E+00  0.0000000E+00  0.0000000E+00  0.0000000E+00  0.4466164E+00
COKE_OVEN_GAS       0.1159836E+04  0.0000000E+00  0.0000000E+00  0.0000000E+00  0.0000000E+00  0.0000000E+00  0.2793024E+04  0.0000000E+00  0.0000000E+00  0.0000000E+00  0.0000000E+00  0.0000000E+00  0.0000000E+00  0.0000000E+00  0.3952860E+04
OTHER_GAS           0.7264453E+00  0.0000000E+00  0.0000000E+00  0.0000000E+00  0.0000000E+00  0.0000000E+00  0.3366564E+01  0.0000000E+00  0.0000000E+00  0.0000000E+00  0.0000000E+00  0.0000000E+00  0.0000000E+00  0.0000000E+00  0.4093009E+01
MOTOR_GASOLINE      0.0000000E+00  0.0000000E+00  0.0000000E+00  0.0000000E+00  0.0000000E+00  0.0000000E+00  0.0000000E+00  0.2499700E+04  0.0000000E+00  0.0000000E+00  0.0000000E+00  0.0000000E+00  0.1420000E+03  0.0000000E+00  0.2641700E+04
KEROSENE            0.0000000E+00  0.0000000E+00  0.2186372E+01  0.1841891E+02  0.2885502E+01  0.7906528E+01  0.2005869E+02  0.0000000E+00  0.0000000E+00  0.0000000E+00  0.0000000E+00  0.0000000E+00  0.0000000E+00  0.0000000E+00  0.5145600E+02
OTHER_LF            0.7774000E+00  0.2657040E-01  0.1003902E+00  0.4089428E+00  0.2645210E-01  0.1832956E+00  0.1833429E+01  0.8457373E-03  0.0000000E+00  0.0000000E+00  0.9100100E+01  0.3879600E+00  0.2120000E-02  0.0000000E+00  0.1284751E+02
DIESEL_OIL          0.3525135E+02  0.4355991E+02  0.3446554E+03  0.3483708E+03  0.3343896E+03  0.1656845E+04  0.2126570E+04  0.3230739E+04  0.1478130E+04  0.1130786E+03  0.2052689E+03  0.3054077E+03  0.3566000E+04  0.7842644E+03  0.1457253E+05
CRUDE_OIL           0.0000000E+00  0.0000000E+00  0.0000000E+00  0.0000000E+00  0.0000000E+00  0.0000000E+00  0.0000000E+00  0.0000000E+00  0.0000000E+00  0.0000000E+00  0.0000000E+00  0.0000000E+00  0.0000000E+00  0.0000000E+00  0.0000000E+00
HEAVY_FUEL_OIL      0.7920000E+03  0.3414633E+03  0.9796617E+03  0.3146496E+04  0.1364925E+04  0.1476385E+05  0.8332608E+04  0.0000000E+00  0.6399000E+04  0.0000000E+00  0.0000000E+00  0.0000000E+00  0.1362000E+04  0.0000000E+00  0.3748200E+05
OTHER_HF            0.0000000E+00  0.6574898E+02  0.1886346E+03  0.6058604E+03  0.2628172E+03  0.2842790E+04  0.2893410E+04  0.0000000E+00  0.0000000E+00  0.0000000E+00  0.4939600E+03  0.0000000E+00  0.1222180E+04  0.0000000E+00  0.8575401E+04
FUELWOOD            0.0000000E+00  0.0000000E+00  0.0000000E+00  0.0000000E+00  0.0000000E+00  0.0000000E+00  0.0000000E+00  0.0000000E+00  0.0000000E+00  0.0000000E+00  0.4320960E+04  0.0000000E+00  0.0000000E+00  0.0000000E+00  0.4320960E+04
CROP_RESIDUE        0.0000000E+00  0.0000000E+00  0.0000000E+00  0.0000000E+00  0.0000000E+00  0.0000000E+00  0.0000000E+00  0.0000000E+00  0.0000000E+00  0.0000000E+00  0.9170400E+03  0.0000000E+00  0.0000000E+00  0.0000000E+00  0.9170400E+03
ANIMAL_WASTE        0.0000000E+00  0.0000000E+00  0.0000000E+00  0.0000000E+00  0.0000000E+00  0.0000000E+00  0.0000000E+00  0.0000000E+00  0.0000000E+00  0.0000000E+00  0.0000000E+00  0.0000000E+00  0.0000000E+00  0.0000000E+00  0.0000000E+00
OTHERS              0.0000000E+00  0.0000000E+00  0.0000000E+00  0.0000000E+00  0.0000000E+00  0.0000000E+00  0.0000000E+00  0.0000000E+00  0.0000000E+00  0.0000000E+00  0.4226240E+01  0.0000000E+00  0.0000000E+00  0.0000000E+00  0.4226240E+01
SUB_TOTAL           0.8371681E+05  0.8575905E+04  0.3494367E+05  0.7057033E+05  0.3388859E+04  0.6997013E+05  0.7194457E+05  0.5730440E+04  0.7877130E+04  0.8670492E+03  0.1993802E+05  0.3266561E+04  0.1279609E+05  0.7423365E+04  0.4010089E+06
  
Non-Combustion Sources [t/year]
  
Industry [t/year]
  
Sector
PIG_IRON            0.0000000E+00
CRUDE_STEEL         0.0000000E+00
IRON_STEEL_OTHERS   0.0000000E+00
ALUMINUM_ALUMINA    0.0000000E+00
COPPER              0.0000000E+00
ZINC                0.0000000E+00
LEAD                0.0000000E+00
CMENT               0.0000000E+00
BRICKS              0.0000000E+00
LIME                0.0000000E+00
COKE_OVENS          0.1012513E+04
OIL_REFINERY        0.6700049E+03
OTH_TRANSFORMATION  0.2309692E+02
SULPHRIC_ACID       0.8913300E+04
OTHERS              0.0000000E+00
SUB_TOTAL           0.1061891E+05
  
Total [t/year]
  
TOTAL               0.4116278E+06
