Year       : 2007
Country    : CHN
Sub-Region : SICH
  
Combustion Sources [t/year]
  
Fuel Type           POWER_PLANTS   ENERGY         IRON_STEEL     CHEM_PETRCHEM  NON_FERR_MET   NON_MET_MINE   OTHERS         ROAD           DOM_NAVI       RAILWAY_ETC    RESIDENT       COMM_PUB       AGR_FORE_FISH  OTHERS         SUB_TOTAL    
HARD_COAL           0.3392792E+06  0.2173635E+05  0.0000000E+00  0.0000000E+00  0.0000000E+00  0.1622912E+05  0.5575615E+06  0.0000000E+00  0.0000000E+00  0.3861100E+04  0.1466755E+06  0.1198037E+05  0.7410389E+04  0.3429924E+04  0.1108163E+07
BROWN_COAL          0.0000000E+00  0.0000000E+00  0.0000000E+00  0.0000000E+00  0.0000000E+00  0.0000000E+00  0.0000000E+00  0.0000000E+00  0.0000000E+00  0.0000000E+00  0.0000000E+00  0.0000000E+00  0.0000000E+00  0.0000000E+00  0.0000000E+00
DERIVED_COAL        0.0000000E+00  0.1469451E+05  0.0000000E+00  0.0000000E+00  0.0000000E+00  0.0000000E+00  0.8788534E+05  0.0000000E+00  0.0000000E+00  0.4872051E+02  0.1269981E+03  0.2947104E+04  0.0000000E+00  0.6723430E+02  0.1057699E+06
NATURAL_GAS         0.1842293E+01  0.0000000E+00  0.0000000E+00  0.0000000E+00  0.0000000E+00  0.4684161E+01  0.3000305E+02  0.0000000E+00  0.0000000E+00  0.0000000E+00  0.2592237E+02  0.3833457E+01  0.1860902E-01  0.1302631E+00  0.6643420E+02
COKE_OVEN_GAS       0.1693191E+04  0.0000000E+00  0.0000000E+00  0.0000000E+00  0.0000000E+00  0.0000000E+00  0.0000000E+00  0.0000000E+00  0.0000000E+00  0.0000000E+00  0.0000000E+00  0.0000000E+00  0.0000000E+00  0.0000000E+00  0.1693191E+04
OTHER_GAS           0.1859640E+01  0.0000000E+00  0.0000000E+00  0.0000000E+00  0.0000000E+00  0.0000000E+00  0.0000000E+00  0.0000000E+00  0.0000000E+00  0.0000000E+00  0.0000000E+00  0.0000000E+00  0.0000000E+00  0.0000000E+00  0.1859640E+01
MOTOR_GASOLINE      0.0000000E+00  0.0000000E+00  0.0000000E+00  0.0000000E+00  0.0000000E+00  0.0000000E+00  0.0000000E+00  0.3253800E+04  0.0000000E+00  0.0000000E+00  0.0000000E+00  0.0000000E+00  0.4950000E+02  0.0000000E+00  0.3303300E+04
KEROSENE            0.0000000E+00  0.0000000E+00  0.0000000E+00  0.0000000E+00  0.0000000E+00  0.0000000E+00  0.3180800E+02  0.0000000E+00  0.0000000E+00  0.0000000E+00  0.4992000E+01  0.1792000E+02  0.8320000E+00  0.1344000E+01  0.5689600E+02
OTHER_LF            0.0000000E+00  0.0000000E+00  0.0000000E+00  0.0000000E+00  0.0000000E+00  0.0000000E+00  0.8098400E+00  0.0000000E+00  0.0000000E+00  0.0000000E+00  0.0000000E+00  0.0000000E+00  0.0000000E+00  0.0000000E+00  0.8098400E+00
DIESEL_OIL          0.0000000E+00  0.0000000E+00  0.0000000E+00  0.0000000E+00  0.0000000E+00  0.0000000E+00  0.1518304E+04  0.5028677E+04  0.5582776E+02  0.4059698E+03  0.8703649E+02  0.1468078E+04  0.3188531E+04  0.5209711E+03  0.1227340E+05
CRUDE_OIL           0.0000000E+00  0.1308315E+02  0.0000000E+00  0.0000000E+00  0.0000000E+00  0.0000000E+00  0.2625168E+03  0.0000000E+00  0.0000000E+00  0.0000000E+00  0.0000000E+00  0.0000000E+00  0.0000000E+00  0.0000000E+00  0.2755999E+03
HEAVY_FUEL_OIL      0.6420000E+03  0.2862531E+02  0.0000000E+00  0.0000000E+00  0.0000000E+00  0.0000000E+00  0.1165375E+04  0.0000000E+00  0.0000000E+00  0.0000000E+00  0.0000000E+00  0.2880000E+03  0.2100000E+02  0.0000000E+00  0.2145000E+04
OTHER_HF            0.0000000E+00  0.4768303E+03  0.0000000E+00  0.0000000E+00  0.0000000E+00  0.0000000E+00  0.9567730E+04  0.0000000E+00  0.0000000E+00  0.0000000E+00  0.0000000E+00  0.0000000E+00  0.0000000E+00  0.0000000E+00  0.1004456E+05
FUELWOOD            0.0000000E+00  0.0000000E+00  0.0000000E+00  0.0000000E+00  0.0000000E+00  0.0000000E+00  0.0000000E+00  0.0000000E+00  0.0000000E+00  0.0000000E+00  0.1083496E+05  0.0000000E+00  0.0000000E+00  0.0000000E+00  0.1083496E+05
CROP_RESIDUE        0.0000000E+00  0.0000000E+00  0.0000000E+00  0.0000000E+00  0.0000000E+00  0.0000000E+00  0.0000000E+00  0.0000000E+00  0.0000000E+00  0.0000000E+00  0.2361984E+05  0.0000000E+00  0.0000000E+00  0.0000000E+00  0.2361984E+05
ANIMAL_WASTE        0.0000000E+00  0.0000000E+00  0.0000000E+00  0.0000000E+00  0.0000000E+00  0.0000000E+00  0.0000000E+00  0.0000000E+00  0.0000000E+00  0.0000000E+00  0.0000000E+00  0.0000000E+00  0.0000000E+00  0.0000000E+00  0.0000000E+00
OTHERS              0.0000000E+00  0.0000000E+00  0.0000000E+00  0.0000000E+00  0.0000000E+00  0.0000000E+00  0.0000000E+00  0.0000000E+00  0.0000000E+00  0.0000000E+00  0.2396136E+02  0.0000000E+00  0.0000000E+00  0.0000000E+00  0.2396136E+02
SUB_TOTAL           0.3416181E+06  0.3694940E+05  0.0000000E+00  0.0000000E+00  0.0000000E+00  0.1623380E+05  0.6580234E+06  0.8282477E+04  0.5582776E+02  0.4315790E+04  0.1813992E+06  0.1670531E+05  0.1067027E+05  0.4019604E+04  0.1278273E+07
  
Non-Combustion Sources [t/year]
  
Industry [t/year]
  
Sector
PIG_IRON            0.0000000E+00
CRUDE_STEEL         0.0000000E+00
IRON_STEEL_OTHERS   0.0000000E+00
ALUMINUM_ALUMINA    0.0000000E+00
COPPER              0.0000000E+00
ZINC                0.2745519E+05
LEAD                0.0000000E+00
CMENT               0.0000000E+00
BRICKS              0.0000000E+00
LIME                0.0000000E+00
COKE_OVENS          0.2739001E+05
OIL_REFINERY        0.4499661E+03
OTH_TRANSFORMATION  0.0000000E+00
SULPHRIC_ACID       0.5997255E+05
OTHERS              0.0000000E+00
SUB_TOTAL           0.1152677E+06
  
Total [t/year]
  
TOTAL               0.1393541E+07
