Year       : 2007
Country    : CHN
Sub-Region : HUBE
  
Combustion Sources [t/year]
  
Fuel Type           POWER_PLANTS   ENERGY         IRON_STEEL     CHEM_PETRCHEM  NON_FERR_MET   NON_MET_MINE   OTHERS         ROAD           DOM_NAVI       RAILWAY_ETC    RESIDENT       COMM_PUB       AGR_FORE_FISH  OTHERS         SUB_TOTAL    
HARD_COAL           0.4657975E+06  0.3755240E+04  0.7984105E+05  0.2031325E+06  0.1462585E+05  0.5998018E+05  0.1245068E+06  0.0000000E+00  0.0000000E+00  0.2106422E+05  0.6610240E+05  0.1774809E+05  0.1078975E+05  0.6923055E+04  0.1074267E+07
BROWN_COAL          0.0000000E+00  0.0000000E+00  0.0000000E+00  0.0000000E+00  0.0000000E+00  0.0000000E+00  0.0000000E+00  0.0000000E+00  0.0000000E+00  0.0000000E+00  0.0000000E+00  0.0000000E+00  0.0000000E+00  0.0000000E+00  0.0000000E+00
DERIVED_COAL        0.0000000E+00  0.1085763E+04  0.6047589E+04  0.5873224E+05  0.4228812E+04  0.4322937E+05  0.3199718E+05  0.0000000E+00  0.0000000E+00  0.0000000E+00  0.0000000E+00  0.0000000E+00  0.0000000E+00  0.0000000E+00  0.1453210E+06
NATURAL_GAS         0.1674812E+00  0.0000000E+00  0.0000000E+00  0.0000000E+00  0.0000000E+00  0.0000000E+00  0.4894173E+01  0.0000000E+00  0.0000000E+00  0.0000000E+00  0.2930920E+01  0.0000000E+00  0.3721804E-01  0.0000000E+00  0.8029792E+01
COKE_OVEN_GAS       0.2784876E+05  0.0000000E+00  0.0000000E+00  0.0000000E+00  0.0000000E+00  0.0000000E+00  0.1233972E+05  0.0000000E+00  0.0000000E+00  0.0000000E+00  0.0000000E+00  0.0000000E+00  0.0000000E+00  0.0000000E+00  0.4018848E+05
OTHER_GAS           0.7722233E+00  0.0000000E+00  0.0000000E+00  0.0000000E+00  0.0000000E+00  0.0000000E+00  0.8675318E+00  0.0000000E+00  0.0000000E+00  0.0000000E+00  0.0000000E+00  0.0000000E+00  0.0000000E+00  0.0000000E+00  0.1639755E+01
MOTOR_GASOLINE      0.0000000E+00  0.0000000E+00  0.0000000E+00  0.0000000E+00  0.0000000E+00  0.0000000E+00  0.0000000E+00  0.5347900E+04  0.0000000E+00  0.0000000E+00  0.0000000E+00  0.0000000E+00  0.1712000E+03  0.0000000E+00  0.5519100E+04
KEROSENE            0.0000000E+00  0.4943751E+01  0.3707812E+01  0.7482432E+01  0.1135726E+01  0.4275676E+01  0.2338260E+02  0.0000000E+00  0.0000000E+00  0.0000000E+00  0.3072000E+02  0.0000000E+00  0.0000000E+00  0.0000000E+00  0.7564800E+02
OTHER_LF            0.1264900E+01  0.4353379E+00  0.3265034E+00  0.6588899E+00  0.1000100E+00  0.3765084E+00  0.2059030E+01  0.0000000E+00  0.0000000E+00  0.0000000E+00  0.5429320E+01  0.8268000E+00  0.0000000E+00  0.0000000E+00  0.1147730E+02
DIESEL_OIL          0.8173320E+02  0.7078228E+03  0.7199016E+03  0.4167216E+03  0.1352835E+03  0.4493346E+03  0.3700928E+04  0.6360892E+04  0.7725773E+03  0.5422775E+03  0.2445758E+03  0.6956680E+03  0.4183679E+04  0.0000000E+00  0.1901139E+05
CRUDE_OIL           0.0000000E+00  0.1387957E+03  0.1336902E+03  0.1075950E+03  0.2760787E+02  0.9454750E+02  0.5111237E+03  0.0000000E+00  0.0000000E+00  0.0000000E+00  0.0000000E+00  0.0000000E+00  0.0000000E+00  0.0000000E+00  0.1013360E+04
HEAVY_FUEL_OIL      0.2010000E+04  0.3584669E+04  0.3452808E+04  0.2778851E+04  0.7130271E+03  0.2441873E+04  0.1320077E+05  0.0000000E+00  0.8880000E+04  0.0000000E+00  0.0000000E+00  0.0000000E+00  0.0000000E+00  0.0000000E+00  0.3706200E+05
OTHER_HF            0.9084200E+03  0.2614324E+04  0.2518157E+04  0.2026635E+04  0.5200155E+03  0.1780875E+04  0.9627411E+04  0.0000000E+00  0.0000000E+00  0.0000000E+00  0.0000000E+00  0.0000000E+00  0.0000000E+00  0.0000000E+00  0.1999584E+05
FUELWOOD            0.0000000E+00  0.0000000E+00  0.0000000E+00  0.0000000E+00  0.0000000E+00  0.0000000E+00  0.0000000E+00  0.0000000E+00  0.0000000E+00  0.0000000E+00  0.7937040E+04  0.0000000E+00  0.0000000E+00  0.0000000E+00  0.7937040E+04
CROP_RESIDUE        0.0000000E+00  0.0000000E+00  0.0000000E+00  0.0000000E+00  0.0000000E+00  0.0000000E+00  0.0000000E+00  0.0000000E+00  0.0000000E+00  0.0000000E+00  0.9629880E+04  0.0000000E+00  0.0000000E+00  0.0000000E+00  0.9629880E+04
ANIMAL_WASTE        0.0000000E+00  0.0000000E+00  0.0000000E+00  0.0000000E+00  0.0000000E+00  0.0000000E+00  0.0000000E+00  0.0000000E+00  0.0000000E+00  0.0000000E+00  0.0000000E+00  0.0000000E+00  0.0000000E+00  0.0000000E+00  0.0000000E+00
OTHERS              0.0000000E+00  0.0000000E+00  0.0000000E+00  0.0000000E+00  0.0000000E+00  0.0000000E+00  0.0000000E+00  0.0000000E+00  0.0000000E+00  0.0000000E+00  0.1087568E+02  0.0000000E+00  0.0000000E+00  0.0000000E+00  0.1087568E+02
SUB_TOTAL           0.4966486E+06  0.1189199E+05  0.9271723E+05  0.2672027E+06  0.2025183E+05  0.1079808E+06  0.1959151E+06  0.1170879E+05  0.9652577E+04  0.2160650E+05  0.8396385E+05  0.1844458E+05  0.1514467E+05  0.6923055E+04  0.1360052E+07
  
Non-Combustion Sources [t/year]
  
Industry [t/year]
  
Sector
PIG_IRON            0.0000000E+00
CRUDE_STEEL         0.0000000E+00
IRON_STEEL_OTHERS   0.0000000E+00
ALUMINUM_ALUMINA    0.1387545E+03
COPPER              0.4820245E+05
ZINC                0.0000000E+00
LEAD                0.2136778E+04
CMENT               0.0000000E+00
BRICKS              0.0000000E+00
LIME                0.0000000E+00
COKE_OVENS          0.1207366E+05
OIL_REFINERY        0.1702691E+04
OTH_TRANSFORMATION  0.5601409E+03
SULPHRIC_ACID       0.7862085E+05
OTHERS              0.0000000E+00
SUB_TOTAL           0.1434353E+06
  
Total [t/year]
  
TOTAL               0.1503488E+07
