Year       : 2007
Country    : CHN
Sub-Region : LIAO
  
Combustion Sources [t/year]
  
Fuel Type           POWER_PLANTS   ENERGY         IRON_STEEL     CHEM_PETRCHEM  NON_FERR_MET   NON_MET_MINE   OTHERS         ROAD           DOM_NAVI       RAILWAY_ETC    RESIDENT       COMM_PUB       AGR_FORE_FISH  OTHERS         SUB_TOTAL    
HARD_COAL           0.7049069E+06  0.6737907E+05  0.1261151E+06  0.3271110E+05  0.9543627E+04  0.7580314E+04  0.3497339E+05  0.0000000E+00  0.0000000E+00  0.9378870E+04  0.4484769E+05  0.2693464E+04  0.1080308E+05  0.4601556E+04  0.1055534E+07
BROWN_COAL          0.0000000E+00  0.0000000E+00  0.0000000E+00  0.0000000E+00  0.0000000E+00  0.0000000E+00  0.0000000E+00  0.0000000E+00  0.0000000E+00  0.0000000E+00  0.0000000E+00  0.0000000E+00  0.0000000E+00  0.0000000E+00  0.0000000E+00
DERIVED_COAL        0.0000000E+00  0.3653710E+02  0.5785298E+05  0.1674781E+04  0.3766283E+04  0.6759363E+04  0.9521416E+04  0.0000000E+00  0.0000000E+00  0.2213564E+01  0.0000000E+00  0.0000000E+00  0.0000000E+00  0.0000000E+00  0.7961357E+05
NATURAL_GAS         0.4652254E-01  0.2345358E+01  0.1314209E+00  0.3649458E+01  0.0000000E+00  0.2426232E+00  0.2931697E+00  0.0000000E+00  0.0000000E+00  0.0000000E+00  0.0000000E+00  0.2605263E+00  0.0000000E+00  0.0000000E+00  0.6969079E+01
COKE_OVEN_GAS       0.1021333E+05  0.1767229E+05  0.9902571E+03  0.2749868E+05  0.0000000E+00  0.1828167E+04  0.2209036E+04  0.0000000E+00  0.0000000E+00  0.0000000E+00  0.0000000E+00  0.0000000E+00  0.0000000E+00  0.0000000E+00  0.6041176E+05
OTHER_GAS           0.8962744E+01  0.1254626E+02  0.7030226E+00  0.1952240E+02  0.0000000E+00  0.1297888E+01  0.1568281E+01  0.0000000E+00  0.0000000E+00  0.0000000E+00  0.1610956E+02  0.1159102E+01  0.0000000E+00  0.1964580E+01  0.6383384E+02
MOTOR_GASOLINE      0.0000000E+00  0.0000000E+00  0.0000000E+00  0.0000000E+00  0.0000000E+00  0.0000000E+00  0.0000000E+00  0.4009900E+04  0.0000000E+00  0.0000000E+00  0.0000000E+00  0.0000000E+00  0.4016000E+03  0.0000000E+00  0.4411500E+04
KEROSENE            0.0000000E+00  0.2000372E+01  0.7501395E+00  0.4813396E+01  0.6876282E+00  0.2750512E+01  0.2394196E+02  0.0000000E+00  0.0000000E+00  0.0000000E+00  0.0000000E+00  0.0000000E+00  0.0000000E+00  0.0000000E+00  0.3494401E+02
OTHER_LF            0.5445000E+01  0.1297301E+01  0.4294107E+01  0.1727106E+01  0.1123802E+01  0.1573323E+01  0.9178121E+01  0.1485699E-01  0.0000000E+00  0.0000000E+00  0.6869860E+01  0.2741160E+01  0.0000000E+00  0.3402600E+00  0.3460490E+02
DIESEL_OIL          0.7435337E+01  0.1632626E+03  0.2557533E+03  0.3985152E+02  0.3755109E+02  0.9174641E+02  0.3178744E+03  0.1810093E+04  0.1179045E+04  0.3270224E+03  0.0000000E+00  0.4019101E+02  0.3668769E+03  0.9444890E+01  0.4646148E+04
CRUDE_OIL           0.8904000E+02  0.1108779E+05  0.0000000E+00  0.1284784E+04  0.0000000E+00  0.1733195E+01  0.1268190E+00  0.0000000E+00  0.0000000E+00  0.0000000E+00  0.0000000E+00  0.0000000E+00  0.0000000E+00  0.1166000E+04  0.1362947E+05
HEAVY_FUEL_OIL      0.1509600E+05  0.2179574E+05  0.8771820E+03  0.5925756E+04  0.8793057E+03  0.5868408E+04  0.1775603E+04  0.0000000E+00  0.1281300E+05  0.0000000E+00  0.0000000E+00  0.0000000E+00  0.0000000E+00  0.1446000E+04  0.6647699E+05
OTHER_HF            0.1060000E+01  0.2396733E+04  0.9645789E+02  0.6516159E+03  0.9669143E+02  0.6453100E+03  0.1952513E+03  0.0000000E+00  0.7420000E+02  0.0000000E+00  0.0000000E+00  0.0000000E+00  0.0000000E+00  0.0000000E+00  0.4157320E+04
FUELWOOD            0.0000000E+00  0.0000000E+00  0.0000000E+00  0.0000000E+00  0.0000000E+00  0.0000000E+00  0.0000000E+00  0.0000000E+00  0.0000000E+00  0.0000000E+00  0.6480480E+04  0.0000000E+00  0.0000000E+00  0.0000000E+00  0.6480480E+04
CROP_RESIDUE        0.0000000E+00  0.0000000E+00  0.0000000E+00  0.0000000E+00  0.0000000E+00  0.0000000E+00  0.0000000E+00  0.0000000E+00  0.0000000E+00  0.0000000E+00  0.8163120E+04  0.0000000E+00  0.0000000E+00  0.0000000E+00  0.8163120E+04
ANIMAL_WASTE        0.0000000E+00  0.0000000E+00  0.0000000E+00  0.0000000E+00  0.0000000E+00  0.0000000E+00  0.0000000E+00  0.0000000E+00  0.0000000E+00  0.0000000E+00  0.0000000E+00  0.0000000E+00  0.0000000E+00  0.0000000E+00  0.0000000E+00
OTHERS              0.0000000E+00  0.0000000E+00  0.0000000E+00  0.0000000E+00  0.0000000E+00  0.0000000E+00  0.0000000E+00  0.0000000E+00  0.0000000E+00  0.0000000E+00  0.1884480E+01  0.0000000E+00  0.0000000E+00  0.0000000E+00  0.1884480E+01
SUB_TOTAL           0.7303282E+06  0.1205496E+06  0.1861936E+06  0.6981628E+05  0.1432527E+05  0.2278091E+05  0.4902768E+05  0.5820008E+04  0.1406625E+05  0.9708106E+04  0.5951615E+05  0.2737816E+04  0.1157156E+05  0.7225306E+04  0.1303667E+07
  
Non-Combustion Sources [t/year]
  
Industry [t/year]
  
Sector
PIG_IRON            0.0000000E+00
CRUDE_STEEL         0.0000000E+00
IRON_STEEL_OTHERS   0.0000000E+00
ALUMINUM_ALUMINA    0.2396669E+03
COPPER              0.2410122E+05
ZINC                0.4882566E+05
LEAD                0.0000000E+00
CMENT               0.0000000E+00
BRICKS              0.0000000E+00
LIME                0.0000000E+00
COKE_OVENS          0.1811905E+05
OIL_REFINERY        0.1074778E+05
OTH_TRANSFORMATION  0.8684598E+04
SULPHRIC_ACID       0.1741905E+05
OTHERS              0.0000000E+00
SUB_TOTAL           0.1281370E+06
  
Total [t/year]
  
TOTAL               0.1431804E+07
