Year       : 2007
Country    : CHN
Sub-Region : SHAA
  
Combustion Sources [t/year]
  
Fuel Type           POWER_PLANTS   ENERGY         IRON_STEEL     CHEM_PETRCHEM  NON_FERR_MET   NON_MET_MINE   OTHERS         ROAD           DOM_NAVI       RAILWAY_ETC    RESIDENT       COMM_PUB       AGR_FORE_FISH  OTHERS         SUB_TOTAL    
HARD_COAL           0.5980579E+06  0.1876091E+06  0.3918440E+04  0.5354438E+05  0.1718066E+05  0.8434726E+04  0.2995187E+05  0.0000000E+00  0.0000000E+00  0.6594916E+04  0.9533488E+04  0.4048972E+05  0.4421150E+04  0.0000000E+00  0.9597363E+06
BROWN_COAL          0.0000000E+00  0.0000000E+00  0.0000000E+00  0.0000000E+00  0.0000000E+00  0.0000000E+00  0.0000000E+00  0.0000000E+00  0.0000000E+00  0.0000000E+00  0.0000000E+00  0.0000000E+00  0.0000000E+00  0.0000000E+00  0.0000000E+00
DERIVED_COAL        0.0000000E+00  0.9151434E+01  0.1604286E+05  0.4374995E+05  0.4603169E+04  0.1616753E+03  0.1494942E+04  0.0000000E+00  0.0000000E+00  0.0000000E+00  0.3375000E+04  0.0000000E+00  0.0000000E+00  0.0000000E+00  0.6943675E+05
NATURAL_GAS         0.1981861E+01  0.0000000E+00  0.0000000E+00  0.0000000E+00  0.0000000E+00  0.0000000E+00  0.1946503E+02  0.0000000E+00  0.0000000E+00  0.0000000E+00  0.1190047E+02  0.5117480E+01  0.0000000E+00  0.0000000E+00  0.3846484E+02
COKE_OVEN_GAS       0.1347216E+04  0.0000000E+00  0.0000000E+00  0.0000000E+00  0.0000000E+00  0.0000000E+00  0.0000000E+00  0.0000000E+00  0.0000000E+00  0.0000000E+00  0.0000000E+00  0.0000000E+00  0.0000000E+00  0.0000000E+00  0.1347216E+04
OTHER_GAS           0.1110680E+01  0.0000000E+00  0.0000000E+00  0.0000000E+00  0.0000000E+00  0.0000000E+00  0.1756076E+00  0.0000000E+00  0.0000000E+00  0.0000000E+00  0.3752348E+01  0.3929160E-01  0.1964580E-01  0.0000000E+00  0.5097573E+01
MOTOR_GASOLINE      0.0000000E+00  0.0000000E+00  0.0000000E+00  0.0000000E+00  0.0000000E+00  0.0000000E+00  0.0000000E+00  0.2813500E+04  0.0000000E+00  0.0000000E+00  0.0000000E+00  0.0000000E+00  0.5420000E+02  0.0000000E+00  0.2867700E+04
KEROSENE            0.0000000E+00  0.4754239E+01  0.2014508E+00  0.1396725E+01  0.4566218E+00  0.3088912E+00  0.3250073E+01  0.0000000E+00  0.0000000E+00  0.0000000E+00  0.0000000E+00  0.0000000E+00  0.0000000E+00  0.0000000E+00  0.1036800E+02
OTHER_LF            0.2990000E-01  0.1930675E+00  0.8180827E-02  0.5672041E-01  0.1854321E-01  0.1254394E-01  0.1319841E+00  0.0000000E+00  0.0000000E+00  0.0000000E+00  0.4982000E+01  0.3180000E-01  0.0000000E+00  0.0000000E+00  0.5464740E+01
DIESEL_OIL          0.3774701E+02  0.1135381E+04  0.2223124E+02  0.3112374E+02  0.6447061E+02  0.5875397E+02  0.1476948E+03  0.4753807E+04  0.2086559E+01  0.8325368E+03  0.1559794E+03  0.5615259E+03  0.8734847E+03  0.4897752E+02  0.8725800E+04
CRUDE_OIL           0.0000000E+00  0.1654812E+03  0.3580020E+01  0.8507809E+01  0.9981934E+01  0.8760518E+01  0.2522860E+02  0.0000000E+00  0.0000000E+00  0.0000000E+00  0.0000000E+00  0.0000000E+00  0.0000000E+00  0.0000000E+00  0.2215401E+03
HEAVY_FUEL_OIL      0.3000000E+01  0.2106422E+03  0.4557036E+01  0.1082966E+02  0.1270608E+02  0.1115133E+02  0.3211368E+02  0.0000000E+00  0.5400000E+02  0.0000000E+00  0.0000000E+00  0.0000000E+00  0.0000000E+00  0.0000000E+00  0.3390000E+03
OTHER_HF            0.0000000E+00  0.5376157E+03  0.1163079E+02  0.2764020E+02  0.3242934E+02  0.2846120E+02  0.8196279E+02  0.0000000E+00  0.0000000E+00  0.0000000E+00  0.0000000E+00  0.0000000E+00  0.0000000E+00  0.0000000E+00  0.7197400E+03
FUELWOOD            0.0000000E+00  0.0000000E+00  0.0000000E+00  0.0000000E+00  0.0000000E+00  0.0000000E+00  0.0000000E+00  0.0000000E+00  0.0000000E+00  0.0000000E+00  0.5810720E+04  0.0000000E+00  0.0000000E+00  0.0000000E+00  0.5810720E+04
CROP_RESIDUE        0.0000000E+00  0.0000000E+00  0.0000000E+00  0.0000000E+00  0.0000000E+00  0.0000000E+00  0.0000000E+00  0.0000000E+00  0.0000000E+00  0.0000000E+00  0.6826500E+04  0.0000000E+00  0.0000000E+00  0.0000000E+00  0.6826500E+04
ANIMAL_WASTE        0.0000000E+00  0.0000000E+00  0.0000000E+00  0.0000000E+00  0.0000000E+00  0.0000000E+00  0.0000000E+00  0.0000000E+00  0.0000000E+00  0.0000000E+00  0.0000000E+00  0.0000000E+00  0.0000000E+00  0.0000000E+00  0.0000000E+00
OTHERS              0.0000000E+00  0.0000000E+00  0.0000000E+00  0.0000000E+00  0.0000000E+00  0.0000000E+00  0.0000000E+00  0.0000000E+00  0.0000000E+00  0.0000000E+00  0.3273200E+01  0.0000000E+00  0.0000000E+00  0.0000000E+00  0.3273200E+01
SUB_TOTAL           0.5994490E+06  0.1896723E+06  0.2000351E+05  0.9737388E+05  0.2190389E+05  0.8703850E+04  0.3175683E+05  0.7567307E+04  0.5608656E+02  0.7427453E+04  0.2572560E+05  0.4105643E+05  0.5348854E+04  0.4897752E+02  0.1056094E+07
  
Non-Combustion Sources [t/year]
  
Industry [t/year]
  
Sector
PIG_IRON            0.0000000E+00
CRUDE_STEEL         0.0000000E+00
IRON_STEEL_OTHERS   0.0000000E+00
ALUMINUM_ALUMINA    0.3153510E+03
COPPER              0.0000000E+00
ZINC                0.4219452E+05
LEAD                0.0000000E+00
CMENT               0.0000000E+00
BRICKS              0.0000000E+00
LIME                0.0000000E+00
COKE_OVENS          0.3460423E+05
OIL_REFINERY        0.3055460E+04
OTH_TRANSFORMATION  0.3148291E+03
SULPHRIC_ACID       0.1612545E+05
OTHERS              0.0000000E+00
SUB_TOTAL           0.9660984E+05
  
Total [t/year]
  
TOTAL               0.1152704E+07
