Year       : 2007
Country    : CHN
Sub-Region : TIAN
  
Combustion Sources [t/year]
  
Fuel Type           POWER_PLANTS   ENERGY         IRON_STEEL     CHEM_PETRCHEM  NON_FERR_MET   NON_MET_MINE   OTHERS         ROAD           DOM_NAVI       RAILWAY_ETC    RESIDENT       COMM_PUB       AGR_FORE_FISH  OTHERS         SUB_TOTAL    
HARD_COAL           0.1797738E+06  0.2516919E+04  0.3446029E+05  0.1500282E+05  0.6585122E+03  0.2496834E+04  0.1850573E+05  0.0000000E+00  0.0000000E+00  0.1712050E+04  0.6674010E+04  0.3503237E+04  0.1511998E+04  0.4826013E+04  0.2716422E+06
BROWN_COAL          0.0000000E+00  0.0000000E+00  0.0000000E+00  0.0000000E+00  0.0000000E+00  0.0000000E+00  0.0000000E+00  0.0000000E+00  0.0000000E+00  0.0000000E+00  0.0000000E+00  0.0000000E+00  0.0000000E+00  0.0000000E+00  0.0000000E+00
DERIVED_COAL        0.0000000E+00  0.0000000E+00  0.2553530E+05  0.2105667E+03  0.1523838E+02  0.8311842E+01  0.8912114E+03  0.0000000E+00  0.0000000E+00  0.0000000E+00  0.0000000E+00  0.0000000E+00  0.0000000E+00  0.0000000E+00  0.2666063E+05
NATURAL_GAS         0.7071427E+00  0.1077806E+01  0.2389918E+01  0.1283995E+01  0.7497779E-01  0.6466838E+00  0.9653394E+00  0.0000000E+00  0.0000000E+00  0.0000000E+00  0.3219361E+01  0.2437781E+01  0.0000000E+00  0.6513156E-01  0.1286814E+02
COKE_OVEN_GAS       0.7111402E+03  0.9184613E+03  0.2036588E+04  0.1094167E+04  0.6389294E+02  0.5510768E+03  0.8226217E+03  0.0000000E+00  0.0000000E+00  0.0000000E+00  0.0000000E+00  0.0000000E+00  0.0000000E+00  0.0000000E+00  0.6197948E+04
OTHER_GAS           0.5703496E+00  0.1325322E+00  0.2938756E+00  0.1578861E+00  0.9219623E-02  0.7951929E-01  0.1187027E+00  0.0000000E+00  0.0000000E+00  0.0000000E+00  0.0000000E+00  0.0000000E+00  0.0000000E+00  0.0000000E+00  0.1362085E+01
MOTOR_GASOLINE      0.0000000E+00  0.0000000E+00  0.0000000E+00  0.0000000E+00  0.0000000E+00  0.0000000E+00  0.0000000E+00  0.1355800E+04  0.0000000E+00  0.0000000E+00  0.0000000E+00  0.0000000E+00  0.4570000E+02  0.0000000E+00  0.1401500E+04
KEROSENE            0.0000000E+00  0.8615009E+00  0.7254739E+00  0.9586624E+00  0.6477446E-01  0.2202332E+00  0.3185356E+01  0.0000000E+00  0.0000000E+00  0.0000000E+00  0.0000000E+00  0.1856000E+01  0.3840000E+00  0.1036800E+02  0.1862400E+02
OTHER_LF            0.0000000E+00  0.5643621E+00  0.4752521E+00  0.6280117E+00  0.4243322E-01  0.1442730E+00  0.2019808E+01  0.0000000E+00  0.0000000E+00  0.0000000E+00  0.8564800E+00  0.3487400E+00  0.0000000E+00  0.1855000E+00  0.5264860E+01
DIESEL_OIL          0.0000000E+00  0.1797359E+03  0.2766044E+02  0.2265197E+02  0.2959554E+01  0.2458706E+02  0.2807732E+03  0.2258417E+03  0.8073833E+03  0.1014281E+02  0.1632865E+03  0.8769296E+03  0.1796041E+03  0.9379817E+02  0.2895354E+04
CRUDE_OIL           0.0000000E+00  0.1242320E+04  0.0000000E+00  0.2120001E+01  0.0000000E+00  0.3816000E+02  0.0000000E+00  0.0000000E+00  0.0000000E+00  0.0000000E+00  0.0000000E+00  0.0000000E+00  0.0000000E+00  0.0000000E+00  0.1282600E+04
HEAVY_FUEL_OIL      0.1140026E+05  0.3336903E+04  0.1329360E+04  0.5479485E+04  0.1290350E+03  0.5191407E+03  0.4110748E+03  0.0000000E+00  0.1530000E+05  0.0000000E+00  0.0000000E+00  0.0000000E+00  0.0000000E+00  0.0000000E+00  0.3790526E+05
OTHER_HF            0.0000000E+00  0.4164662E+04  0.1659123E+04  0.6838734E+04  0.1610437E+03  0.6479195E+03  0.3975583E+03  0.0000000E+00  0.0000000E+00  0.0000000E+00  0.0000000E+00  0.0000000E+00  0.2120000E+02  0.0000000E+00  0.1389024E+05
FUELWOOD            0.0000000E+00  0.0000000E+00  0.0000000E+00  0.0000000E+00  0.0000000E+00  0.0000000E+00  0.0000000E+00  0.0000000E+00  0.0000000E+00  0.0000000E+00  0.1168000E+02  0.0000000E+00  0.0000000E+00  0.0000000E+00  0.1168000E+02
CROP_RESIDUE        0.0000000E+00  0.0000000E+00  0.0000000E+00  0.0000000E+00  0.0000000E+00  0.0000000E+00  0.0000000E+00  0.0000000E+00  0.0000000E+00  0.0000000E+00  0.1851120E+04  0.0000000E+00  0.0000000E+00  0.0000000E+00  0.1851120E+04
ANIMAL_WASTE        0.0000000E+00  0.0000000E+00  0.0000000E+00  0.0000000E+00  0.0000000E+00  0.0000000E+00  0.0000000E+00  0.0000000E+00  0.0000000E+00  0.0000000E+00  0.0000000E+00  0.0000000E+00  0.0000000E+00  0.0000000E+00  0.0000000E+00
OTHERS              0.0000000E+00  0.0000000E+00  0.0000000E+00  0.0000000E+00  0.0000000E+00  0.0000000E+00  0.0000000E+00  0.0000000E+00  0.0000000E+00  0.0000000E+00  0.1053600E+00  0.0000000E+00  0.0000000E+00  0.0000000E+00  0.1053600E+00
SUB_TOTAL           0.1918865E+06  0.1236164E+05  0.6505221E+05  0.2865357E+05  0.1030873E+04  0.4287121E+04  0.2131526E+05  0.1581642E+04  0.1610738E+05  0.1722193E+04  0.8704278E+04  0.4384809E+04  0.1758886E+04  0.4930430E+04  0.3637768E+06
  
Non-Combustion Sources [t/year]
  
Industry [t/year]
  
Sector
PIG_IRON            0.0000000E+00
CRUDE_STEEL         0.0000000E+00
IRON_STEEL_OTHERS   0.0000000E+00
ALUMINUM_ALUMINA    0.0000000E+00
COPPER              0.4820243E+05
ZINC                0.0000000E+00
LEAD                0.0000000E+00
CMENT               0.0000000E+00
BRICKS              0.0000000E+00
LIME                0.0000000E+00
COKE_OVENS          0.3315897E+04
OIL_REFINERY        0.3819280E+04
OTH_TRANSFORMATION  0.0000000E+00
SULPHRIC_ACID       0.7370879E+04
OTHERS              0.0000000E+00
SUB_TOTAL           0.6270849E+05
  
Total [t/year]
  
TOTAL               0.4264853E+06
