Year       : 2007
Country    : CHN
Sub-Region : JILI
  
Combustion Sources [t/year]
  
Fuel Type           POWER_PLANTS   ENERGY         IRON_STEEL     CHEM_PETRCHEM  NON_FERR_MET   NON_MET_MINE   OTHERS         ROAD           DOM_NAVI       RAILWAY_ETC    RESIDENT       COMM_PUB       AGR_FORE_FISH  OTHERS         SUB_TOTAL    
HARD_COAL           0.2218950E+06  0.3115648E+05  0.4325618E+04  0.1502332E+05  0.1322249E+04  0.9938459E+04  0.3987272E+05  0.0000000E+00  0.0000000E+00  0.5058115E+04  0.1182925E+05  0.7829268E+04  0.3463970E+04  0.1195569E+05  0.3636701E+06
BROWN_COAL          0.0000000E+00  0.0000000E+00  0.0000000E+00  0.0000000E+00  0.0000000E+00  0.0000000E+00  0.0000000E+00  0.0000000E+00  0.0000000E+00  0.0000000E+00  0.0000000E+00  0.0000000E+00  0.0000000E+00  0.0000000E+00  0.0000000E+00
DERIVED_COAL        0.0000000E+00  0.1849064E+02  0.1044623E+05  0.5547578E+02  0.1279083E+02  0.1333574E+04  0.6730210E+03  0.0000000E+00  0.0000000E+00  0.0000000E+00  0.5227500E+03  0.0000000E+00  0.0000000E+00  0.0000000E+00  0.1306233E+05
NATURAL_GAS         0.6234021E+00  0.3049136E+01  0.1253070E+00  0.3007368E+00  0.4176900E-01  0.2756753E+00  0.1194593E+01  0.0000000E+00  0.0000000E+00  0.0000000E+00  0.3628759E+00  0.4652254E-01  0.0000000E+00  0.0000000E+00  0.6020018E+01
COKE_OVEN_GAS       0.8736865E+03  0.0000000E+00  0.3467714E+04  0.3198378E+03  0.0000000E+00  0.1683357E+02  0.5611190E+01  0.0000000E+00  0.0000000E+00  0.0000000E+00  0.1938226E+04  0.1661337E+02  0.0000000E+00  0.0000000E+00  0.6638522E+04
OTHER_GAS           0.6799168E+00  0.2039473E+01  0.8381395E-01  0.2011535E+00  0.2793798E-01  0.1843907E+00  0.7990264E+00  0.0000000E+00  0.0000000E+00  0.0000000E+00  0.0000000E+00  0.0000000E+00  0.0000000E+00  0.0000000E+00  0.4015712E+01
MOTOR_GASOLINE      0.0000000E+00  0.0000000E+00  0.0000000E+00  0.0000000E+00  0.0000000E+00  0.0000000E+00  0.0000000E+00  0.1960900E+04  0.0000000E+00  0.0000000E+00  0.0000000E+00  0.0000000E+00  0.7830000E+02  0.0000000E+00  0.2039200E+04
KEROSENE            0.0000000E+00  0.1023999E+01  0.6400000E-01  0.4480001E+00  0.2560000E+00  0.7040000E+00  0.6848000E+01  0.0000000E+00  0.0000000E+00  0.0000000E+00  0.0000000E+00  0.0000000E+00  0.0000000E+00  0.0000000E+00  0.9343999E+01
OTHER_LF            0.0000000E+00  0.4046612E+00  0.0000000E+00  0.3420842E+01  0.0000000E+00  0.8074087E+00  0.1392084E+00  0.0000000E+00  0.0000000E+00  0.0000000E+00  0.4602520E+01  0.5512000E-01  0.0000000E+00  0.0000000E+00  0.9429760E+01
DIESEL_OIL          0.2679401E+01  0.1723403E+03  0.2998143E+02  0.3682426E+02  0.1022896E+02  0.3103960E+02  0.1679832E+03  0.9227344E+03  0.3369856E+00  0.1614835E+03  0.1790509E+03  0.2089263E+03  0.5637459E+03  0.2172324E+03  0.2704588E+04
CRUDE_OIL           0.0000000E+00  0.2428981E+04  0.0000000E+00  0.1064678E+05  0.0000000E+00  0.1228016E+03  0.2678333E+01  0.0000000E+00  0.0000000E+00  0.0000000E+00  0.0000000E+00  0.0000000E+00  0.0000000E+00  0.0000000E+00  0.1320124E+05
HEAVY_FUEL_OIL      0.2010000E+03  0.1241474E+03  0.6466011E+01  0.4572762E+04  0.0000000E+00  0.5172810E+01  0.2845044E+02  0.0000000E+00  0.0000000E+00  0.0000000E+00  0.0000000E+00  0.0000000E+00  0.0000000E+00  0.0000000E+00  0.4937999E+04
OTHER_HF            0.9116000E+02  0.4522142E+02  0.5872913E+00  0.5441252E+04  0.0000000E+00  0.5285620E+01  0.5872912E+01  0.0000000E+00  0.0000000E+00  0.0000000E+00  0.0000000E+00  0.0000000E+00  0.0000000E+00  0.0000000E+00  0.5589379E+04
FUELWOOD            0.0000000E+00  0.0000000E+00  0.0000000E+00  0.0000000E+00  0.0000000E+00  0.0000000E+00  0.0000000E+00  0.0000000E+00  0.0000000E+00  0.0000000E+00  0.2437280E+04  0.0000000E+00  0.0000000E+00  0.0000000E+00  0.2437280E+04
CROP_RESIDUE        0.0000000E+00  0.0000000E+00  0.0000000E+00  0.0000000E+00  0.0000000E+00  0.0000000E+00  0.0000000E+00  0.0000000E+00  0.0000000E+00  0.0000000E+00  0.7781580E+04  0.0000000E+00  0.0000000E+00  0.0000000E+00  0.7781580E+04
ANIMAL_WASTE        0.0000000E+00  0.0000000E+00  0.0000000E+00  0.0000000E+00  0.0000000E+00  0.0000000E+00  0.0000000E+00  0.0000000E+00  0.0000000E+00  0.0000000E+00  0.0000000E+00  0.0000000E+00  0.0000000E+00  0.0000000E+00  0.0000000E+00
OTHERS              0.0000000E+00  0.0000000E+00  0.0000000E+00  0.0000000E+00  0.0000000E+00  0.0000000E+00  0.0000000E+00  0.0000000E+00  0.0000000E+00  0.0000000E+00  0.3232800E+00  0.0000000E+00  0.0000000E+00  0.0000000E+00  0.3232800E+00
SUB_TOTAL           0.2230648E+06  0.3395218E+05  0.1827687E+05  0.3610062E+05  0.1345594E+04  0.1145514E+05  0.4076532E+05  0.2883634E+04  0.3369856E+00  0.5219599E+04  0.2469343E+05  0.8054909E+04  0.4106016E+04  0.1217292E+05  0.4220914E+06
  
Non-Combustion Sources [t/year]
  
Industry [t/year]
  
Sector
PIG_IRON            0.0000000E+00
CRUDE_STEEL         0.0000000E+00
IRON_STEEL_OTHERS   0.0000000E+00
ALUMINUM_ALUMINA    0.0000000E+00
COPPER              0.0000000E+00
ZINC                0.0000000E+00
LEAD                0.0000000E+00
CMENT               0.0000000E+00
BRICKS              0.0000000E+00
LIME                0.0000000E+00
COKE_OVENS          0.1537152E+04
OIL_REFINERY        0.1247267E+04
OTH_TRANSFORMATION  0.6805679E+03
SULPHRIC_ACID       0.3238950E+04
OTHERS              0.0000000E+00
SUB_TOTAL           0.6703937E+04
  
Total [t/year]
  
TOTAL               0.4287953E+06
