Year       : 2007
Country    : CHN
Sub-Region : HEIL
  
Combustion Sources [t/year]
  
Fuel Type           POWER_PLANTS   ENERGY         IRON_STEEL     CHEM_PETRCHEM  NON_FERR_MET   NON_MET_MINE   OTHERS         ROAD           DOM_NAVI       RAILWAY_ETC    RESIDENT       COMM_PUB       AGR_FORE_FISH  OTHERS         SUB_TOTAL    
HARD_COAL           0.1785929E+06  0.2847027E+05  0.1315522E+05  0.8940414E+04  0.3280465E+03  0.8906405E+04  0.2571924E+05  0.0000000E+00  0.0000000E+00  0.6127234E+04  0.5866795E+04  0.0000000E+00  0.1740676E+04  0.0000000E+00  0.2778472E+06
BROWN_COAL          0.0000000E+00  0.0000000E+00  0.0000000E+00  0.0000000E+00  0.0000000E+00  0.0000000E+00  0.0000000E+00  0.0000000E+00  0.0000000E+00  0.0000000E+00  0.0000000E+00  0.0000000E+00  0.0000000E+00  0.0000000E+00  0.0000000E+00
DERIVED_COAL        0.0000000E+00  0.1382873E+04  0.5330797E+04  0.1127391E+04  0.1438571E+03  0.3311656E+03  0.2952791E+03  0.0000000E+00  0.0000000E+00  0.0000000E+00  0.0000000E+00  0.0000000E+00  0.0000000E+00  0.0000000E+00  0.8611363E+04
NATURAL_GAS         0.4521990E+01  0.1463197E+02  0.0000000E+00  0.2157470E+01  0.0000000E+00  0.2388893E+00  0.2687506E+00  0.0000000E+00  0.0000000E+00  0.0000000E+00  0.0000000E+00  0.0000000E+00  0.0000000E+00  0.0000000E+00  0.2181907E+02
COKE_OVEN_GAS       0.6933617E+03  0.6736558E+03  0.7576070E+02  0.4095173E+01  0.0000000E+00  0.6142760E+01  0.1433310E+02  0.0000000E+00  0.0000000E+00  0.0000000E+00  0.0000000E+00  0.0000000E+00  0.0000000E+00  0.0000000E+00  0.1467349E+04
OTHER_GAS           0.0000000E+00  0.3775160E+00  0.5102607E+00  0.1534618E-02  0.6829052E-01  0.1051214E+00  0.6460741E+00  0.0000000E+00  0.0000000E+00  0.0000000E+00  0.0000000E+00  0.0000000E+00  0.0000000E+00  0.0000000E+00  0.1708797E+01
MOTOR_GASOLINE      0.0000000E+00  0.0000000E+00  0.0000000E+00  0.0000000E+00  0.0000000E+00  0.0000000E+00  0.0000000E+00  0.3760100E+04  0.0000000E+00  0.0000000E+00  0.0000000E+00  0.0000000E+00  0.0000000E+00  0.0000000E+00  0.3760100E+04
KEROSENE            0.0000000E+00  0.5512454E+01  0.1328302E+00  0.6641510E-01  0.1859622E+01  0.1992452E+00  0.1686943E+02  0.0000000E+00  0.0000000E+00  0.0000000E+00  0.0000000E+00  0.0000000E+00  0.0000000E+00  0.0000000E+00  0.2464000E+02
OTHER_LF            0.3932500E+01  0.1442596E+01  0.3997525E-01  0.2437541E+00  0.1683167E-01  0.4434993E-01  0.1297073E+01  0.0000000E+00  0.0000000E+00  0.0000000E+00  0.9825140E+01  0.0000000E+00  0.0000000E+00  0.0000000E+00  0.1684222E+02
DIESEL_OIL          0.3416236E+01  0.2751191E+03  0.6888103E+01  0.1134511E+02  0.2431095E+01  0.1045372E+02  0.4375973E+02  0.7369607E+03  0.4553588E+01  0.7570339E+02  0.4975647E+03  0.5682339E+03  0.1097013E+04  0.0000000E+00  0.3333442E+04
CRUDE_OIL           0.0000000E+00  0.2454493E+05  0.0000000E+00  0.4146431E+04  0.0000000E+00  0.0000000E+00  0.3902524E+01  0.0000000E+00  0.0000000E+00  0.0000000E+00  0.0000000E+00  0.0000000E+00  0.0000000E+00  0.0000000E+00  0.2869526E+05
HEAVY_FUEL_OIL      0.6444000E+04  0.4594796E+04  0.2548374E+03  0.1092712E+04  0.8880699E+02  0.3861171E+01  0.9459873E+03  0.0000000E+00  0.0000000E+00  0.0000000E+00  0.0000000E+00  0.0000000E+00  0.0000000E+00  0.0000000E+00  0.1342500E+05
OTHER_HF            0.3381400E+04  0.1639160E+05  0.7818078E+02  0.4363578E+02  0.0000000E+00  0.0000000E+00  0.3636315E+02  0.0000000E+00  0.0000000E+00  0.0000000E+00  0.0000000E+00  0.0000000E+00  0.0000000E+00  0.0000000E+00  0.1993118E+05
FUELWOOD            0.0000000E+00  0.0000000E+00  0.0000000E+00  0.0000000E+00  0.0000000E+00  0.0000000E+00  0.0000000E+00  0.0000000E+00  0.0000000E+00  0.0000000E+00  0.2779600E+04  0.0000000E+00  0.0000000E+00  0.0000000E+00  0.2779600E+04
CROP_RESIDUE        0.0000000E+00  0.0000000E+00  0.0000000E+00  0.0000000E+00  0.0000000E+00  0.0000000E+00  0.0000000E+00  0.0000000E+00  0.0000000E+00  0.0000000E+00  0.1423338E+05  0.0000000E+00  0.0000000E+00  0.0000000E+00  0.1423338E+05
ANIMAL_WASTE        0.0000000E+00  0.0000000E+00  0.0000000E+00  0.0000000E+00  0.0000000E+00  0.0000000E+00  0.0000000E+00  0.0000000E+00  0.0000000E+00  0.0000000E+00  0.0000000E+00  0.0000000E+00  0.0000000E+00  0.0000000E+00  0.0000000E+00
OTHERS              0.0000000E+00  0.0000000E+00  0.0000000E+00  0.0000000E+00  0.0000000E+00  0.0000000E+00  0.0000000E+00  0.0000000E+00  0.0000000E+00  0.0000000E+00  0.7375200E+00  0.0000000E+00  0.0000000E+00  0.0000000E+00  0.7375200E+00
SUB_TOTAL           0.1891235E+06  0.7635521E+05  0.1890237E+05  0.1536849E+05  0.5650864E+03  0.9258616E+04  0.2707795E+05  0.4497061E+04  0.4553588E+01  0.6202937E+04  0.2338790E+05  0.5682339E+03  0.2837689E+04  0.0000000E+00  0.3741496E+06
  
Non-Combustion Sources [t/year]
  
Industry [t/year]
  
Sector
PIG_IRON            0.0000000E+00
CRUDE_STEEL         0.0000000E+00
IRON_STEEL_OTHERS   0.0000000E+00
ALUMINUM_ALUMINA    0.0000000E+00
COPPER              0.0000000E+00
ZINC                0.0000000E+00
LEAD                0.0000000E+00
CMENT               0.0000000E+00
BRICKS              0.0000000E+00
LIME                0.0000000E+00
COKE_OVENS          0.3551708E+04
OIL_REFINERY        0.2932063E+04
OTH_TRANSFORMATION  0.1163857E+04
SULPHRIC_ACID       0.1696200E+04
OTHERS              0.0000000E+00
SUB_TOTAL           0.9343828E+04
  
Total [t/year]
  
TOTAL               0.3834935E+06
