Year       : 2007
Country    : CHN
Sub-Region : GANS
  
Combustion Sources [t/year]
  
Fuel Type           POWER_PLANTS   ENERGY         IRON_STEEL     CHEM_PETRCHEM  NON_FERR_MET   NON_MET_MINE   OTHERS         ROAD           DOM_NAVI       RAILWAY_ETC    RESIDENT       COMM_PUB       AGR_FORE_FISH  OTHERS         SUB_TOTAL    
HARD_COAL           0.1986743E+06  0.1334584E+05  0.3389977E+05  0.1359798E+05  0.7408351E+04  0.3886460E+04  0.1029748E+05  0.0000000E+00  0.0000000E+00  0.7227521E+04  0.3781242E+05  0.2436094E+04  0.4003668E+04  0.1641716E+04  0.3342316E+06
BROWN_COAL          0.0000000E+00  0.0000000E+00  0.0000000E+00  0.0000000E+00  0.0000000E+00  0.0000000E+00  0.0000000E+00  0.0000000E+00  0.0000000E+00  0.0000000E+00  0.0000000E+00  0.0000000E+00  0.0000000E+00  0.0000000E+00  0.0000000E+00
DERIVED_COAL        0.0000000E+00  0.0000000E+00  0.2124215E+05  0.3752398E+04  0.3434157E+04  0.1934780E+04  0.2659928E+03  0.0000000E+00  0.0000000E+00  0.0000000E+00  0.3750000E+04  0.0000000E+00  0.0000000E+00  0.0000000E+00  0.3437948E+05
NATURAL_GAS         0.5768795E+00  0.2465194E+01  0.4402131E-02  0.1192978E+01  0.1936938E+00  0.5018434E+00  0.1731839E+00  0.0000000E+00  0.0000000E+00  0.0000000E+00  0.6699246E+00  0.4187029E+00  0.0000000E+00  0.2140037E+00  0.6410806E+01
COKE_OVEN_GAS       0.2439042E+04  0.8198267E+04  0.1463977E+02  0.3967376E+04  0.6441496E+03  0.1668934E+04  0.4831124E+03  0.0000000E+00  0.0000000E+00  0.0000000E+00  0.5325548E+03  0.0000000E+00  0.0000000E+00  0.0000000E+00  0.1794808E+05
OTHER_GAS           0.5928634E-01  0.1577507E+00  0.2816976E-03  0.7634004E-01  0.1239469E-01  0.3211355E-01  0.9296023E-02  0.0000000E+00  0.0000000E+00  0.0000000E+00  0.2946870E-01  0.0000000E+00  0.0000000E+00  0.0000000E+00  0.3769317E+00
MOTOR_GASOLINE      0.0000000E+00  0.0000000E+00  0.0000000E+00  0.0000000E+00  0.0000000E+00  0.0000000E+00  0.0000000E+00  0.8435000E+03  0.0000000E+00  0.0000000E+00  0.0000000E+00  0.0000000E+00  0.3250000E+02  0.0000000E+00  0.8760000E+03
KEROSENE            0.0000000E+00  0.4340000E+00  0.1860000E+00  0.1240000E+00  0.5580000E+00  0.1240000E+00  0.6860000E+00  0.0000000E+00  0.0000000E+00  0.0000000E+00  0.6400000E-01  0.6400000E-01  0.6400000E-01  0.1280000E+00  0.2432000E+01
OTHER_LF            0.2297100E+01  0.2410680E+01  0.5254047E+00  0.7225018E+00  0.8078000E+00  0.3090616E+00  0.1258971E+01  0.7950000E-01  0.0000000E+00  0.0000000E+00  0.5289400E+00  0.2120000E-02  0.0000000E+00  0.0000000E+00  0.8942079E+01
DIESEL_OIL          0.9358764E+01  0.1115446E+03  0.4758410E+02  0.2719092E+02  0.9547722E+02  0.5036501E+02  0.3379256E+03  0.1773591E+04  0.3604129E+00  0.2740579E+03  0.9358765E+00  0.2339691E+02  0.7580599E+03  0.3431548E+02  0.3544164E+04
CRUDE_OIL           0.0000000E+00  0.6084400E+03  0.0000000E+00  0.0000000E+00  0.0000000E+00  0.0000000E+00  0.0000000E+00  0.0000000E+00  0.0000000E+00  0.0000000E+00  0.0000000E+00  0.0000000E+00  0.0000000E+00  0.0000000E+00  0.6084400E+03
HEAVY_FUEL_OIL      0.1455000E+04  0.8454537E+03  0.2213230E+01  0.3120654E+03  0.1648856E+04  0.2213230E+02  0.1327937E+02  0.0000000E+00  0.0000000E+00  0.0000000E+00  0.0000000E+00  0.0000000E+00  0.0000000E+00  0.0000000E+00  0.4299000E+04
OTHER_HF            0.0000000E+00  0.8530105E+03  0.2233012E+01  0.3148546E+03  0.1663594E+04  0.2233012E+02  0.7063807E+02  0.0000000E+00  0.1060000E+01  0.0000000E+00  0.0000000E+00  0.1060000E+01  0.0000000E+00  0.1060000E+01  0.2929840E+04
FUELWOOD            0.0000000E+00  0.0000000E+00  0.0000000E+00  0.0000000E+00  0.0000000E+00  0.0000000E+00  0.0000000E+00  0.0000000E+00  0.0000000E+00  0.0000000E+00  0.3001840E+04  0.0000000E+00  0.0000000E+00  0.0000000E+00  0.3001840E+04
CROP_RESIDUE        0.0000000E+00  0.0000000E+00  0.0000000E+00  0.0000000E+00  0.0000000E+00  0.0000000E+00  0.0000000E+00  0.0000000E+00  0.0000000E+00  0.0000000E+00  0.4103100E+04  0.0000000E+00  0.0000000E+00  0.0000000E+00  0.4103100E+04
ANIMAL_WASTE        0.0000000E+00  0.0000000E+00  0.0000000E+00  0.0000000E+00  0.0000000E+00  0.0000000E+00  0.0000000E+00  0.0000000E+00  0.0000000E+00  0.0000000E+00  0.0000000E+00  0.0000000E+00  0.0000000E+00  0.0000000E+00  0.0000000E+00
OTHERS              0.0000000E+00  0.0000000E+00  0.0000000E+00  0.0000000E+00  0.0000000E+00  0.0000000E+00  0.0000000E+00  0.0000000E+00  0.0000000E+00  0.0000000E+00  0.1807840E+01  0.0000000E+00  0.0000000E+00  0.0000000E+00  0.1807840E+01
SUB_TOTAL           0.2025806E+06  0.2396802E+05  0.5520931E+05  0.2197398E+05  0.1489616E+05  0.7585968E+04  0.1147056E+05  0.2617171E+04  0.1420413E+01  0.7501579E+04  0.4920395E+05  0.2461036E+04  0.4794292E+04  0.1677433E+04  0.4059415E+06
  
Non-Combustion Sources [t/year]
  
Industry [t/year]
  
Sector
PIG_IRON            0.0000000E+00
CRUDE_STEEL         0.0000000E+00
IRON_STEEL_OTHERS   0.0000000E+00
ALUMINUM_ALUMINA    0.7505346E+03
COPPER              0.6025300E+05
ZINC                0.3098660E+05
LEAD                0.0000000E+00
CMENT               0.0000000E+00
BRICKS              0.0000000E+00
LIME                0.0000000E+00
COKE_OVENS          0.4999485E+04
OIL_REFINERY        0.2713888E+04
OTH_TRANSFORMATION  0.9627340E+02
SULPHRIC_ACID       0.3058110E+05
OTHERS              0.0000000E+00
SUB_TOTAL           0.1303809E+06
  
Total [t/year]
  
TOTAL               0.5363224E+06
