Year       : 2007
Country    : CHN
Sub-Region : HAIN
  
Combustion Sources [t/year]
  
Fuel Type           POWER_PLANTS   ENERGY         IRON_STEEL     CHEM_PETRCHEM  NON_FERR_MET   NON_MET_MINE   OTHERS         ROAD           DOM_NAVI       RAILWAY_ETC    RESIDENT       COMM_PUB       AGR_FORE_FISH  OTHERS         SUB_TOTAL    
HARD_COAL           0.8821681E+05  0.2034600E+04  0.0000000E+00  0.0000000E+00  0.0000000E+00  0.7056396E+03  0.5294093E+04  0.0000000E+00  0.0000000E+00  0.0000000E+00  0.0000000E+00  0.0000000E+00  0.0000000E+00  0.0000000E+00  0.9625114E+05
BROWN_COAL          0.0000000E+00  0.0000000E+00  0.0000000E+00  0.0000000E+00  0.0000000E+00  0.0000000E+00  0.0000000E+00  0.0000000E+00  0.0000000E+00  0.0000000E+00  0.0000000E+00  0.0000000E+00  0.0000000E+00  0.0000000E+00  0.0000000E+00
DERIVED_COAL        0.0000000E+00  0.1869421E+03  0.0000000E+00  0.0000000E+00  0.0000000E+00  0.0000000E+00  0.1161079E+04  0.0000000E+00  0.0000000E+00  0.0000000E+00  0.1162500E+03  0.6600000E+02  0.0000000E+00  0.0000000E+00  0.1530271E+04
NATURAL_GAS         0.5694361E+01  0.0000000E+00  0.0000000E+00  0.0000000E+00  0.0000000E+00  0.0000000E+00  0.1558505E+02  0.0000000E+00  0.0000000E+00  0.0000000E+00  0.0000000E+00  0.2326127E+00  0.0000000E+00  0.0000000E+00  0.2151202E+02
COKE_OVEN_GAS       0.0000000E+00  0.0000000E+00  0.0000000E+00  0.0000000E+00  0.0000000E+00  0.0000000E+00  0.0000000E+00  0.0000000E+00  0.0000000E+00  0.0000000E+00  0.0000000E+00  0.0000000E+00  0.0000000E+00  0.0000000E+00  0.0000000E+00
OTHER_GAS           0.0000000E+00  0.0000000E+00  0.0000000E+00  0.0000000E+00  0.0000000E+00  0.0000000E+00  0.0000000E+00  0.0000000E+00  0.0000000E+00  0.0000000E+00  0.0000000E+00  0.0000000E+00  0.0000000E+00  0.0000000E+00  0.0000000E+00
MOTOR_GASOLINE      0.0000000E+00  0.0000000E+00  0.0000000E+00  0.0000000E+00  0.0000000E+00  0.0000000E+00  0.0000000E+00  0.4340000E+03  0.0000000E+00  0.0000000E+00  0.0000000E+00  0.0000000E+00  0.3200000E+02  0.0000000E+00  0.4660000E+03
KEROSENE            0.0000000E+00  0.0000000E+00  0.0000000E+00  0.0000000E+00  0.0000000E+00  0.0000000E+00  0.1280000E+00  0.0000000E+00  0.0000000E+00  0.0000000E+00  0.0000000E+00  0.0000000E+00  0.0000000E+00  0.0000000E+00  0.1280000E+00
OTHER_LF            0.2535000E+00  0.0000000E+00  0.0000000E+00  0.0000000E+00  0.0000000E+00  0.0000000E+00  0.2746280E+01  0.0000000E+00  0.0000000E+00  0.0000000E+00  0.6890000E+00  0.3710000E+00  0.0000000E+00  0.0000000E+00  0.4059780E+01
DIESEL_OIL          0.1746969E+02  0.0000000E+00  0.0000000E+00  0.0000000E+00  0.0000000E+00  0.0000000E+00  0.3244372E+03  0.4146795E+03  0.2707550E+03  0.8750968E+00  0.0000000E+00  0.5147322E+02  0.6894290E+03  0.7798970E+02  0.1847108E+04
CRUDE_OIL           0.0000000E+00  0.1583883E+02  0.0000000E+00  0.0000000E+00  0.0000000E+00  0.0000000E+00  0.3201812E+03  0.0000000E+00  0.0000000E+00  0.0000000E+00  0.0000000E+00  0.0000000E+00  0.0000000E+00  0.0000000E+00  0.3360200E+03
HEAVY_FUEL_OIL      0.4470000E+03  0.7692687E+02  0.0000000E+00  0.0000000E+00  0.0000000E+00  0.0000000E+00  0.1555073E+04  0.0000000E+00  0.3975000E+04  0.0000000E+00  0.0000000E+00  0.0000000E+00  0.0000000E+00  0.0000000E+00  0.6054000E+04
OTHER_HF            0.0000000E+00  0.1963115E+03  0.0000000E+00  0.0000000E+00  0.0000000E+00  0.0000000E+00  0.3968428E+04  0.0000000E+00  0.0000000E+00  0.0000000E+00  0.1060000E+02  0.0000000E+00  0.0000000E+00  0.0000000E+00  0.4175340E+04
FUELWOOD            0.0000000E+00  0.0000000E+00  0.0000000E+00  0.0000000E+00  0.0000000E+00  0.0000000E+00  0.0000000E+00  0.0000000E+00  0.0000000E+00  0.0000000E+00  0.1376000E+04  0.0000000E+00  0.0000000E+00  0.0000000E+00  0.1376000E+04
CROP_RESIDUE        0.0000000E+00  0.0000000E+00  0.0000000E+00  0.0000000E+00  0.0000000E+00  0.0000000E+00  0.0000000E+00  0.0000000E+00  0.0000000E+00  0.0000000E+00  0.4640400E+03  0.0000000E+00  0.0000000E+00  0.0000000E+00  0.4640400E+03
ANIMAL_WASTE        0.0000000E+00  0.0000000E+00  0.0000000E+00  0.0000000E+00  0.0000000E+00  0.0000000E+00  0.0000000E+00  0.0000000E+00  0.0000000E+00  0.0000000E+00  0.0000000E+00  0.0000000E+00  0.0000000E+00  0.0000000E+00  0.0000000E+00
OTHERS              0.0000000E+00  0.0000000E+00  0.0000000E+00  0.0000000E+00  0.0000000E+00  0.0000000E+00  0.0000000E+00  0.0000000E+00  0.0000000E+00  0.0000000E+00  0.2890080E+01  0.0000000E+00  0.0000000E+00  0.0000000E+00  0.2890080E+01
SUB_TOTAL           0.8868723E+05  0.2510619E+04  0.0000000E+00  0.0000000E+00  0.0000000E+00  0.7056396E+03  0.1264175E+05  0.8486795E+03  0.4245755E+04  0.8750968E+00  0.1970469E+04  0.1180768E+03  0.7214290E+03  0.7798970E+02  0.1125285E+06
  
Non-Combustion Sources [t/year]
  
Industry [t/year]
  
Sector
PIG_IRON            0.0000000E+00
CRUDE_STEEL         0.0000000E+00
IRON_STEEL_OTHERS   0.0000000E+00
ALUMINUM_ALUMINA    0.0000000E+00
COPPER              0.0000000E+00
ZINC                0.0000000E+00
LEAD                0.0000000E+00
CMENT               0.0000000E+00
BRICKS              0.0000000E+00
LIME                0.0000000E+00
COKE_OVENS          0.0000000E+00
OIL_REFINERY        0.1540195E+04
OTH_TRANSFORMATION  0.0000000E+00
SULPHRIC_ACID       0.8415000E+02
OTHERS              0.0000000E+00
SUB_TOTAL           0.1624345E+04
  
Total [t/year]
  
TOTAL               0.1141529E+06
