Year       : 2007
Country    : CHN
Sub-Region : XING
  
Combustion Sources [t/year]
  
Fuel Type           POWER_PLANTS   ENERGY         IRON_STEEL     CHEM_PETRCHEM  NON_FERR_MET   NON_MET_MINE   OTHERS         ROAD           DOM_NAVI       RAILWAY_ETC    RESIDENT       COMM_PUB       AGR_FORE_FISH  OTHERS         SUB_TOTAL    
HARD_COAL           0.2820558E+06  0.5812599E+05  0.2095348E+05  0.1218192E+05  0.3359498E+04  0.5283562E+04  0.2519284E+05  0.0000000E+00  0.0000000E+00  0.6993416E+04  0.2166687E+05  0.3763729E+04  0.1032991E+05  0.4068897E+04  0.4539759E+06
BROWN_COAL          0.0000000E+00  0.0000000E+00  0.0000000E+00  0.0000000E+00  0.0000000E+00  0.0000000E+00  0.0000000E+00  0.0000000E+00  0.0000000E+00  0.0000000E+00  0.0000000E+00  0.0000000E+00  0.0000000E+00  0.0000000E+00  0.0000000E+00
DERIVED_COAL        0.0000000E+00  0.7605780E+02  0.9600602E+04  0.7100314E+04  0.5736029E+03  0.4452552E+03  0.6575834E+03  0.0000000E+00  0.0000000E+00  0.0000000E+00  0.0000000E+00  0.0000000E+00  0.0000000E+00  0.0000000E+00  0.1845342E+05
NATURAL_GAS         0.1256109E+02  0.3708456E+02  0.2913164E-01  0.7559656E+01  0.0000000E+00  0.5826328E-01  0.5098034E-01  0.0000000E+00  0.0000000E+00  0.0000000E+00  0.2512217E+01  0.1042105E+01  0.0000000E+00  0.4838345E+00  0.6138184E+02
COKE_OVEN_GAS       0.3090638E+04  0.3295380E+04  0.2588672E+01  0.6717602E+03  0.0000000E+00  0.5177346E+01  0.4530176E+01  0.0000000E+00  0.0000000E+00  0.0000000E+00  0.1995955E+03  0.0000000E+00  0.0000000E+00  0.0000000E+00  0.7269670E+04
OTHER_GAS           0.2761693E+00  0.1336134E+01  0.1049595E-02  0.2723697E+00  0.0000000E+00  0.2099190E-02  0.1836790E-02  0.0000000E+00  0.0000000E+00  0.0000000E+00  0.0000000E+00  0.0000000E+00  0.0000000E+00  0.0000000E+00  0.1889659E+01
MOTOR_GASOLINE      0.0000000E+00  0.0000000E+00  0.0000000E+00  0.0000000E+00  0.0000000E+00  0.0000000E+00  0.0000000E+00  0.1129300E+04  0.0000000E+00  0.0000000E+00  0.0000000E+00  0.0000000E+00  0.1158000E+03  0.0000000E+00  0.1245100E+04
KEROSENE            0.0000000E+00  0.2194285E+00  0.7314285E-01  0.1462857E+00  0.0000000E+00  0.0000000E+00  0.7314285E-01  0.0000000E+00  0.0000000E+00  0.0000000E+00  0.2688000E+01  0.3072000E+01  0.3072000E+01  0.4480000E+01  0.1382400E+02
OTHER_LF            0.2407600E+01  0.4092099E+01  0.7000738E+00  0.8917609E+00  0.2000211E+00  0.3167001E+00  0.1316806E+01  0.2167682E+00  0.0000000E+00  0.0000000E+00  0.1540180E+01  0.4028000E+00  0.0000000E+00  0.2194200E+00  0.1230423E+02
DIESEL_OIL          0.1206345E+04  0.7149613E+03  0.2376281E+03  0.1258764E+03  0.1246301E+03  0.3061747E+03  0.5577684E+03  0.4574879E+04  0.0000000E+00  0.3521980E+03  0.1909188E+03  0.7175051E+03  0.1874872E+04  0.8204517E+03  0.1180421E+05
CRUDE_OIL           0.9540000E+01  0.8335840E+04  0.0000000E+00  0.0000000E+00  0.0000000E+00  0.0000000E+00  0.0000000E+00  0.0000000E+00  0.0000000E+00  0.0000000E+00  0.0000000E+00  0.0000000E+00  0.0000000E+00  0.0000000E+00  0.8345380E+04
HEAVY_FUEL_OIL      0.3900000E+02  0.6615131E+04  0.0000000E+00  0.0000000E+00  0.5967639E+01  0.0000000E+00  0.1790292E+02  0.0000000E+00  0.0000000E+00  0.0000000E+00  0.0000000E+00  0.0000000E+00  0.0000000E+00  0.0000000E+00  0.6678002E+04
OTHER_HF            0.0000000E+00  0.1931558E+05  0.0000000E+00  0.0000000E+00  0.1742497E+02  0.0000000E+00  0.5292749E+03  0.0000000E+00  0.9540000E+03  0.0000000E+00  0.1696000E+02  0.2120000E+02  0.0000000E+00  0.3180000E+02  0.2088624E+05
FUELWOOD            0.0000000E+00  0.0000000E+00  0.0000000E+00  0.0000000E+00  0.0000000E+00  0.0000000E+00  0.0000000E+00  0.0000000E+00  0.0000000E+00  0.0000000E+00  0.3182400E+04  0.0000000E+00  0.0000000E+00  0.0000000E+00  0.3182400E+04
CROP_RESIDUE        0.0000000E+00  0.0000000E+00  0.0000000E+00  0.0000000E+00  0.0000000E+00  0.0000000E+00  0.0000000E+00  0.0000000E+00  0.0000000E+00  0.0000000E+00  0.3261600E+04  0.0000000E+00  0.0000000E+00  0.0000000E+00  0.3261600E+04
ANIMAL_WASTE        0.0000000E+00  0.0000000E+00  0.0000000E+00  0.0000000E+00  0.0000000E+00  0.0000000E+00  0.0000000E+00  0.0000000E+00  0.0000000E+00  0.0000000E+00  0.0000000E+00  0.0000000E+00  0.0000000E+00  0.0000000E+00  0.0000000E+00
OTHERS              0.0000000E+00  0.0000000E+00  0.0000000E+00  0.0000000E+00  0.0000000E+00  0.0000000E+00  0.0000000E+00  0.0000000E+00  0.0000000E+00  0.0000000E+00  0.8764000E+00  0.0000000E+00  0.0000000E+00  0.0000000E+00  0.8764000E+00
SUB_TOTAL           0.2864166E+06  0.9652167E+05  0.3079510E+05  0.2008874E+05  0.4081324E+04  0.6040546E+04  0.2696134E+05  0.5704396E+04  0.9540000E+03  0.7345614E+04  0.2852596E+05  0.4506951E+04  0.1232365E+05  0.4926332E+04  0.5351922E+06
  
Non-Combustion Sources [t/year]
  
Industry [t/year]
  
Sector
PIG_IRON            0.0000000E+00
CRUDE_STEEL         0.0000000E+00
IRON_STEEL_OTHERS   0.0000000E+00
ALUMINUM_ALUMINA    0.0000000E+00
COPPER              0.0000000E+00
ZINC                0.0000000E+00
LEAD                0.0000000E+00
CMENT               0.0000000E+00
BRICKS              0.0000000E+00
LIME                0.0000000E+00
COKE_OVENS          0.5525121E+04
OIL_REFINERY        0.3231533E+04
OTH_TRANSFORMATION  0.0000000E+00
SULPHRIC_ACID       0.2710950E+04
OTHERS              0.0000000E+00
SUB_TOTAL           0.1146760E+05
  
Total [t/year]
  
TOTAL               0.5466598E+06
