Year       : 2007
Country    : CHN
Sub-Region : XING
  
Combustion Sources [t/year]
  
Fuel Type           POWER_PLANTS   ENERGY         IRON_STEEL     CHEM_PETRCHEM  NON_FERR_MET   NON_MET_MINE   OTHERS         ROAD_CARS      ROAD_BUSES     ROAD_L_TRUCKS  ROAD_H_TRUCKS  ROAD_MC        ROAD_OTHERS    DOM_NAVI       RAILWAY_ETC    RESIDENT       COMM_PUB       AGR_FORE_FISH  OTHERS         SUB_TOTAL    
HARD_COAL           0.4222102E+05  0.1517557E+05  0.5470546E+04  0.3180463E+04  0.8770997E+03  0.0000000E+00  0.6577363E+04  0.0000000E+00  0.0000000E+00  0.0000000E+00  0.0000000E+00  0.0000000E+00  0.0000000E+00  0.0000000E+00  0.3965500E+04  0.1878660E+05  0.1857400E+04  0.5097810E+04  0.2008000E+04  0.1052174E+06
BROWN_COAL          0.0000000E+00  0.0000000E+00  0.0000000E+00  0.0000000E+00  0.0000000E+00  0.0000000E+00  0.0000000E+00  0.0000000E+00  0.0000000E+00  0.0000000E+00  0.0000000E+00  0.0000000E+00  0.0000000E+00  0.0000000E+00  0.0000000E+00  0.0000000E+00  0.0000000E+00  0.0000000E+00  0.0000000E+00  0.0000000E+00
DERIVED_COAL        0.0000000E+00  0.0000000E+00  0.0000000E+00  0.0000000E+00  0.0000000E+00  0.0000000E+00  0.0000000E+00  0.0000000E+00  0.0000000E+00  0.0000000E+00  0.0000000E+00  0.0000000E+00  0.0000000E+00  0.0000000E+00  0.0000000E+00  0.0000000E+00  0.0000000E+00  0.0000000E+00  0.0000000E+00  0.0000000E+00
NATURAL_GAS         0.0000000E+00  0.0000000E+00  0.0000000E+00  0.0000000E+00  0.0000000E+00  0.0000000E+00  0.0000000E+00  0.0000000E+00  0.0000000E+00  0.0000000E+00  0.0000000E+00  0.0000000E+00  0.0000000E+00  0.0000000E+00  0.0000000E+00  0.0000000E+00  0.0000000E+00  0.0000000E+00  0.0000000E+00  0.0000000E+00
COKE_OVEN_GAS       0.0000000E+00  0.0000000E+00  0.0000000E+00  0.0000000E+00  0.0000000E+00  0.0000000E+00  0.0000000E+00  0.0000000E+00  0.0000000E+00  0.0000000E+00  0.0000000E+00  0.0000000E+00  0.0000000E+00  0.0000000E+00  0.0000000E+00  0.0000000E+00  0.0000000E+00  0.0000000E+00  0.0000000E+00  0.0000000E+00
OTHER_GAS           0.0000000E+00  0.0000000E+00  0.0000000E+00  0.0000000E+00  0.0000000E+00  0.0000000E+00  0.0000000E+00  0.0000000E+00  0.0000000E+00  0.0000000E+00  0.0000000E+00  0.0000000E+00  0.0000000E+00  0.0000000E+00  0.0000000E+00  0.0000000E+00  0.0000000E+00  0.0000000E+00  0.0000000E+00  0.0000000E+00
MOTOR_GASOLINE      0.0000000E+00  0.0000000E+00  0.0000000E+00  0.0000000E+00  0.0000000E+00  0.0000000E+00  0.0000000E+00  0.1440320E+03  0.1140058E+03  0.1835500E+03  0.1614093E+03  0.7369756E+03  0.0000000E+00  0.0000000E+00  0.0000000E+00  0.0000000E+00  0.0000000E+00  0.1042200E+03  0.0000000E+00  0.1444193E+04
KEROSENE            0.0000000E+00  0.3085714E+00  0.1028571E+00  0.2057143E+00  0.0000000E+00  0.0000000E+00  0.1028571E+00  0.0000000E+00  0.0000000E+00  0.0000000E+00  0.0000000E+00  0.0000000E+00  0.0000000E+00  0.0000000E+00  0.0000000E+00  0.3780000E+01  0.4320000E+01  0.4320000E+01  0.6300000E+01  0.1944000E+02
OTHER_LF            0.1666800E+03  0.3014425E+03  0.5157059E+02  0.6569114E+02  0.1473446E+02  0.2332956E+02  0.9700186E+02  0.0000000E+00  0.0000000E+00  0.0000000E+00  0.0000000E+00  0.0000000E+00  0.0000000E+00  0.0000000E+00  0.0000000E+00  0.1307700E+03  0.3420000E+02  0.0000000E+00  0.1863000E+02  0.9040501E+03
DIESEL_OIL          0.1295155E+03  0.9320815E+02  0.2551222E+02  0.1351434E+02  0.1338054E+02  0.3287152E+02  0.5988311E+02  0.0000000E+00  0.9220651E+03  0.4503362E+03  0.1826865E+04  0.0000000E+00  0.9062378E+03  0.0000000E+00  0.5401810E+02  0.2928202E+02  0.1100468E+03  0.2875571E+03  0.1258362E+03  0.5080130E+04
CRUDE_OIL           0.5355000E+00  0.6884933E+03  0.0000000E+00  0.0000000E+00  0.0000000E+00  0.0000000E+00  0.0000000E+00  0.0000000E+00  0.0000000E+00  0.0000000E+00  0.0000000E+00  0.0000000E+00  0.0000000E+00  0.0000000E+00  0.0000000E+00  0.0000000E+00  0.0000000E+00  0.0000000E+00  0.0000000E+00  0.6890288E+03
HEAVY_FUEL_OIL      0.7735000E+00  0.1930516E+03  0.0000000E+00  0.0000000E+00  0.1434223E+00  0.0000000E+00  0.4302668E+00  0.0000000E+00  0.0000000E+00  0.0000000E+00  0.0000000E+00  0.0000000E+00  0.0000000E+00  0.0000000E+00  0.0000000E+00  0.0000000E+00  0.0000000E+00  0.0000000E+00  0.0000000E+00  0.1943988E+03
OTHER_HF            0.0000000E+00  0.1595358E+04  0.0000000E+00  0.0000000E+00  0.1185227E+01  0.0000000E+00  0.3600068E+02  0.0000000E+00  0.0000000E+00  0.0000000E+00  0.0000000E+00  0.0000000E+00  0.0000000E+00  0.9270000E+02  0.0000000E+00  0.1200000E+01  0.1500000E+01  0.0000000E+00  0.2250000E+01  0.1730194E+04
FUELWOOD            0.0000000E+00  0.0000000E+00  0.0000000E+00  0.0000000E+00  0.0000000E+00  0.0000000E+00  0.0000000E+00  0.0000000E+00  0.0000000E+00  0.0000000E+00  0.0000000E+00  0.0000000E+00  0.0000000E+00  0.0000000E+00  0.0000000E+00  0.2291328E+05  0.0000000E+00  0.0000000E+00  0.0000000E+00  0.2291328E+05
CROP_RESIDUE        0.0000000E+00  0.0000000E+00  0.0000000E+00  0.0000000E+00  0.0000000E+00  0.0000000E+00  0.0000000E+00  0.0000000E+00  0.0000000E+00  0.0000000E+00  0.0000000E+00  0.0000000E+00  0.0000000E+00  0.0000000E+00  0.0000000E+00  0.3919356E+05  0.0000000E+00  0.0000000E+00  0.0000000E+00  0.3919356E+05
ANIMAL_WASTE        0.0000000E+00  0.0000000E+00  0.0000000E+00  0.0000000E+00  0.0000000E+00  0.0000000E+00  0.0000000E+00  0.0000000E+00  0.0000000E+00  0.0000000E+00  0.0000000E+00  0.0000000E+00  0.0000000E+00  0.0000000E+00  0.0000000E+00  0.0000000E+00  0.0000000E+00  0.0000000E+00  0.0000000E+00  0.0000000E+00
OTHERS              0.0000000E+00  0.0000000E+00  0.0000000E+00  0.0000000E+00  0.0000000E+00  0.0000000E+00  0.0000000E+00  0.0000000E+00  0.0000000E+00  0.0000000E+00  0.0000000E+00  0.0000000E+00  0.0000000E+00  0.0000000E+00  0.0000000E+00  0.0000000E+00  0.0000000E+00  0.0000000E+00  0.0000000E+00  0.0000000E+00
SUB_TOTAL           0.4251852E+05  0.1804743E+05  0.5547732E+04  0.3259874E+04  0.9065433E+03  0.5620108E+02  0.6770782E+04  0.1440320E+03  0.1036071E+04  0.6338862E+03  0.1988274E+04  0.7369756E+03  0.9062378E+03  0.9270000E+02  0.4019518E+04  0.8105847E+05  0.2007467E+04  0.5493907E+04  0.2161016E+04  0.1773856E+06
  
Non-Combustion Sources [t/year]
  
Industry [t/year]
  
Sector
PIG_IRON            0.1158897E+05
CRUDE_STEEL         0.3002085E+04
IRON_STEEL_OTHERS   0.1940011E+04
ALUMINUM_ALUMINA    0.0000000E+00
COPPER              0.0000000E+00
ZINC                0.0000000E+00
LEAD                0.0000000E+00
CMENT               0.3573247E+05
BRICKS              0.9454467E+04
LIME                0.4994707E+04
COKE_OVENS          0.1646004E+05
OIL_REFINERY        0.7834502E+03
OTH_TRANSFORMATION  0.0000000E+00
SULPHRIC_ACID       0.0000000E+00
OTHERS              0.1606982E+02
SUB_TOTAL           0.8397227E+05
  
Total [t/year]
  
TOTAL               0.2613579E+06
