Year       : 2007
Country    : CHN
Sub-Region : LIAO
  
Combustion Sources [t/year]
  
Fuel Type           POWER_PLANTS   ENERGY         IRON_STEEL     CHEM_PETRCHEM  NON_FERR_MET   NON_MET_MINE   OTHERS         ROAD_CARS      ROAD_BUSES     ROAD_L_TRUCKS  ROAD_H_TRUCKS  ROAD_MC        ROAD_OTHERS    DOM_NAVI       RAILWAY_ETC    RESIDENT       COMM_PUB       AGR_FORE_FISH  OTHERS         SUB_TOTAL    
HARD_COAL           0.1210821E+06  0.2020990E+05  0.3782741E+05  0.9811474E+04  0.2862548E+04  0.0000000E+00  0.1049003E+05  0.0000000E+00  0.0000000E+00  0.0000000E+00  0.0000000E+00  0.0000000E+00  0.0000000E+00  0.0000000E+00  0.6109754E+04  0.4467419E+05  0.1527084E+04  0.6124902E+04  0.2608894E+04  0.2633283E+06
BROWN_COAL          0.0000000E+00  0.0000000E+00  0.0000000E+00  0.0000000E+00  0.0000000E+00  0.0000000E+00  0.0000000E+00  0.0000000E+00  0.0000000E+00  0.0000000E+00  0.0000000E+00  0.0000000E+00  0.0000000E+00  0.0000000E+00  0.0000000E+00  0.0000000E+00  0.0000000E+00  0.0000000E+00  0.0000000E+00  0.0000000E+00
DERIVED_COAL        0.0000000E+00  0.0000000E+00  0.0000000E+00  0.0000000E+00  0.0000000E+00  0.0000000E+00  0.0000000E+00  0.0000000E+00  0.0000000E+00  0.0000000E+00  0.0000000E+00  0.0000000E+00  0.0000000E+00  0.0000000E+00  0.0000000E+00  0.0000000E+00  0.0000000E+00  0.0000000E+00  0.0000000E+00  0.0000000E+00
NATURAL_GAS         0.0000000E+00  0.0000000E+00  0.0000000E+00  0.0000000E+00  0.0000000E+00  0.0000000E+00  0.0000000E+00  0.0000000E+00  0.0000000E+00  0.0000000E+00  0.0000000E+00  0.0000000E+00  0.0000000E+00  0.0000000E+00  0.0000000E+00  0.0000000E+00  0.0000000E+00  0.0000000E+00  0.0000000E+00  0.0000000E+00
COKE_OVEN_GAS       0.0000000E+00  0.0000000E+00  0.0000000E+00  0.0000000E+00  0.0000000E+00  0.0000000E+00  0.0000000E+00  0.0000000E+00  0.0000000E+00  0.0000000E+00  0.0000000E+00  0.0000000E+00  0.0000000E+00  0.0000000E+00  0.0000000E+00  0.0000000E+00  0.0000000E+00  0.0000000E+00  0.0000000E+00  0.0000000E+00
OTHER_GAS           0.0000000E+00  0.0000000E+00  0.0000000E+00  0.0000000E+00  0.0000000E+00  0.0000000E+00  0.0000000E+00  0.0000000E+00  0.0000000E+00  0.0000000E+00  0.0000000E+00  0.0000000E+00  0.0000000E+00  0.0000000E+00  0.0000000E+00  0.0000000E+00  0.0000000E+00  0.0000000E+00  0.0000000E+00  0.0000000E+00
MOTOR_GASOLINE      0.0000000E+00  0.0000000E+00  0.0000000E+00  0.0000000E+00  0.0000000E+00  0.0000000E+00  0.0000000E+00  0.3562134E+03  0.3306131E+03  0.3862071E+03  0.2610707E+03  0.1551647E+04  0.0000000E+00  0.0000000E+00  0.0000000E+00  0.0000000E+00  0.0000000E+00  0.3614400E+03  0.0000000E+00  0.3247191E+04
KEROSENE            0.0000000E+00  0.2813023E+01  0.1054884E+01  0.6768839E+01  0.9669771E+00  0.3867907E+01  0.3366837E+02  0.0000000E+00  0.0000000E+00  0.0000000E+00  0.0000000E+00  0.0000000E+00  0.0000000E+00  0.0000000E+00  0.0000000E+00  0.0000000E+00  0.0000000E+00  0.0000000E+00  0.0000000E+00  0.4914000E+02
OTHER_LF            0.3828600E+03  0.9171073E+02  0.3035654E+03  0.1220951E+03  0.7944547E+02  0.1112237E+03  0.6549196E+03  0.0000000E+00  0.0000000E+00  0.0000000E+00  0.0000000E+00  0.0000000E+00  0.0000000E+00  0.0000000E+00  0.0000000E+00  0.5832900E+03  0.2327400E+03  0.0000000E+00  0.2889000E+02  0.2590740E+04
DIESEL_OIL          0.3717669E+01  0.9912374E+02  0.1278767E+03  0.1992576E+02  0.1877554E+02  0.4587321E+02  0.1589372E+03  0.0000000E+00  0.2508553E+04  0.8889364E+03  0.2772071E+04  0.0000000E+00  0.7138128E+03  0.8421750E+03  0.2335874E+03  0.0000000E+00  0.2870787E+02  0.2620550E+03  0.6746350E+01  0.8730875E+04
CRUDE_OIL           0.4998000E+01  0.9157888E+03  0.0000000E+00  0.8738953E+02  0.0000000E+00  0.1178900E+00  0.8626087E-02  0.0000000E+00  0.0000000E+00  0.0000000E+00  0.0000000E+00  0.0000000E+00  0.0000000E+00  0.0000000E+00  0.0000000E+00  0.0000000E+00  0.0000000E+00  0.0000000E+00  0.8250000E+02  0.1090803E+04
HEAVY_FUEL_OIL      0.2994040E+03  0.6360724E+03  0.2108161E+02  0.1424157E+03  0.2113265E+02  0.1410374E+03  0.4267365E+02  0.0000000E+00  0.0000000E+00  0.0000000E+00  0.0000000E+00  0.0000000E+00  0.0000000E+00  0.4399130E+03  0.0000000E+00  0.0000000E+00  0.0000000E+00  0.0000000E+00  0.3615000E+02  0.1779880E+04
OTHER_HF            0.5950000E-01  0.1979566E+03  0.6560957E+01  0.4432218E+02  0.6576842E+01  0.4389325E+02  0.1328077E+02  0.0000000E+00  0.0000000E+00  0.0000000E+00  0.0000000E+00  0.0000000E+00  0.0000000E+00  0.7210000E+01  0.0000000E+00  0.0000000E+00  0.0000000E+00  0.0000000E+00  0.0000000E+00  0.3198601E+03
FUELWOOD            0.0000000E+00  0.0000000E+00  0.0000000E+00  0.0000000E+00  0.0000000E+00  0.0000000E+00  0.0000000E+00  0.0000000E+00  0.0000000E+00  0.0000000E+00  0.0000000E+00  0.0000000E+00  0.0000000E+00  0.0000000E+00  0.0000000E+00  0.4665946E+05  0.0000000E+00  0.0000000E+00  0.0000000E+00  0.4665946E+05
CROP_RESIDUE        0.0000000E+00  0.0000000E+00  0.0000000E+00  0.0000000E+00  0.0000000E+00  0.0000000E+00  0.0000000E+00  0.0000000E+00  0.0000000E+00  0.0000000E+00  0.0000000E+00  0.0000000E+00  0.0000000E+00  0.0000000E+00  0.0000000E+00  0.9809349E+05  0.0000000E+00  0.0000000E+00  0.0000000E+00  0.9809349E+05
ANIMAL_WASTE        0.0000000E+00  0.0000000E+00  0.0000000E+00  0.0000000E+00  0.0000000E+00  0.0000000E+00  0.0000000E+00  0.0000000E+00  0.0000000E+00  0.0000000E+00  0.0000000E+00  0.0000000E+00  0.0000000E+00  0.0000000E+00  0.0000000E+00  0.0000000E+00  0.0000000E+00  0.0000000E+00  0.0000000E+00  0.0000000E+00
OTHERS              0.0000000E+00  0.0000000E+00  0.0000000E+00  0.0000000E+00  0.0000000E+00  0.0000000E+00  0.0000000E+00  0.0000000E+00  0.0000000E+00  0.0000000E+00  0.0000000E+00  0.0000000E+00  0.0000000E+00  0.0000000E+00  0.0000000E+00  0.0000000E+00  0.0000000E+00  0.0000000E+00  0.0000000E+00  0.0000000E+00
SUB_TOTAL           0.1217731E+06  0.2215337E+05  0.3828755E+05  0.1023439E+05  0.2989445E+04  0.3460134E+03  0.1139352E+05  0.3562134E+03  0.2839166E+04  0.1275144E+04  0.3033142E+04  0.1551647E+04  0.7138128E+03  0.1289298E+04  0.6343341E+04  0.1900104E+06  0.1788532E+04  0.6748397E+04  0.2763180E+04  0.4258897E+06
  
Non-Combustion Sources [t/year]
  
Industry [t/year]
  
Sector
PIG_IRON            0.1200125E+06
CRUDE_STEEL         0.2781569E+05
IRON_STEEL_OTHERS   0.3039132E+05
ALUMINUM_ALUMINA    0.1731256E+04
COPPER              0.1860791E+05
ZINC                0.7539396E+05
LEAD                0.0000000E+00
CMENT               0.9404146E+05
BRICKS              0.2954492E+05
LIME                0.4892112E+05
COKE_OVENS          0.6796582E+05
OIL_REFINERY        0.2605684E+04
OTH_TRANSFORMATION  0.6391570E+03
SULPHRIC_ACID       0.0000000E+00
OTHERS              0.2112872E+03
SUB_TOTAL           0.5178821E+06
  
Total [t/year]
  
TOTAL               0.9437718E+06
