Year       : 2007
Country    : CHN
Sub-Region : WHOL
  
Combustion Sources [t/year]
  
Fuel Type           POWER_PLANTS   ENERGY         IRON_STEEL     CHEM_PETRCHEM  NON_FERR_MET   NON_MET_MINE   OTHERS         ROAD_CARS      ROAD_BUSES     ROAD_L_TRUCKS  ROAD_H_TRUCKS  ROAD_MC        ROAD_OTHERS    DOM_NAVI       RAILWAY_ETC    RESIDENT       COMM_PUB       AGR_FORE_FISH  OTHERS         SUB_TOTAL    
HARD_COAL           0.2681549E+07  0.5211617E+06  0.1724460E+06  0.2160053E+06  0.4946175E+05  0.0000000E+00  0.7924705E+06  0.0000000E+00  0.0000000E+00  0.0000000E+00  0.0000000E+00  0.0000000E+00  0.0000000E+00  0.0000000E+00  0.8271023E+05  0.8389558E+06  0.9758827E+05  0.1213046E+06  0.8683012E+05  0.5660483E+07
BROWN_COAL          0.0000000E+00  0.0000000E+00  0.0000000E+00  0.0000000E+00  0.0000000E+00  0.0000000E+00  0.0000000E+00  0.0000000E+00  0.0000000E+00  0.0000000E+00  0.0000000E+00  0.0000000E+00  0.0000000E+00  0.0000000E+00  0.0000000E+00  0.0000000E+00  0.0000000E+00  0.0000000E+00  0.0000000E+00  0.0000000E+00
DERIVED_COAL        0.0000000E+00  0.0000000E+00  0.0000000E+00  0.0000000E+00  0.0000000E+00  0.0000000E+00  0.0000000E+00  0.0000000E+00  0.0000000E+00  0.0000000E+00  0.0000000E+00  0.0000000E+00  0.0000000E+00  0.0000000E+00  0.0000000E+00  0.0000000E+00  0.0000000E+00  0.0000000E+00  0.0000000E+00  0.0000000E+00
NATURAL_GAS         0.0000000E+00  0.0000000E+00  0.0000000E+00  0.0000000E+00  0.0000000E+00  0.0000000E+00  0.0000000E+00  0.0000000E+00  0.0000000E+00  0.0000000E+00  0.0000000E+00  0.0000000E+00  0.0000000E+00  0.0000000E+00  0.0000000E+00  0.0000000E+00  0.0000000E+00  0.0000000E+00  0.0000000E+00  0.0000000E+00
COKE_OVEN_GAS       0.0000000E+00  0.0000000E+00  0.0000000E+00  0.0000000E+00  0.0000000E+00  0.0000000E+00  0.0000000E+00  0.0000000E+00  0.0000000E+00  0.0000000E+00  0.0000000E+00  0.0000000E+00  0.0000000E+00  0.0000000E+00  0.0000000E+00  0.0000000E+00  0.0000000E+00  0.0000000E+00  0.0000000E+00  0.0000000E+00
OTHER_GAS           0.0000000E+00  0.0000000E+00  0.0000000E+00  0.0000000E+00  0.0000000E+00  0.0000000E+00  0.0000000E+00  0.0000000E+00  0.0000000E+00  0.0000000E+00  0.0000000E+00  0.0000000E+00  0.0000000E+00  0.0000000E+00  0.0000000E+00  0.0000000E+00  0.0000000E+00  0.0000000E+00  0.0000000E+00  0.0000000E+00
MOTOR_GASOLINE      0.0000000E+00  0.0000000E+00  0.0000000E+00  0.0000000E+00  0.0000000E+00  0.0000000E+00  0.0000000E+00  0.1122776E+05  0.6459107E+04  0.1038898E+05  0.8240076E+04  0.1601752E+06  0.0000000E+00  0.0000000E+00  0.0000000E+00  0.0000000E+00  0.0000000E+00  0.2609550E+04  0.0000000E+00  0.1991006E+06
KEROSENE            0.2919925E-01  0.5328659E+02  0.2083632E+02  0.5368646E+02  0.2456495E+02  0.2633672E+02  0.4333272E+03  0.0000000E+00  0.0000000E+00  0.0000000E+00  0.0000000E+00  0.0000000E+00  0.0000000E+00  0.0000000E+00  0.0000000E+00  0.1240429E+03  0.5697000E+02  0.8460000E+01  0.4167014E+02  0.8432104E+03
OTHER_LF            0.1584630E+04  0.1154356E+04  0.5737186E+03  0.8431646E+03  0.2367682E+03  0.3784610E+03  0.8528912E+04  0.0000000E+00  0.0000000E+00  0.0000000E+00  0.0000000E+00  0.0000000E+00  0.0000000E+00  0.0000000E+00  0.0000000E+00  0.1385095E+05  0.1893434E+04  0.5815817E+02  0.3402000E+03  0.2944275E+05
DIESEL_OIL          0.3785563E+03  0.1301827E+04  0.5270969E+03  0.2609799E+03  0.2455802E+03  0.5210760E+03  0.6854620E+04  0.8262819E+03  0.4261256E+05  0.2110244E+05  0.7904662E+05  0.0000000E+00  0.4372058E+05  0.6306931E+04  0.2988591E+04  0.1292715E+04  0.3439346E+04  0.8920586E+04  0.2090363E+04  0.2224367E+06
CRUDE_OIL           0.9823450E+02  0.4409893E+04  0.1083919E+02  0.1112541E+04  0.4323848E+01  0.2005925E+02  0.1504508E+04  0.0000000E+00  0.0000000E+00  0.0000000E+00  0.0000000E+00  0.0000000E+00  0.0000000E+00  0.0000000E+00  0.0000000E+00  0.0000000E+00  0.0000000E+00  0.0000000E+00  0.8250000E+02  0.7242899E+04
HEAVY_FUEL_OIL      0.4664548E+04  0.2099741E+04  0.2811007E+03  0.6651802E+03  0.3277361E+03  0.9026047E+03  0.1038096E+05  0.0000000E+00  0.0000000E+00  0.0000000E+00  0.0000000E+00  0.0000000E+00  0.0000000E+00  0.1302641E+05  0.0000000E+00  0.0000000E+00  0.1858500E+03  0.6795000E+02  0.5842500E+02  0.3266051E+05
OTHER_HF            0.1146922E+04  0.5461625E+04  0.4935268E+03  0.1612762E+04  0.6520676E+03  0.8285694E+03  0.1715063E+05  0.0000000E+00  0.0000000E+00  0.0000000E+00  0.0000000E+00  0.0000000E+00  0.0000000E+00  0.5035670E+03  0.0000000E+00  0.1554750E+03  0.9000000E+02  0.1518000E+03  0.2242500E+03  0.2847120E+05
FUELWOOD            0.0000000E+00  0.0000000E+00  0.0000000E+00  0.0000000E+00  0.0000000E+00  0.0000000E+00  0.0000000E+00  0.0000000E+00  0.0000000E+00  0.0000000E+00  0.0000000E+00  0.0000000E+00  0.0000000E+00  0.0000000E+00  0.0000000E+00  0.1045797E+07  0.0000000E+00  0.0000000E+00  0.8486709E+00  0.1045798E+07
CROP_RESIDUE        0.0000000E+00  0.0000000E+00  0.0000000E+00  0.0000000E+00  0.0000000E+00  0.0000000E+00  0.0000000E+00  0.0000000E+00  0.0000000E+00  0.0000000E+00  0.0000000E+00  0.0000000E+00  0.0000000E+00  0.0000000E+00  0.0000000E+00  0.2449643E+07  0.0000000E+00  0.0000000E+00  0.0000000E+00  0.2449643E+07
ANIMAL_WASTE        0.0000000E+00  0.0000000E+00  0.0000000E+00  0.0000000E+00  0.0000000E+00  0.0000000E+00  0.0000000E+00  0.0000000E+00  0.0000000E+00  0.0000000E+00  0.0000000E+00  0.0000000E+00  0.0000000E+00  0.0000000E+00  0.0000000E+00  0.0000000E+00  0.0000000E+00  0.0000000E+00  0.0000000E+00  0.0000000E+00
OTHERS              0.0000000E+00  0.0000000E+00  0.0000000E+00  0.0000000E+00  0.0000000E+00  0.0000000E+00  0.0000000E+00  0.0000000E+00  0.0000000E+00  0.0000000E+00  0.0000000E+00  0.0000000E+00  0.0000000E+00  0.0000000E+00  0.0000000E+00  0.0000000E+00  0.0000000E+00  0.0000000E+00  0.0000000E+00  0.0000000E+00
SUB_TOTAL           0.2689422E+07  0.5356425E+06  0.1743532E+06  0.2205536E+06  0.5095280E+05  0.2677107E+04  0.8373235E+06  0.1205404E+05  0.4907166E+05  0.3149142E+05  0.8728670E+05  0.1601752E+06  0.4372058E+05  0.1983691E+05  0.8569882E+05  0.4349819E+07  0.1032539E+06  0.1331211E+06  0.8966838E+05  0.9676122E+07
  
Non-Combustion Sources [t/year]
  
Industry [t/year]
  
Sector
PIG_IRON            0.1409407E+07
CRUDE_STEEL         0.3206261E+06
IRON_STEEL_OTHERS   0.2793799E+06
ALUMINUM_ALUMINA    0.8297139E+05
COPPER              0.6903533E+06
ZINC                0.7172004E+06
LEAD                0.5350239E+06
CMENT               0.3287955E+07
BRICKS              0.8576801E+06
LIME                0.2040000E+07
COKE_OVENS          0.1355796E+07
OIL_REFINERY        0.1565428E+05
OTH_TRANSFORMATION  0.7686040E+05
SULPHRIC_ACID       0.0000000E+00
OTHERS              0.5713891E+04
SUB_TOTAL           0.1167462E+08
  
Total [t/year]
  
TOTAL               0.2135074E+08
