Year       : 2007
Country    : CHN
Sub-Region : CHON
  
Combustion Sources [t/year]
  
Fuel Type           POWER_PLANTS   ENERGY         IRON_STEEL     CHEM_PETRCHEM  NON_FERR_MET   NON_MET_MINE   OTHERS         ROAD_CARS      ROAD_BUSES     ROAD_L_TRUCKS  ROAD_H_TRUCKS  ROAD_MC        ROAD_OTHERS    DOM_NAVI       RAILWAY_ETC    RESIDENT       COMM_PUB       AGR_FORE_FISH  OTHERS         SUB_TOTAL    
HARD_COAL           0.3086948E+05  0.1936184E+05  0.1644352E+04  0.4187127E+04  0.6499723E+03  0.0000000E+00  0.3117193E+04  0.0000000E+00  0.0000000E+00  0.0000000E+00  0.0000000E+00  0.0000000E+00  0.0000000E+00  0.0000000E+00  0.1581153E+04  0.1323000E+05  0.5521600E+02  0.1141440E+05  0.4872000E+02  0.8615945E+05
BROWN_COAL          0.0000000E+00  0.0000000E+00  0.0000000E+00  0.0000000E+00  0.0000000E+00  0.0000000E+00  0.0000000E+00  0.0000000E+00  0.0000000E+00  0.0000000E+00  0.0000000E+00  0.0000000E+00  0.0000000E+00  0.0000000E+00  0.0000000E+00  0.0000000E+00  0.0000000E+00  0.0000000E+00  0.0000000E+00  0.0000000E+00
DERIVED_COAL        0.0000000E+00  0.0000000E+00  0.0000000E+00  0.0000000E+00  0.0000000E+00  0.0000000E+00  0.0000000E+00  0.0000000E+00  0.0000000E+00  0.0000000E+00  0.0000000E+00  0.0000000E+00  0.0000000E+00  0.0000000E+00  0.0000000E+00  0.0000000E+00  0.0000000E+00  0.0000000E+00  0.0000000E+00  0.0000000E+00
NATURAL_GAS         0.0000000E+00  0.0000000E+00  0.0000000E+00  0.0000000E+00  0.0000000E+00  0.0000000E+00  0.0000000E+00  0.0000000E+00  0.0000000E+00  0.0000000E+00  0.0000000E+00  0.0000000E+00  0.0000000E+00  0.0000000E+00  0.0000000E+00  0.0000000E+00  0.0000000E+00  0.0000000E+00  0.0000000E+00  0.0000000E+00
COKE_OVEN_GAS       0.0000000E+00  0.0000000E+00  0.0000000E+00  0.0000000E+00  0.0000000E+00  0.0000000E+00  0.0000000E+00  0.0000000E+00  0.0000000E+00  0.0000000E+00  0.0000000E+00  0.0000000E+00  0.0000000E+00  0.0000000E+00  0.0000000E+00  0.0000000E+00  0.0000000E+00  0.0000000E+00  0.0000000E+00  0.0000000E+00
OTHER_GAS           0.0000000E+00  0.0000000E+00  0.0000000E+00  0.0000000E+00  0.0000000E+00  0.0000000E+00  0.0000000E+00  0.0000000E+00  0.0000000E+00  0.0000000E+00  0.0000000E+00  0.0000000E+00  0.0000000E+00  0.0000000E+00  0.0000000E+00  0.0000000E+00  0.0000000E+00  0.0000000E+00  0.0000000E+00  0.0000000E+00
MOTOR_GASOLINE      0.0000000E+00  0.0000000E+00  0.0000000E+00  0.0000000E+00  0.0000000E+00  0.0000000E+00  0.0000000E+00  0.1368074E+03  0.9979097E+02  0.1995054E+03  0.2156338E+03  0.8879625E+03  0.0000000E+00  0.0000000E+00  0.0000000E+00  0.0000000E+00  0.0000000E+00  0.4086000E+02  0.0000000E+00  0.1580560E+04
KEROSENE            0.0000000E+00  0.1702742E+00  0.8858855E-01  0.1167758E+01  0.1725751E-01  0.5821534E+00  0.6703968E+01  0.0000000E+00  0.0000000E+00  0.0000000E+00  0.0000000E+00  0.0000000E+00  0.0000000E+00  0.0000000E+00  0.0000000E+00  0.1710000E+02  0.9000000E+00  0.0000000E+00  0.0000000E+00  0.2673000E+02
OTHER_LF            0.0000000E+00  0.7497480E-01  0.5331307E-01  0.3154409E+00  0.1783413E-01  0.6061077E-01  0.5687826E+01  0.0000000E+00  0.0000000E+00  0.0000000E+00  0.0000000E+00  0.0000000E+00  0.0000000E+00  0.0000000E+00  0.0000000E+00  0.3834000E+02  0.2970000E+02  0.9900000E+01  0.0000000E+00  0.8415000E+02
DIESEL_OIL          0.6464056E+01  0.4324468E+01  0.3449353E+02  0.3399634E+01  0.9487440E+00  0.2206487E+02  0.3517211E+02  0.0000000E+00  0.6347030E+03  0.3849298E+03  0.1919283E+04  0.0000000E+00  0.1744263E+03  0.2085421E+03  0.1840710E+02  0.1344485E+02  0.1569364E+02  0.2822940E+02  0.2057397E+01  0.3506584E+04
CRUDE_OIL           0.0000000E+00  0.5031507E-01  0.2909813E+00  0.8081379E-01  0.1062120E-01  0.1918170E+00  0.3216306E+00  0.0000000E+00  0.0000000E+00  0.0000000E+00  0.0000000E+00  0.0000000E+00  0.0000000E+00  0.0000000E+00  0.0000000E+00  0.0000000E+00  0.0000000E+00  0.0000000E+00  0.0000000E+00  0.9461790E+00
HEAVY_FUEL_OIL      0.3808000E+01  0.7624668E+00  0.4409486E+01  0.1224640E+01  0.1609521E+00  0.2906766E+01  0.4873942E+01  0.0000000E+00  0.0000000E+00  0.0000000E+00  0.0000000E+00  0.0000000E+00  0.0000000E+00  0.5386900E+02  0.0000000E+00  0.0000000E+00  0.0000000E+00  0.0000000E+00  0.0000000E+00  0.7201525E+02
OTHER_HF            0.0000000E+00  0.3386592E+01  0.1958528E+02  0.5439391E+01  0.7148886E+00  0.1291076E+02  0.2164822E+02  0.0000000E+00  0.0000000E+00  0.0000000E+00  0.0000000E+00  0.0000000E+00  0.0000000E+00  0.0000000E+00  0.0000000E+00  0.0000000E+00  0.0000000E+00  0.0000000E+00  0.0000000E+00  0.6368513E+02
FUELWOOD            0.0000000E+00  0.0000000E+00  0.0000000E+00  0.0000000E+00  0.0000000E+00  0.0000000E+00  0.0000000E+00  0.0000000E+00  0.0000000E+00  0.0000000E+00  0.0000000E+00  0.0000000E+00  0.0000000E+00  0.0000000E+00  0.0000000E+00  0.2918362E+05  0.0000000E+00  0.0000000E+00  0.0000000E+00  0.2918362E+05
CROP_RESIDUE        0.0000000E+00  0.0000000E+00  0.0000000E+00  0.0000000E+00  0.0000000E+00  0.0000000E+00  0.0000000E+00  0.0000000E+00  0.0000000E+00  0.0000000E+00  0.0000000E+00  0.0000000E+00  0.0000000E+00  0.0000000E+00  0.0000000E+00  0.5247582E+05  0.0000000E+00  0.0000000E+00  0.0000000E+00  0.5247582E+05
ANIMAL_WASTE        0.0000000E+00  0.0000000E+00  0.0000000E+00  0.0000000E+00  0.0000000E+00  0.0000000E+00  0.0000000E+00  0.0000000E+00  0.0000000E+00  0.0000000E+00  0.0000000E+00  0.0000000E+00  0.0000000E+00  0.0000000E+00  0.0000000E+00  0.0000000E+00  0.0000000E+00  0.0000000E+00  0.0000000E+00  0.0000000E+00
OTHERS              0.0000000E+00  0.0000000E+00  0.0000000E+00  0.0000000E+00  0.0000000E+00  0.0000000E+00  0.0000000E+00  0.0000000E+00  0.0000000E+00  0.0000000E+00  0.0000000E+00  0.0000000E+00  0.0000000E+00  0.0000000E+00  0.0000000E+00  0.0000000E+00  0.0000000E+00  0.0000000E+00  0.0000000E+00  0.0000000E+00
SUB_TOTAL           0.3087975E+05  0.1937061E+05  0.1703273E+04  0.4198755E+04  0.6518426E+03  0.3871698E+02  0.3191601E+04  0.1368074E+03  0.7344940E+03  0.5844352E+03  0.2134917E+04  0.8879625E+03  0.1744263E+03  0.2624111E+03  0.1599560E+04  0.9495832E+05  0.1015096E+03  0.1149339E+05  0.5077740E+02  0.1731536E+06
  
Non-Combustion Sources [t/year]
  
Industry [t/year]
  
Sector
PIG_IRON            0.9712590E+04
CRUDE_STEEL         0.2407580E+04
IRON_STEEL_OTHERS   0.2417512E+04
ALUMINUM_ALUMINA    0.0000000E+00
COPPER              0.0000000E+00
ZINC                0.0000000E+00
LEAD                0.6339641E+04
CMENT               0.7246717E+05
BRICKS              0.2944827E+05
LIME                0.3690683E+05
COKE_OVENS          0.1148081E+05
OIL_REFINERY        0.0000000E+00
OTH_TRANSFORMATION  0.0000000E+00
SULPHRIC_ACID       0.0000000E+00
OTHERS              0.7955251E+02
SUB_TOTAL           0.1712600E+06
  
Total [t/year]
  
TOTAL               0.3444135E+06
