Year       : 2007
Country    : CHN
Sub-Region : JILI
  
Combustion Sources [t/year]
  
Fuel Type           POWER_PLANTS   ENERGY         IRON_STEEL     CHEM_PETRCHEM  NON_FERR_MET   NON_MET_MINE   OTHERS         ROAD_CARS      ROAD_BUSES     ROAD_L_TRUCKS  ROAD_H_TRUCKS  ROAD_MC        ROAD_OTHERS    DOM_NAVI       RAILWAY_ETC    RESIDENT       COMM_PUB       AGR_FORE_FISH  OTHERS         SUB_TOTAL    
HARD_COAL           0.6388405E+05  0.1832388E+05  0.2544001E+04  0.8835578E+04  0.7776471E+03  0.0000000E+00  0.2345011E+05  0.0000000E+00  0.0000000E+00  0.0000000E+00  0.0000000E+00  0.0000000E+00  0.0000000E+00  0.0000000E+00  0.6460881E+04  0.2310487E+05  0.8703676E+04  0.3850842E+04  0.1329095E+05  0.1732265E+06
BROWN_COAL          0.0000000E+00  0.0000000E+00  0.0000000E+00  0.0000000E+00  0.0000000E+00  0.0000000E+00  0.0000000E+00  0.0000000E+00  0.0000000E+00  0.0000000E+00  0.0000000E+00  0.0000000E+00  0.0000000E+00  0.0000000E+00  0.0000000E+00  0.0000000E+00  0.0000000E+00  0.0000000E+00  0.0000000E+00  0.0000000E+00
DERIVED_COAL        0.0000000E+00  0.0000000E+00  0.0000000E+00  0.0000000E+00  0.0000000E+00  0.0000000E+00  0.0000000E+00  0.0000000E+00  0.0000000E+00  0.0000000E+00  0.0000000E+00  0.0000000E+00  0.0000000E+00  0.0000000E+00  0.0000000E+00  0.0000000E+00  0.0000000E+00  0.0000000E+00  0.0000000E+00  0.0000000E+00
NATURAL_GAS         0.0000000E+00  0.0000000E+00  0.0000000E+00  0.0000000E+00  0.0000000E+00  0.0000000E+00  0.0000000E+00  0.0000000E+00  0.0000000E+00  0.0000000E+00  0.0000000E+00  0.0000000E+00  0.0000000E+00  0.0000000E+00  0.0000000E+00  0.0000000E+00  0.0000000E+00  0.0000000E+00  0.0000000E+00  0.0000000E+00
COKE_OVEN_GAS       0.0000000E+00  0.0000000E+00  0.0000000E+00  0.0000000E+00  0.0000000E+00  0.0000000E+00  0.0000000E+00  0.0000000E+00  0.0000000E+00  0.0000000E+00  0.0000000E+00  0.0000000E+00  0.0000000E+00  0.0000000E+00  0.0000000E+00  0.0000000E+00  0.0000000E+00  0.0000000E+00  0.0000000E+00  0.0000000E+00
OTHER_GAS           0.0000000E+00  0.0000000E+00  0.0000000E+00  0.0000000E+00  0.0000000E+00  0.0000000E+00  0.0000000E+00  0.0000000E+00  0.0000000E+00  0.0000000E+00  0.0000000E+00  0.0000000E+00  0.0000000E+00  0.0000000E+00  0.0000000E+00  0.0000000E+00  0.0000000E+00  0.0000000E+00  0.0000000E+00  0.0000000E+00
MOTOR_GASOLINE      0.0000000E+00  0.0000000E+00  0.0000000E+00  0.0000000E+00  0.0000000E+00  0.0000000E+00  0.0000000E+00  0.2215988E+03  0.1155103E+03  0.1857990E+03  0.1702829E+03  0.1555933E+04  0.0000000E+00  0.0000000E+00  0.0000000E+00  0.0000000E+00  0.0000000E+00  0.7047000E+02  0.0000000E+00  0.2319594E+04
KEROSENE            0.0000000E+00  0.1439999E+01  0.9000000E-01  0.6300001E+00  0.3600000E+00  0.9900000E+00  0.9630000E+01  0.0000000E+00  0.0000000E+00  0.0000000E+00  0.0000000E+00  0.0000000E+00  0.0000000E+00  0.0000000E+00  0.0000000E+00  0.0000000E+00  0.0000000E+00  0.0000000E+00  0.0000000E+00  0.1314000E+02
OTHER_LF            0.0000000E+00  0.3354294E+02  0.0000000E+00  0.2372639E+03  0.0000000E+00  0.6855357E+02  0.1181958E+02  0.0000000E+00  0.0000000E+00  0.0000000E+00  0.0000000E+00  0.0000000E+00  0.0000000E+00  0.0000000E+00  0.0000000E+00  0.3907800E+03  0.4680000E+01  0.0000000E+00  0.0000000E+00  0.7466400E+03
DIESEL_OIL          0.1339701E+01  0.1046352E+03  0.1499071E+02  0.1841213E+02  0.5114480E+01  0.1551980E+02  0.8399157E+02  0.0000000E+00  0.9552021E+03  0.4660852E+03  0.1970555E+04  0.0000000E+00  0.2281035E+04  0.2407040E+00  0.1153454E+03  0.1278935E+03  0.1492330E+03  0.4026757E+03  0.1551660E+03  0.6867435E+04
CRUDE_OIL           0.0000000E+00  0.2006201E+03  0.0000000E+00  0.7241818E+03  0.0000000E+00  0.8352828E+01  0.1821772E+00  0.0000000E+00  0.0000000E+00  0.0000000E+00  0.0000000E+00  0.0000000E+00  0.0000000E+00  0.0000000E+00  0.0000000E+00  0.0000000E+00  0.0000000E+00  0.0000000E+00  0.0000000E+00  0.9333369E+03
HEAVY_FUEL_OIL      0.3986500E+01  0.3623036E+01  0.1553998E+00  0.1098987E+03  0.0000000E+00  0.1243199E+00  0.6837591E+00  0.0000000E+00  0.0000000E+00  0.0000000E+00  0.0000000E+00  0.0000000E+00  0.0000000E+00  0.0000000E+00  0.0000000E+00  0.0000000E+00  0.0000000E+00  0.0000000E+00  0.0000000E+00  0.1184717E+03
OTHER_HF            0.5117000E+01  0.3735034E+01  0.3994689E-01  0.3701078E+03  0.0000000E+00  0.3595219E+00  0.3994689E+00  0.0000000E+00  0.0000000E+00  0.0000000E+00  0.0000000E+00  0.0000000E+00  0.0000000E+00  0.0000000E+00  0.0000000E+00  0.0000000E+00  0.0000000E+00  0.0000000E+00  0.0000000E+00  0.3797588E+03
FUELWOOD            0.0000000E+00  0.0000000E+00  0.0000000E+00  0.0000000E+00  0.0000000E+00  0.0000000E+00  0.0000000E+00  0.0000000E+00  0.0000000E+00  0.0000000E+00  0.0000000E+00  0.0000000E+00  0.0000000E+00  0.0000000E+00  0.0000000E+00  0.1754842E+05  0.0000000E+00  0.0000000E+00  0.0000000E+00  0.1754842E+05
CROP_RESIDUE        0.0000000E+00  0.0000000E+00  0.0000000E+00  0.0000000E+00  0.0000000E+00  0.0000000E+00  0.0000000E+00  0.0000000E+00  0.0000000E+00  0.0000000E+00  0.0000000E+00  0.0000000E+00  0.0000000E+00  0.0000000E+00  0.0000000E+00  0.9350865E+05  0.0000000E+00  0.0000000E+00  0.0000000E+00  0.9350865E+05
ANIMAL_WASTE        0.0000000E+00  0.0000000E+00  0.0000000E+00  0.0000000E+00  0.0000000E+00  0.0000000E+00  0.0000000E+00  0.0000000E+00  0.0000000E+00  0.0000000E+00  0.0000000E+00  0.0000000E+00  0.0000000E+00  0.0000000E+00  0.0000000E+00  0.0000000E+00  0.0000000E+00  0.0000000E+00  0.0000000E+00  0.0000000E+00
OTHERS              0.0000000E+00  0.0000000E+00  0.0000000E+00  0.0000000E+00  0.0000000E+00  0.0000000E+00  0.0000000E+00  0.0000000E+00  0.0000000E+00  0.0000000E+00  0.0000000E+00  0.0000000E+00  0.0000000E+00  0.0000000E+00  0.0000000E+00  0.0000000E+00  0.0000000E+00  0.0000000E+00  0.0000000E+00  0.0000000E+00
SUB_TOTAL           0.6389449E+05  0.1867148E+05  0.2559277E+04  0.1029607E+05  0.7831216E+03  0.9390004E+02  0.2355682E+05  0.2215988E+03  0.1070712E+04  0.6518842E+03  0.2140838E+04  0.1555933E+04  0.2281035E+04  0.2407040E+00  0.6576226E+04  0.1346806E+06  0.8857589E+04  0.4323988E+04  0.1344612E+05  0.2956619E+06
  
Non-Combustion Sources [t/year]
  
Industry [t/year]
  
Sector
PIG_IRON            0.1613914E+05
CRUDE_STEEL         0.4028779E+04
IRON_STEEL_OTHERS   0.3617049E+04
ALUMINUM_ALUMINA    0.0000000E+00
COPPER              0.0000000E+00
ZINC                0.0000000E+00
LEAD                0.0000000E+00
CMENT               0.4598712E+05
BRICKS              0.9834125E+04
LIME                0.1374220E+05
COKE_OVENS          0.1175144E+05
OIL_REFINERY        0.3023863E+03
OTH_TRANSFORMATION  0.8693097E+04
SULPHRIC_ACID       0.0000000E+00
OTHERS              0.1924735E+03
SUB_TOTAL           0.1142878E+06
  
Total [t/year]
  
TOTAL               0.4099497E+06
