Year       : 2007
Country    : CHN
Sub-Region : HEIL
  
Combustion Sources [t/year]
  
Fuel Type           POWER_PLANTS   ENERGY         IRON_STEEL     CHEM_PETRCHEM  NON_FERR_MET   NON_MET_MINE   OTHERS         ROAD_CARS      ROAD_BUSES     ROAD_L_TRUCKS  ROAD_H_TRUCKS  ROAD_MC        ROAD_OTHERS    DOM_NAVI       RAILWAY_ETC    RESIDENT       COMM_PUB       AGR_FORE_FISH  OTHERS         SUB_TOTAL    
HARD_COAL           0.9251074E+05  0.1940788E+05  0.8967772E+04  0.6094585E+04  0.2236258E+03  0.0000000E+00  0.1753253E+05  0.0000000E+00  0.0000000E+00  0.0000000E+00  0.0000000E+00  0.0000000E+00  0.0000000E+00  0.0000000E+00  0.9071622E+04  0.1328204E+05  0.0000000E+00  0.2242936E+04  0.0000000E+00  0.1693337E+06
BROWN_COAL          0.0000000E+00  0.0000000E+00  0.0000000E+00  0.0000000E+00  0.0000000E+00  0.0000000E+00  0.0000000E+00  0.0000000E+00  0.0000000E+00  0.0000000E+00  0.0000000E+00  0.0000000E+00  0.0000000E+00  0.0000000E+00  0.0000000E+00  0.0000000E+00  0.0000000E+00  0.0000000E+00  0.0000000E+00  0.0000000E+00
DERIVED_COAL        0.0000000E+00  0.0000000E+00  0.0000000E+00  0.0000000E+00  0.0000000E+00  0.0000000E+00  0.0000000E+00  0.0000000E+00  0.0000000E+00  0.0000000E+00  0.0000000E+00  0.0000000E+00  0.0000000E+00  0.0000000E+00  0.0000000E+00  0.0000000E+00  0.0000000E+00  0.0000000E+00  0.0000000E+00  0.0000000E+00
NATURAL_GAS         0.0000000E+00  0.0000000E+00  0.0000000E+00  0.0000000E+00  0.0000000E+00  0.0000000E+00  0.0000000E+00  0.0000000E+00  0.0000000E+00  0.0000000E+00  0.0000000E+00  0.0000000E+00  0.0000000E+00  0.0000000E+00  0.0000000E+00  0.0000000E+00  0.0000000E+00  0.0000000E+00  0.0000000E+00  0.0000000E+00
COKE_OVEN_GAS       0.0000000E+00  0.0000000E+00  0.0000000E+00  0.0000000E+00  0.0000000E+00  0.0000000E+00  0.0000000E+00  0.0000000E+00  0.0000000E+00  0.0000000E+00  0.0000000E+00  0.0000000E+00  0.0000000E+00  0.0000000E+00  0.0000000E+00  0.0000000E+00  0.0000000E+00  0.0000000E+00  0.0000000E+00  0.0000000E+00
OTHER_GAS           0.0000000E+00  0.0000000E+00  0.0000000E+00  0.0000000E+00  0.0000000E+00  0.0000000E+00  0.0000000E+00  0.0000000E+00  0.0000000E+00  0.0000000E+00  0.0000000E+00  0.0000000E+00  0.0000000E+00  0.0000000E+00  0.0000000E+00  0.0000000E+00  0.0000000E+00  0.0000000E+00  0.0000000E+00  0.0000000E+00
MOTOR_GASOLINE      0.0000000E+00  0.0000000E+00  0.0000000E+00  0.0000000E+00  0.0000000E+00  0.0000000E+00  0.0000000E+00  0.2927776E+03  0.2281295E+03  0.2541186E+03  0.3047663E+03  0.5609370E+03  0.0000000E+00  0.0000000E+00  0.0000000E+00  0.0000000E+00  0.0000000E+00  0.0000000E+00  0.0000000E+00  0.1640729E+04
KEROSENE            0.0000000E+00  0.7751888E+01  0.1867925E+00  0.9339624E-01  0.2615094E+01  0.2801886E+00  0.2372264E+02  0.0000000E+00  0.0000000E+00  0.0000000E+00  0.0000000E+00  0.0000000E+00  0.0000000E+00  0.0000000E+00  0.0000000E+00  0.0000000E+00  0.0000000E+00  0.0000000E+00  0.0000000E+00  0.3465000E+02
OTHER_LF            0.2722500E+03  0.1023342E+03  0.2767517E+01  0.1693646E+02  0.1165270E+01  0.3072995E+01  0.8981357E+02  0.0000000E+00  0.0000000E+00  0.0000000E+00  0.0000000E+00  0.0000000E+00  0.0000000E+00  0.0000000E+00  0.0000000E+00  0.8342100E+03  0.0000000E+00  0.0000000E+00  0.0000000E+00  0.1322550E+04
DIESEL_OIL          0.1708118E+01  0.1670366E+03  0.3444051E+01  0.5672555E+01  0.1215548E+01  0.5226858E+01  0.2187986E+02  0.0000000E+00  0.1991775E+04  0.6730434E+03  0.3723652E+04  0.0000000E+00  0.6269342E+03  0.3252563E+01  0.5407385E+02  0.3554034E+03  0.4058814E+03  0.7835810E+03  0.0000000E+00  0.8823780E+04
CRUDE_OIL           0.0000000E+00  0.2027273E+04  0.0000000E+00  0.2820355E+03  0.0000000E+00  0.0000000E+00  0.2654452E+00  0.0000000E+00  0.0000000E+00  0.0000000E+00  0.0000000E+00  0.0000000E+00  0.0000000E+00  0.0000000E+00  0.0000000E+00  0.0000000E+00  0.0000000E+00  0.0000000E+00  0.0000000E+00  0.2309574E+04
HEAVY_FUEL_OIL      0.1278060E+03  0.1340915E+03  0.6124591E+01  0.2626150E+02  0.2134328E+01  0.9279681E-01  0.2273523E+02  0.0000000E+00  0.0000000E+00  0.0000000E+00  0.0000000E+00  0.0000000E+00  0.0000000E+00  0.0000000E+00  0.0000000E+00  0.0000000E+00  0.0000000E+00  0.0000000E+00  0.0000000E+00  0.3192459E+03
OTHER_HF            0.1898050E+03  0.1353854E+04  0.5317768E+01  0.2968056E+01  0.0000000E+00  0.0000000E+00  0.2473380E+01  0.0000000E+00  0.0000000E+00  0.0000000E+00  0.0000000E+00  0.0000000E+00  0.0000000E+00  0.0000000E+00  0.0000000E+00  0.0000000E+00  0.0000000E+00  0.0000000E+00  0.0000000E+00  0.1554418E+04
FUELWOOD            0.0000000E+00  0.0000000E+00  0.0000000E+00  0.0000000E+00  0.0000000E+00  0.0000000E+00  0.0000000E+00  0.0000000E+00  0.0000000E+00  0.0000000E+00  0.0000000E+00  0.0000000E+00  0.0000000E+00  0.0000000E+00  0.0000000E+00  0.2001312E+05  0.0000000E+00  0.0000000E+00  0.0000000E+00  0.2001312E+05
CROP_RESIDUE        0.0000000E+00  0.0000000E+00  0.0000000E+00  0.0000000E+00  0.0000000E+00  0.0000000E+00  0.0000000E+00  0.0000000E+00  0.0000000E+00  0.0000000E+00  0.0000000E+00  0.0000000E+00  0.0000000E+00  0.0000000E+00  0.0000000E+00  0.1710378E+06  0.0000000E+00  0.0000000E+00  0.0000000E+00  0.1710378E+06
ANIMAL_WASTE        0.0000000E+00  0.0000000E+00  0.0000000E+00  0.0000000E+00  0.0000000E+00  0.0000000E+00  0.0000000E+00  0.0000000E+00  0.0000000E+00  0.0000000E+00  0.0000000E+00  0.0000000E+00  0.0000000E+00  0.0000000E+00  0.0000000E+00  0.0000000E+00  0.0000000E+00  0.0000000E+00  0.0000000E+00  0.0000000E+00
OTHERS              0.0000000E+00  0.0000000E+00  0.0000000E+00  0.0000000E+00  0.0000000E+00  0.0000000E+00  0.0000000E+00  0.0000000E+00  0.0000000E+00  0.0000000E+00  0.0000000E+00  0.0000000E+00  0.0000000E+00  0.0000000E+00  0.0000000E+00  0.0000000E+00  0.0000000E+00  0.0000000E+00  0.0000000E+00  0.0000000E+00
SUB_TOTAL           0.9310231E+05  0.2320022E+05  0.8985613E+04  0.6428552E+04  0.2307560E+03  0.8672838E+01  0.1769342E+05  0.2927776E+03  0.2219905E+04  0.9271620E+03  0.4028418E+04  0.5609370E+03  0.6269342E+03  0.3252563E+01  0.9125696E+04  0.2055226E+06  0.4058814E+03  0.3026517E+04  0.0000000E+00  0.3763896E+06
  
Non-Combustion Sources [t/year]
  
Industry [t/year]
  
Sector
PIG_IRON            0.1106516E+05
CRUDE_STEEL         0.2929526E+04
IRON_STEEL_OTHERS   0.1040221E+04
ALUMINUM_ALUMINA    0.0000000E+00
COPPER              0.0000000E+00
ZINC                0.0000000E+00
LEAD                0.0000000E+00
CMENT               0.3973694E+05
BRICKS              0.1344784E+05
LIME                0.1185230E+05
COKE_OVENS          0.2773067E+05
OIL_REFINERY        0.7108468E+03
OTH_TRANSFORMATION  0.1319574E+05
SULPHRIC_ACID       0.0000000E+00
OTHERS              0.5547370E+01
SUB_TOTAL           0.1217148E+06
  
Total [t/year]
  
TOTAL               0.4981044E+06
