Year       : 2007
Country    : CHN
Sub-Region : SHND
  
Combustion Sources [t/year]
  
Fuel Type           POWER_PLANTS   ENERGY         IRON_STEEL     CHEM_PETRCHEM  NON_FERR_MET   NON_MET_MINE   OTHERS         ROAD_CARS      ROAD_BUSES     ROAD_L_TRUCKS  ROAD_H_TRUCKS  ROAD_MC        ROAD_OTHERS    DOM_NAVI       RAILWAY_ETC    RESIDENT       COMM_PUB       AGR_FORE_FISH  OTHERS         SUB_TOTAL    
HARD_COAL           0.2759898E+06  0.3053096E+05  0.0000000E+00  0.0000000E+00  0.0000000E+00  0.0000000E+00  0.1303370E+06  0.0000000E+00  0.0000000E+00  0.0000000E+00  0.0000000E+00  0.0000000E+00  0.0000000E+00  0.0000000E+00  0.5183990E+04  0.5359032E+05  0.4691040E+04  0.1271360E+05  0.3665600E+04  0.5167023E+06
BROWN_COAL          0.0000000E+00  0.0000000E+00  0.0000000E+00  0.0000000E+00  0.0000000E+00  0.0000000E+00  0.0000000E+00  0.0000000E+00  0.0000000E+00  0.0000000E+00  0.0000000E+00  0.0000000E+00  0.0000000E+00  0.0000000E+00  0.0000000E+00  0.0000000E+00  0.0000000E+00  0.0000000E+00  0.0000000E+00  0.0000000E+00
DERIVED_COAL        0.0000000E+00  0.0000000E+00  0.0000000E+00  0.0000000E+00  0.0000000E+00  0.0000000E+00  0.0000000E+00  0.0000000E+00  0.0000000E+00  0.0000000E+00  0.0000000E+00  0.0000000E+00  0.0000000E+00  0.0000000E+00  0.0000000E+00  0.0000000E+00  0.0000000E+00  0.0000000E+00  0.0000000E+00  0.0000000E+00
NATURAL_GAS         0.0000000E+00  0.0000000E+00  0.0000000E+00  0.0000000E+00  0.0000000E+00  0.0000000E+00  0.0000000E+00  0.0000000E+00  0.0000000E+00  0.0000000E+00  0.0000000E+00  0.0000000E+00  0.0000000E+00  0.0000000E+00  0.0000000E+00  0.0000000E+00  0.0000000E+00  0.0000000E+00  0.0000000E+00  0.0000000E+00
COKE_OVEN_GAS       0.0000000E+00  0.0000000E+00  0.0000000E+00  0.0000000E+00  0.0000000E+00  0.0000000E+00  0.0000000E+00  0.0000000E+00  0.0000000E+00  0.0000000E+00  0.0000000E+00  0.0000000E+00  0.0000000E+00  0.0000000E+00  0.0000000E+00  0.0000000E+00  0.0000000E+00  0.0000000E+00  0.0000000E+00  0.0000000E+00
OTHER_GAS           0.0000000E+00  0.0000000E+00  0.0000000E+00  0.0000000E+00  0.0000000E+00  0.0000000E+00  0.0000000E+00  0.0000000E+00  0.0000000E+00  0.0000000E+00  0.0000000E+00  0.0000000E+00  0.0000000E+00  0.0000000E+00  0.0000000E+00  0.0000000E+00  0.0000000E+00  0.0000000E+00  0.0000000E+00  0.0000000E+00
MOTOR_GASOLINE      0.0000000E+00  0.0000000E+00  0.0000000E+00  0.0000000E+00  0.0000000E+00  0.0000000E+00  0.0000000E+00  0.9875454E+03  0.4125273E+03  0.9319040E+03  0.4866748E+03  0.1793379E+05  0.0000000E+00  0.0000000E+00  0.0000000E+00  0.0000000E+00  0.0000000E+00  0.1782000E+03  0.0000000E+00  0.2093064E+05
KEROSENE            0.0000000E+00  0.0000000E+00  0.0000000E+00  0.0000000E+00  0.0000000E+00  0.0000000E+00  0.3069000E+02  0.0000000E+00  0.0000000E+00  0.0000000E+00  0.0000000E+00  0.0000000E+00  0.0000000E+00  0.0000000E+00  0.0000000E+00  0.0000000E+00  0.0000000E+00  0.0000000E+00  0.0000000E+00  0.3069000E+02
OTHER_LF            0.3636000E+02  0.0000000E+00  0.0000000E+00  0.0000000E+00  0.0000000E+00  0.0000000E+00  0.7425000E+03  0.0000000E+00  0.0000000E+00  0.0000000E+00  0.0000000E+00  0.0000000E+00  0.0000000E+00  0.0000000E+00  0.0000000E+00  0.1362060E+04  0.1143000E+03  0.0000000E+00  0.4230000E+02  0.2297520E+04
DIESEL_OIL          0.1888978E+02  0.0000000E+00  0.0000000E+00  0.0000000E+00  0.0000000E+00  0.0000000E+00  0.5048661E+03  0.0000000E+00  0.2792082E+04  0.1913349E+04  0.4609538E+04  0.0000000E+00  0.2404931E+04  0.1419961E+04  0.1743932E+03  0.4856414E+02  0.3406667E+03  0.1248792E+04  0.4215272E+03  0.1589756E+05
CRUDE_OIL           0.0000000E+00  0.5822389E+02  0.0000000E+00  0.0000000E+00  0.0000000E+00  0.0000000E+00  0.9589271E+03  0.0000000E+00  0.0000000E+00  0.0000000E+00  0.0000000E+00  0.0000000E+00  0.0000000E+00  0.0000000E+00  0.0000000E+00  0.0000000E+00  0.0000000E+00  0.0000000E+00  0.0000000E+00  0.1017151E+04
HEAVY_FUEL_OIL      0.8913100E+02  0.5560142E+02  0.0000000E+00  0.0000000E+00  0.0000000E+00  0.0000000E+00  0.9157363E+03  0.0000000E+00  0.0000000E+00  0.0000000E+00  0.0000000E+00  0.0000000E+00  0.0000000E+00  0.2215530E+04  0.0000000E+00  0.0000000E+00  0.2850000E+02  0.0000000E+00  0.0000000E+00  0.3304499E+04
OTHER_HF            0.7044800E+02  0.2023932E+03  0.0000000E+00  0.0000000E+00  0.0000000E+00  0.0000000E+00  0.5320422E+04  0.0000000E+00  0.0000000E+00  0.0000000E+00  0.0000000E+00  0.0000000E+00  0.0000000E+00  0.7982500E+02  0.0000000E+00  0.0000000E+00  0.2535000E+02  0.0000000E+00  0.0000000E+00  0.5698438E+04
FUELWOOD            0.0000000E+00  0.0000000E+00  0.0000000E+00  0.0000000E+00  0.0000000E+00  0.0000000E+00  0.0000000E+00  0.0000000E+00  0.0000000E+00  0.0000000E+00  0.0000000E+00  0.0000000E+00  0.0000000E+00  0.0000000E+00  0.0000000E+00  0.2770099E+05  0.0000000E+00  0.0000000E+00  0.0000000E+00  0.2770099E+05
CROP_RESIDUE        0.0000000E+00  0.0000000E+00  0.0000000E+00  0.0000000E+00  0.0000000E+00  0.0000000E+00  0.0000000E+00  0.0000000E+00  0.0000000E+00  0.0000000E+00  0.0000000E+00  0.0000000E+00  0.0000000E+00  0.0000000E+00  0.0000000E+00  0.2106185E+06  0.0000000E+00  0.0000000E+00  0.0000000E+00  0.2106185E+06
ANIMAL_WASTE        0.0000000E+00  0.0000000E+00  0.0000000E+00  0.0000000E+00  0.0000000E+00  0.0000000E+00  0.0000000E+00  0.0000000E+00  0.0000000E+00  0.0000000E+00  0.0000000E+00  0.0000000E+00  0.0000000E+00  0.0000000E+00  0.0000000E+00  0.0000000E+00  0.0000000E+00  0.0000000E+00  0.0000000E+00  0.0000000E+00
OTHERS              0.0000000E+00  0.0000000E+00  0.0000000E+00  0.0000000E+00  0.0000000E+00  0.0000000E+00  0.0000000E+00  0.0000000E+00  0.0000000E+00  0.0000000E+00  0.0000000E+00  0.0000000E+00  0.0000000E+00  0.0000000E+00  0.0000000E+00  0.0000000E+00  0.0000000E+00  0.0000000E+00  0.0000000E+00  0.0000000E+00
SUB_TOTAL           0.2762046E+06  0.3084718E+05  0.0000000E+00  0.0000000E+00  0.0000000E+00  0.0000000E+00  0.1388101E+06  0.9875454E+03  0.3204609E+04  0.2845253E+04  0.5096213E+04  0.1793379E+05  0.2404931E+04  0.3715316E+04  0.5358383E+04  0.2933204E+06  0.5199857E+04  0.1414059E+05  0.4129427E+04  0.8041983E+06
  
Non-Combustion Sources [t/year]
  
Industry [t/year]
  
Sector
PIG_IRON            0.1451260E+06
CRUDE_STEEL         0.2960707E+05
IRON_STEEL_OTHERS   0.1422185E+05
ALUMINUM_ALUMINA    0.1169471E+05
COPPER              0.1674712E+06
ZINC                0.0000000E+00
LEAD                0.0000000E+00
CMENT               0.3629068E+06
BRICKS              0.2941642E+05
LIME                0.2037570E+06
COKE_OVENS          0.1127388E+06
OIL_REFINERY        0.1814631E+04
OTH_TRANSFORMATION  0.0000000E+00
SULPHRIC_ACID       0.0000000E+00
OTHERS              0.2556113E+02
SUB_TOTAL           0.1078780E+07
  
Total [t/year]
  
TOTAL               0.1882978E+07
