Year       : 2007
Country    : CHN
Sub-Region : SHNX
  
Combustion Sources [t/year]
  
Fuel Type           POWER_PLANTS   ENERGY         IRON_STEEL     CHEM_PETRCHEM  NON_FERR_MET   NON_MET_MINE   OTHERS         ROAD_CARS      ROAD_BUSES     ROAD_L_TRUCKS  ROAD_H_TRUCKS  ROAD_MC        ROAD_OTHERS    DOM_NAVI       RAILWAY_ETC    RESIDENT       COMM_PUB       AGR_FORE_FISH  OTHERS         SUB_TOTAL    
HARD_COAL           0.1691330E+06  0.6173997E+05  0.7383054E+04  0.5254987E+04  0.4882451E+04  0.0000000E+00  0.2736147E+04  0.0000000E+00  0.0000000E+00  0.0000000E+00  0.0000000E+00  0.0000000E+00  0.0000000E+00  0.0000000E+00  0.3937381E+04  0.7124266E+05  0.3273040E+04  0.5037570E+04  0.1844348E+04  0.3364646E+06
BROWN_COAL          0.0000000E+00  0.0000000E+00  0.0000000E+00  0.0000000E+00  0.0000000E+00  0.0000000E+00  0.0000000E+00  0.0000000E+00  0.0000000E+00  0.0000000E+00  0.0000000E+00  0.0000000E+00  0.0000000E+00  0.0000000E+00  0.0000000E+00  0.0000000E+00  0.0000000E+00  0.0000000E+00  0.0000000E+00  0.0000000E+00
DERIVED_COAL        0.0000000E+00  0.0000000E+00  0.0000000E+00  0.0000000E+00  0.0000000E+00  0.0000000E+00  0.0000000E+00  0.0000000E+00  0.0000000E+00  0.0000000E+00  0.0000000E+00  0.0000000E+00  0.0000000E+00  0.0000000E+00  0.0000000E+00  0.0000000E+00  0.0000000E+00  0.0000000E+00  0.0000000E+00  0.0000000E+00
NATURAL_GAS         0.0000000E+00  0.0000000E+00  0.0000000E+00  0.0000000E+00  0.0000000E+00  0.0000000E+00  0.0000000E+00  0.0000000E+00  0.0000000E+00  0.0000000E+00  0.0000000E+00  0.0000000E+00  0.0000000E+00  0.0000000E+00  0.0000000E+00  0.0000000E+00  0.0000000E+00  0.0000000E+00  0.0000000E+00  0.0000000E+00
COKE_OVEN_GAS       0.0000000E+00  0.0000000E+00  0.0000000E+00  0.0000000E+00  0.0000000E+00  0.0000000E+00  0.0000000E+00  0.0000000E+00  0.0000000E+00  0.0000000E+00  0.0000000E+00  0.0000000E+00  0.0000000E+00  0.0000000E+00  0.0000000E+00  0.0000000E+00  0.0000000E+00  0.0000000E+00  0.0000000E+00  0.0000000E+00
OTHER_GAS           0.0000000E+00  0.0000000E+00  0.0000000E+00  0.0000000E+00  0.0000000E+00  0.0000000E+00  0.0000000E+00  0.0000000E+00  0.0000000E+00  0.0000000E+00  0.0000000E+00  0.0000000E+00  0.0000000E+00  0.0000000E+00  0.0000000E+00  0.0000000E+00  0.0000000E+00  0.0000000E+00  0.0000000E+00  0.0000000E+00
MOTOR_GASOLINE      0.0000000E+00  0.0000000E+00  0.0000000E+00  0.0000000E+00  0.0000000E+00  0.0000000E+00  0.0000000E+00  0.3671375E+03  0.1313722E+03  0.2851716E+03  0.3369701E+03  0.2392810E+04  0.0000000E+00  0.0000000E+00  0.0000000E+00  0.0000000E+00  0.0000000E+00  0.1060200E+03  0.0000000E+00  0.3619481E+04
KEROSENE            0.0000000E+00  0.1057336E+02  0.3548759E+01  0.2296971E+01  0.5955109E+00  0.7656570E+00  0.2469745E+01  0.0000000E+00  0.0000000E+00  0.0000000E+00  0.0000000E+00  0.0000000E+00  0.0000000E+00  0.0000000E+00  0.0000000E+00  0.3240000E+01  0.1890000E+01  0.3600000E+00  0.2160000E+01  0.2790000E+02
OTHER_LF            0.0000000E+00  0.6906022E+01  0.2317883E+01  0.1500274E+01  0.3889598E+00  0.5000913E+00  0.1976770E+01  0.0000000E+00  0.0000000E+00  0.0000000E+00  0.0000000E+00  0.0000000E+00  0.0000000E+00  0.0000000E+00  0.0000000E+00  0.4365000E+02  0.3150000E+01  0.0000000E+00  0.5400000E+00  0.6093000E+02
DIESEL_OIL          0.0000000E+00  0.1484579E+03  0.4674460E+02  0.1800298E+02  0.8987136E+01  0.1099704E+02  0.3381992E+02  0.0000000E+00  0.9785614E+03  0.6443745E+03  0.3512523E+04  0.0000000E+00  0.1214866E+04  0.0000000E+00  0.1531652E+03  0.0000000E+00  0.1866012E+02  0.1736826E+03  0.3119588E+02  0.6994038E+04
CRUDE_OIL           0.0000000E+00  0.0000000E+00  0.0000000E+00  0.0000000E+00  0.0000000E+00  0.0000000E+00  0.0000000E+00  0.0000000E+00  0.0000000E+00  0.0000000E+00  0.0000000E+00  0.0000000E+00  0.0000000E+00  0.0000000E+00  0.0000000E+00  0.0000000E+00  0.0000000E+00  0.0000000E+00  0.0000000E+00  0.0000000E+00
HEAVY_FUEL_OIL      0.0000000E+00  0.6679275E+02  0.2169060E+02  0.7111138E+01  0.4286166E+01  0.5195352E+01  0.1046285E+02  0.0000000E+00  0.0000000E+00  0.0000000E+00  0.0000000E+00  0.0000000E+00  0.0000000E+00  0.0000000E+00  0.0000000E+00  0.0000000E+00  0.0000000E+00  0.0000000E+00  0.0000000E+00  0.1155389E+03
OTHER_HF            0.0000000E+00  0.2805792E+02  0.9111666E+01  0.2987207E+01  0.1800509E+01  0.2182435E+01  0.1548165E+01  0.0000000E+00  0.0000000E+00  0.0000000E+00  0.0000000E+00  0.0000000E+00  0.0000000E+00  0.0000000E+00  0.0000000E+00  0.0000000E+00  0.0000000E+00  0.0000000E+00  0.0000000E+00  0.4568790E+02
FUELWOOD            0.0000000E+00  0.0000000E+00  0.0000000E+00  0.0000000E+00  0.0000000E+00  0.0000000E+00  0.0000000E+00  0.0000000E+00  0.0000000E+00  0.0000000E+00  0.0000000E+00  0.0000000E+00  0.0000000E+00  0.0000000E+00  0.0000000E+00  0.1328947E+05  0.0000000E+00  0.0000000E+00  0.0000000E+00  0.1328947E+05
CROP_RESIDUE        0.0000000E+00  0.0000000E+00  0.0000000E+00  0.0000000E+00  0.0000000E+00  0.0000000E+00  0.0000000E+00  0.0000000E+00  0.0000000E+00  0.0000000E+00  0.0000000E+00  0.0000000E+00  0.0000000E+00  0.0000000E+00  0.0000000E+00  0.8348387E+05  0.0000000E+00  0.0000000E+00  0.0000000E+00  0.8348387E+05
ANIMAL_WASTE        0.0000000E+00  0.0000000E+00  0.0000000E+00  0.0000000E+00  0.0000000E+00  0.0000000E+00  0.0000000E+00  0.0000000E+00  0.0000000E+00  0.0000000E+00  0.0000000E+00  0.0000000E+00  0.0000000E+00  0.0000000E+00  0.0000000E+00  0.0000000E+00  0.0000000E+00  0.0000000E+00  0.0000000E+00  0.0000000E+00
OTHERS              0.0000000E+00  0.0000000E+00  0.0000000E+00  0.0000000E+00  0.0000000E+00  0.0000000E+00  0.0000000E+00  0.0000000E+00  0.0000000E+00  0.0000000E+00  0.0000000E+00  0.0000000E+00  0.0000000E+00  0.0000000E+00  0.0000000E+00  0.0000000E+00  0.0000000E+00  0.0000000E+00  0.0000000E+00  0.0000000E+00
SUB_TOTAL           0.1691330E+06  0.6200076E+05  0.7466468E+04  0.5286886E+04  0.4898509E+04  0.1964058E+02  0.2786424E+04  0.3671375E+03  0.1109934E+04  0.9295461E+03  0.3849493E+04  0.2392810E+04  0.1214866E+04  0.0000000E+00  0.4090546E+04  0.1680629E+06  0.3296740E+04  0.5317633E+04  0.1878244E+04  0.4441015E+06
  
Non-Combustion Sources [t/year]
  
Industry [t/year]
  
Sector
PIG_IRON            0.1102535E+06
CRUDE_STEEL         0.1683854E+05
IRON_STEEL_OTHERS   0.1751677E+05
ALUMINUM_ALUMINA    0.6255848E+04
COPPER              0.2419027E+05
ZINC                0.0000000E+00
LEAD                0.0000000E+00
CMENT               0.6717375E+05
BRICKS              0.1031524E+05
LIME                0.9643833E+05
COKE_OVENS          0.4015721E+06
OIL_REFINERY        0.0000000E+00
OTH_TRANSFORMATION  0.1837829E+04
SULPHRIC_ACID       0.0000000E+00
OTHERS              0.3810727E+03
SUB_TOTAL           0.7527732E+06
  
Total [t/year]
  
TOTAL               0.1196875E+07
