Year       : 2007
Country    : CHN
Sub-Region : HENA
  
Combustion Sources [t/year]
  
Fuel Type           POWER_PLANTS   ENERGY         IRON_STEEL     CHEM_PETRCHEM  NON_FERR_MET   NON_MET_MINE   OTHERS         ROAD_CARS      ROAD_BUSES     ROAD_L_TRUCKS  ROAD_H_TRUCKS  ROAD_MC        ROAD_OTHERS    DOM_NAVI       RAILWAY_ETC    RESIDENT       COMM_PUB       AGR_FORE_FISH  OTHERS         SUB_TOTAL    
HARD_COAL           0.1790807E+06  0.1078616E+06  0.5359150E+04  0.2317301E+05  0.1317594E+05  0.0000000E+00  0.2179575E+05  0.0000000E+00  0.0000000E+00  0.0000000E+00  0.0000000E+00  0.0000000E+00  0.0000000E+00  0.0000000E+00  0.1442000E+04  0.9676511E+05  0.1160000E+04  0.4640000E+04  0.0000000E+00  0.4544533E+06
BROWN_COAL          0.0000000E+00  0.0000000E+00  0.0000000E+00  0.0000000E+00  0.0000000E+00  0.0000000E+00  0.0000000E+00  0.0000000E+00  0.0000000E+00  0.0000000E+00  0.0000000E+00  0.0000000E+00  0.0000000E+00  0.0000000E+00  0.0000000E+00  0.0000000E+00  0.0000000E+00  0.0000000E+00  0.0000000E+00  0.0000000E+00
DERIVED_COAL        0.0000000E+00  0.0000000E+00  0.0000000E+00  0.0000000E+00  0.0000000E+00  0.0000000E+00  0.0000000E+00  0.0000000E+00  0.0000000E+00  0.0000000E+00  0.0000000E+00  0.0000000E+00  0.0000000E+00  0.0000000E+00  0.0000000E+00  0.0000000E+00  0.0000000E+00  0.0000000E+00  0.0000000E+00  0.0000000E+00
NATURAL_GAS         0.0000000E+00  0.0000000E+00  0.0000000E+00  0.0000000E+00  0.0000000E+00  0.0000000E+00  0.0000000E+00  0.0000000E+00  0.0000000E+00  0.0000000E+00  0.0000000E+00  0.0000000E+00  0.0000000E+00  0.0000000E+00  0.0000000E+00  0.0000000E+00  0.0000000E+00  0.0000000E+00  0.0000000E+00  0.0000000E+00
COKE_OVEN_GAS       0.0000000E+00  0.0000000E+00  0.0000000E+00  0.0000000E+00  0.0000000E+00  0.0000000E+00  0.0000000E+00  0.0000000E+00  0.0000000E+00  0.0000000E+00  0.0000000E+00  0.0000000E+00  0.0000000E+00  0.0000000E+00  0.0000000E+00  0.0000000E+00  0.0000000E+00  0.0000000E+00  0.0000000E+00  0.0000000E+00
OTHER_GAS           0.0000000E+00  0.0000000E+00  0.0000000E+00  0.0000000E+00  0.0000000E+00  0.0000000E+00  0.0000000E+00  0.0000000E+00  0.0000000E+00  0.0000000E+00  0.0000000E+00  0.0000000E+00  0.0000000E+00  0.0000000E+00  0.0000000E+00  0.0000000E+00  0.0000000E+00  0.0000000E+00  0.0000000E+00  0.0000000E+00
MOTOR_GASOLINE      0.0000000E+00  0.0000000E+00  0.0000000E+00  0.0000000E+00  0.0000000E+00  0.0000000E+00  0.0000000E+00  0.4645442E+03  0.3299145E+03  0.4028019E+03  0.4766311E+03  0.5706703E+04  0.0000000E+00  0.0000000E+00  0.0000000E+00  0.0000000E+00  0.0000000E+00  0.5400000E+02  0.0000000E+00  0.7434595E+04
KEROSENE            0.0000000E+00  0.1328418E+02  0.2551429E+00  0.9507096E-01  0.3905470E+00  0.4697727E+00  0.4452849E+00  0.0000000E+00  0.0000000E+00  0.0000000E+00  0.0000000E+00  0.0000000E+00  0.0000000E+00  0.0000000E+00  0.0000000E+00  0.0000000E+00  0.2520000E+01  0.0000000E+00  0.0000000E+00  0.1746000E+02
OTHER_LF            0.9009000E+02  0.1342022E+03  0.2577559E+01  0.9604455E+00  0.3945466E+01  0.4745837E+01  0.4498449E+01  0.0000000E+00  0.0000000E+00  0.0000000E+00  0.0000000E+00  0.0000000E+00  0.0000000E+00  0.0000000E+00  0.0000000E+00  0.2160000E+03  0.5535000E+02  0.0000000E+00  0.0000000E+00  0.5123700E+03
DIESEL_OIL          0.1125349E+02  0.1281124E+03  0.1491637E+02  0.1440553E+02  0.2973058E+02  0.1825382E+02  0.9989966E+02  0.0000000E+00  0.2187571E+04  0.8102140E+03  0.4422686E+04  0.0000000E+00  0.9586534E+04  0.1805174E+02  0.2446701E+03  0.0000000E+00  0.2870787E+02  0.4613354E+03  0.1913857E+02  0.1809548E+05
CRUDE_OIL           0.2558500E+01  0.1504811E+03  0.0000000E+00  0.0000000E+00  0.0000000E+00  0.0000000E+00  0.1429650E-01  0.0000000E+00  0.0000000E+00  0.0000000E+00  0.0000000E+00  0.0000000E+00  0.0000000E+00  0.0000000E+00  0.0000000E+00  0.0000000E+00  0.0000000E+00  0.0000000E+00  0.0000000E+00  0.1530539E+03
HEAVY_FUEL_OIL      0.9520000E+01  0.1188805E+03  0.7190220E+02  0.7711679E+01  0.9518411E+02  0.1522505E+03  0.1615780E+02  0.0000000E+00  0.0000000E+00  0.0000000E+00  0.0000000E+00  0.0000000E+00  0.0000000E+00  0.0000000E+00  0.0000000E+00  0.0000000E+00  0.0000000E+00  0.0000000E+00  0.0000000E+00  0.4716068E+03
OTHER_HF            0.0000000E+00  0.3528717E+02  0.2134266E+02  0.2289050E+01  0.2825340E+02  0.4519236E+02  0.1489961E+03  0.0000000E+00  0.0000000E+00  0.0000000E+00  0.0000000E+00  0.0000000E+00  0.0000000E+00  0.0000000E+00  0.0000000E+00  0.0000000E+00  0.0000000E+00  0.0000000E+00  0.0000000E+00  0.2813607E+03
FUELWOOD            0.0000000E+00  0.0000000E+00  0.0000000E+00  0.0000000E+00  0.0000000E+00  0.0000000E+00  0.0000000E+00  0.0000000E+00  0.0000000E+00  0.0000000E+00  0.0000000E+00  0.0000000E+00  0.0000000E+00  0.0000000E+00  0.0000000E+00  0.4883962E+05  0.0000000E+00  0.0000000E+00  0.0000000E+00  0.4883962E+05
CROP_RESIDUE        0.0000000E+00  0.0000000E+00  0.0000000E+00  0.0000000E+00  0.0000000E+00  0.0000000E+00  0.0000000E+00  0.0000000E+00  0.0000000E+00  0.0000000E+00  0.0000000E+00  0.0000000E+00  0.0000000E+00  0.0000000E+00  0.0000000E+00  0.1578550E+06  0.0000000E+00  0.0000000E+00  0.0000000E+00  0.1578550E+06
ANIMAL_WASTE        0.0000000E+00  0.0000000E+00  0.0000000E+00  0.0000000E+00  0.0000000E+00  0.0000000E+00  0.0000000E+00  0.0000000E+00  0.0000000E+00  0.0000000E+00  0.0000000E+00  0.0000000E+00  0.0000000E+00  0.0000000E+00  0.0000000E+00  0.0000000E+00  0.0000000E+00  0.0000000E+00  0.0000000E+00  0.0000000E+00
OTHERS              0.0000000E+00  0.0000000E+00  0.0000000E+00  0.0000000E+00  0.0000000E+00  0.0000000E+00  0.0000000E+00  0.0000000E+00  0.0000000E+00  0.0000000E+00  0.0000000E+00  0.0000000E+00  0.0000000E+00  0.0000000E+00  0.0000000E+00  0.0000000E+00  0.0000000E+00  0.0000000E+00  0.0000000E+00  0.0000000E+00
SUB_TOTAL           0.1791941E+06  0.1084418E+06  0.5470144E+04  0.2319847E+05  0.1333344E+05  0.2209123E+03  0.2206576E+05  0.4645442E+03  0.2517485E+04  0.1213016E+04  0.4899317E+04  0.5706703E+04  0.9586534E+04  0.1805174E+02  0.1686670E+04  0.3036757E+06  0.1246578E+04  0.5155335E+04  0.1913857E+02  0.6881138E+06
  
Non-Combustion Sources [t/year]
  
Industry [t/year]
  
Sector
PIG_IRON            0.5841367E+05
CRUDE_STEEL         0.1528682E+05
IRON_STEEL_OTHERS   0.9286463E+04
ALUMINUM_ALUMINA    0.2124091E+05
COPPER              0.9303953E+04
ZINC                0.3344478E+05
LEAD                0.1883945E+06
CMENT               0.2287838E+06
BRICKS              0.2739629E+05
LIME                0.3084839E+06
COKE_OVENS          0.7863232E+05
OIL_REFINERY        0.3187622E+03
OTH_TRANSFORMATION  0.1785773E+05
SULPHRIC_ACID       0.0000000E+00
OTHERS              0.9390106E+03
SUB_TOTAL           0.9977829E+06
  
Total [t/year]
  
TOTAL               0.1685897E+07
