Year       : 2007
Country    : CHN
Sub-Region : YUNN
  
Combustion Sources [t/year]
  
Fuel Type           POWER_PLANTS   ENERGY         IRON_STEEL     CHEM_PETRCHEM  NON_FERR_MET   NON_MET_MINE   OTHERS         ROAD_CARS      ROAD_BUSES     ROAD_L_TRUCKS  ROAD_H_TRUCKS  ROAD_MC        ROAD_OTHERS    DOM_NAVI       RAILWAY_ETC    RESIDENT       COMM_PUB       AGR_FORE_FISH  OTHERS         SUB_TOTAL    
HARD_COAL           0.5938412E+05  0.2221499E+05  0.2682853E+04  0.7692952E+04  0.1392982E+04  0.0000000E+00  0.3592628E+04  0.0000000E+00  0.0000000E+00  0.0000000E+00  0.0000000E+00  0.0000000E+00  0.0000000E+00  0.0000000E+00  0.1799616E+04  0.2736846E+05  0.7804480E+03  0.9541696E+04  0.7618880E+03  0.1372126E+06
BROWN_COAL          0.0000000E+00  0.0000000E+00  0.0000000E+00  0.0000000E+00  0.0000000E+00  0.0000000E+00  0.0000000E+00  0.0000000E+00  0.0000000E+00  0.0000000E+00  0.0000000E+00  0.0000000E+00  0.0000000E+00  0.0000000E+00  0.0000000E+00  0.0000000E+00  0.0000000E+00  0.0000000E+00  0.0000000E+00  0.0000000E+00
DERIVED_COAL        0.0000000E+00  0.0000000E+00  0.0000000E+00  0.0000000E+00  0.0000000E+00  0.0000000E+00  0.0000000E+00  0.0000000E+00  0.0000000E+00  0.0000000E+00  0.0000000E+00  0.0000000E+00  0.0000000E+00  0.0000000E+00  0.0000000E+00  0.0000000E+00  0.0000000E+00  0.0000000E+00  0.0000000E+00  0.0000000E+00
NATURAL_GAS         0.0000000E+00  0.0000000E+00  0.0000000E+00  0.0000000E+00  0.0000000E+00  0.0000000E+00  0.0000000E+00  0.0000000E+00  0.0000000E+00  0.0000000E+00  0.0000000E+00  0.0000000E+00  0.0000000E+00  0.0000000E+00  0.0000000E+00  0.0000000E+00  0.0000000E+00  0.0000000E+00  0.0000000E+00  0.0000000E+00
COKE_OVEN_GAS       0.0000000E+00  0.0000000E+00  0.0000000E+00  0.0000000E+00  0.0000000E+00  0.0000000E+00  0.0000000E+00  0.0000000E+00  0.0000000E+00  0.0000000E+00  0.0000000E+00  0.0000000E+00  0.0000000E+00  0.0000000E+00  0.0000000E+00  0.0000000E+00  0.0000000E+00  0.0000000E+00  0.0000000E+00  0.0000000E+00
OTHER_GAS           0.0000000E+00  0.0000000E+00  0.0000000E+00  0.0000000E+00  0.0000000E+00  0.0000000E+00  0.0000000E+00  0.0000000E+00  0.0000000E+00  0.0000000E+00  0.0000000E+00  0.0000000E+00  0.0000000E+00  0.0000000E+00  0.0000000E+00  0.0000000E+00  0.0000000E+00  0.0000000E+00  0.0000000E+00  0.0000000E+00
MOTOR_GASOLINE      0.0000000E+00  0.0000000E+00  0.0000000E+00  0.0000000E+00  0.0000000E+00  0.0000000E+00  0.0000000E+00  0.3808904E+03  0.1481457E+03  0.4639155E+03  0.4660624E+03  0.1808435E+04  0.0000000E+00  0.0000000E+00  0.0000000E+00  0.0000000E+00  0.0000000E+00  0.7101000E+02  0.0000000E+00  0.3338459E+04
KEROSENE            0.0000000E+00  0.1201794E+00  0.2309498E+00  0.1210348E+00  0.4413709E+00  0.2754291E+00  0.4310359E+00  0.0000000E+00  0.0000000E+00  0.0000000E+00  0.0000000E+00  0.0000000E+00  0.0000000E+00  0.0000000E+00  0.0000000E+00  0.1800000E+00  0.9000000E-01  0.6300000E+00  0.5400000E+01  0.7920000E+01
OTHER_LF            0.0000000E+00  0.9190193E-01  0.1766087E+00  0.9255600E-01  0.3375189E+00  0.2106222E+00  0.2607921E+00  0.0000000E+00  0.0000000E+00  0.0000000E+00  0.0000000E+00  0.0000000E+00  0.0000000E+00  0.0000000E+00  0.0000000E+00  0.8991000E+02  0.3528000E+02  0.0000000E+00  0.2070000E+01  0.1284300E+03
DIESEL_OIL          0.7669785E+01  0.7596602E+01  0.1202225E+02  0.6300550E+01  0.2297586E+02  0.1433765E+02  0.7656571E+02  0.0000000E+00  0.9205125E+03  0.8744335E+03  0.4052542E+04  0.0000000E+00  0.1894317E+04  0.3426417E+01  0.1045873E+03  0.7674570E+02  0.1430608E+02  0.7210460E+02  0.1909073E+02  0.8179534E+04
CRUDE_OIL           0.0000000E+00  0.7564629E-01  0.1197166E+00  0.6274034E-01  0.2287917E+00  0.1427731E+00  0.1767815E+00  0.0000000E+00  0.0000000E+00  0.0000000E+00  0.0000000E+00  0.0000000E+00  0.0000000E+00  0.0000000E+00  0.0000000E+00  0.0000000E+00  0.0000000E+00  0.0000000E+00  0.0000000E+00  0.8064495E+00
HEAVY_FUEL_OIL      0.0000000E+00  0.3362821E+01  0.5321945E+01  0.2789093E+01  0.1017083E+02  0.6346912E+01  0.7858738E+01  0.0000000E+00  0.0000000E+00  0.0000000E+00  0.0000000E+00  0.0000000E+00  0.0000000E+00  0.0000000E+00  0.0000000E+00  0.0000000E+00  0.0000000E+00  0.0000000E+00  0.0000000E+00  0.3585034E+02
OTHER_HF            0.0000000E+00  0.2908944E+01  0.4603645E+01  0.2412651E+01  0.8798082E+01  0.5490274E+01  0.6798050E+01  0.0000000E+00  0.0000000E+00  0.0000000E+00  0.0000000E+00  0.0000000E+00  0.0000000E+00  0.1627400E+02  0.0000000E+00  0.0000000E+00  0.2250000E+00  0.0000000E+00  0.5250000E+00  0.4803565E+02
FUELWOOD            0.0000000E+00  0.0000000E+00  0.0000000E+00  0.0000000E+00  0.0000000E+00  0.0000000E+00  0.0000000E+00  0.0000000E+00  0.0000000E+00  0.0000000E+00  0.0000000E+00  0.0000000E+00  0.0000000E+00  0.0000000E+00  0.0000000E+00  0.6232378E+05  0.0000000E+00  0.0000000E+00  0.0000000E+00  0.6232378E+05
CROP_RESIDUE        0.0000000E+00  0.0000000E+00  0.0000000E+00  0.0000000E+00  0.0000000E+00  0.0000000E+00  0.0000000E+00  0.0000000E+00  0.0000000E+00  0.0000000E+00  0.0000000E+00  0.0000000E+00  0.0000000E+00  0.0000000E+00  0.0000000E+00  0.4047478E+05  0.0000000E+00  0.0000000E+00  0.0000000E+00  0.4047478E+05
ANIMAL_WASTE        0.0000000E+00  0.0000000E+00  0.0000000E+00  0.0000000E+00  0.0000000E+00  0.0000000E+00  0.0000000E+00  0.0000000E+00  0.0000000E+00  0.0000000E+00  0.0000000E+00  0.0000000E+00  0.0000000E+00  0.0000000E+00  0.0000000E+00  0.0000000E+00  0.0000000E+00  0.0000000E+00  0.0000000E+00  0.0000000E+00
OTHERS              0.0000000E+00  0.0000000E+00  0.0000000E+00  0.0000000E+00  0.0000000E+00  0.0000000E+00  0.0000000E+00  0.0000000E+00  0.0000000E+00  0.0000000E+00  0.0000000E+00  0.0000000E+00  0.0000000E+00  0.0000000E+00  0.0000000E+00  0.0000000E+00  0.0000000E+00  0.0000000E+00  0.0000000E+00  0.0000000E+00
SUB_TOTAL           0.5939179E+05  0.2222915E+05  0.2705328E+04  0.7704731E+04  0.1435934E+04  0.2680366E+02  0.3684719E+04  0.3808904E+03  0.1068658E+04  0.1338349E+04  0.4518604E+04  0.1808435E+04  0.1894317E+04  0.1970042E+02  0.1904203E+04  0.1303339E+06  0.8303491E+03  0.9685441E+04  0.7889737E+03  0.2517502E+06
  
Non-Combustion Sources [t/year]
  
Industry [t/year]
  
Sector
PIG_IRON            0.3557497E+05
CRUDE_STEEL         0.5937993E+04
IRON_STEEL_OTHERS   0.6266554E+04
ALUMINUM_ALUMINA    0.4566280E+04
COPPER              0.4651976E+05
ZINC                0.1543602E+06
LEAD                0.7682215E+05
CMENT               0.8619897E+05
BRICKS              0.1502222E+05
LIME                0.3215511E+05
COKE_OVENS          0.4805578E+05
OIL_REFINERY        0.0000000E+00
OTH_TRANSFORMATION  0.8457419E+04
SULPHRIC_ACID       0.0000000E+00
OTHERS              0.1461645E+02
SUB_TOTAL           0.5199520E+06
  
Total [t/year]
  
TOTAL               0.7717023E+06
