Year       : 2007
Country    : CHN
Sub-Region : JINU
  
Combustion Sources [t/year]
  
Fuel Type           POWER_PLANTS   ENERGY         IRON_STEEL     CHEM_PETRCHEM  NON_FERR_MET   NON_MET_MINE   OTHERS         ROAD_CARS      ROAD_BUSES     ROAD_L_TRUCKS  ROAD_H_TRUCKS  ROAD_MC        ROAD_OTHERS    DOM_NAVI       RAILWAY_ETC    RESIDENT       COMM_PUB       AGR_FORE_FISH  OTHERS         SUB_TOTAL    
HARD_COAL           0.2180239E+06  0.1394395E+05  0.0000000E+00  0.0000000E+00  0.0000000E+00  0.0000000E+00  0.8933418E+05  0.0000000E+00  0.0000000E+00  0.0000000E+00  0.0000000E+00  0.0000000E+00  0.0000000E+00  0.0000000E+00  0.3049830E+04  0.6968682E+04  0.1856000E+04  0.2923664E+04  0.0000000E+00  0.3361002E+06
BROWN_COAL          0.0000000E+00  0.0000000E+00  0.0000000E+00  0.0000000E+00  0.0000000E+00  0.0000000E+00  0.0000000E+00  0.0000000E+00  0.0000000E+00  0.0000000E+00  0.0000000E+00  0.0000000E+00  0.0000000E+00  0.0000000E+00  0.0000000E+00  0.0000000E+00  0.0000000E+00  0.0000000E+00  0.0000000E+00  0.0000000E+00
DERIVED_COAL        0.0000000E+00  0.0000000E+00  0.0000000E+00  0.0000000E+00  0.0000000E+00  0.0000000E+00  0.0000000E+00  0.0000000E+00  0.0000000E+00  0.0000000E+00  0.0000000E+00  0.0000000E+00  0.0000000E+00  0.0000000E+00  0.0000000E+00  0.0000000E+00  0.0000000E+00  0.0000000E+00  0.0000000E+00  0.0000000E+00
NATURAL_GAS         0.0000000E+00  0.0000000E+00  0.0000000E+00  0.0000000E+00  0.0000000E+00  0.0000000E+00  0.0000000E+00  0.0000000E+00  0.0000000E+00  0.0000000E+00  0.0000000E+00  0.0000000E+00  0.0000000E+00  0.0000000E+00  0.0000000E+00  0.0000000E+00  0.0000000E+00  0.0000000E+00  0.0000000E+00  0.0000000E+00
COKE_OVEN_GAS       0.0000000E+00  0.0000000E+00  0.0000000E+00  0.0000000E+00  0.0000000E+00  0.0000000E+00  0.0000000E+00  0.0000000E+00  0.0000000E+00  0.0000000E+00  0.0000000E+00  0.0000000E+00  0.0000000E+00  0.0000000E+00  0.0000000E+00  0.0000000E+00  0.0000000E+00  0.0000000E+00  0.0000000E+00  0.0000000E+00
OTHER_GAS           0.0000000E+00  0.0000000E+00  0.0000000E+00  0.0000000E+00  0.0000000E+00  0.0000000E+00  0.0000000E+00  0.0000000E+00  0.0000000E+00  0.0000000E+00  0.0000000E+00  0.0000000E+00  0.0000000E+00  0.0000000E+00  0.0000000E+00  0.0000000E+00  0.0000000E+00  0.0000000E+00  0.0000000E+00  0.0000000E+00
MOTOR_GASOLINE      0.0000000E+00  0.0000000E+00  0.0000000E+00  0.0000000E+00  0.0000000E+00  0.0000000E+00  0.0000000E+00  0.1086856E+04  0.5785826E+03  0.3841451E+03  0.5078254E+03  0.2115069E+05  0.0000000E+00  0.0000000E+00  0.0000000E+00  0.0000000E+00  0.0000000E+00  0.1415700E+03  0.0000000E+00  0.2384967E+05
KEROSENE            0.0000000E+00  0.0000000E+00  0.0000000E+00  0.0000000E+00  0.0000000E+00  0.0000000E+00  0.3996000E+02  0.0000000E+00  0.0000000E+00  0.0000000E+00  0.0000000E+00  0.0000000E+00  0.0000000E+00  0.0000000E+00  0.0000000E+00  0.0000000E+00  0.2700000E+00  0.9000000E-01  0.1350000E+01  0.4167000E+02
OTHER_LF            0.2358000E+02  0.0000000E+00  0.0000000E+00  0.0000000E+00  0.0000000E+00  0.0000000E+00  0.9000900E+03  0.0000000E+00  0.0000000E+00  0.0000000E+00  0.0000000E+00  0.0000000E+00  0.0000000E+00  0.0000000E+00  0.0000000E+00  0.6130800E+03  0.5886000E+02  0.0000000E+00  0.0000000E+00  0.1595610E+04
DIESEL_OIL          0.2009551E+02  0.0000000E+00  0.0000000E+00  0.0000000E+00  0.0000000E+00  0.0000000E+00  0.4680578E+03  0.0000000E+00  0.3745310E+04  0.7543368E+03  0.4600237E+04  0.0000000E+00  0.1927083E+04  0.5499735E+03  0.5894500E+02  0.0000000E+00  0.3320543E+02  0.5837265E+03  0.1818165E+02  0.1275915E+05
CRUDE_OIL           0.0000000E+00  0.6422314E+01  0.0000000E+00  0.0000000E+00  0.0000000E+00  0.0000000E+00  0.1058171E+03  0.0000000E+00  0.0000000E+00  0.0000000E+00  0.0000000E+00  0.0000000E+00  0.0000000E+00  0.0000000E+00  0.0000000E+00  0.0000000E+00  0.0000000E+00  0.0000000E+00  0.0000000E+00  0.1122394E+03
HEAVY_FUEL_OIL      0.3039838E+03  0.8376932E+02  0.0000000E+00  0.0000000E+00  0.0000000E+00  0.0000000E+00  0.1397311E+04  0.0000000E+00  0.0000000E+00  0.0000000E+00  0.0000000E+00  0.0000000E+00  0.0000000E+00  0.2837650E+03  0.0000000E+00  0.0000000E+00  0.0000000E+00  0.3015000E+02  0.0000000E+00  0.2098979E+04
OTHER_HF            0.2665600E+02  0.7270010E+02  0.0000000E+00  0.0000000E+00  0.0000000E+00  0.0000000E+00  0.1832322E+04  0.0000000E+00  0.0000000E+00  0.0000000E+00  0.0000000E+00  0.0000000E+00  0.0000000E+00  0.0000000E+00  0.0000000E+00  0.0000000E+00  0.0000000E+00  0.0000000E+00  0.0000000E+00  0.1931678E+04
FUELWOOD            0.0000000E+00  0.0000000E+00  0.0000000E+00  0.0000000E+00  0.0000000E+00  0.0000000E+00  0.0000000E+00  0.0000000E+00  0.0000000E+00  0.0000000E+00  0.0000000E+00  0.0000000E+00  0.0000000E+00  0.0000000E+00  0.0000000E+00  0.1044288E+05  0.0000000E+00  0.0000000E+00  0.0000000E+00  0.1044288E+05
CROP_RESIDUE        0.0000000E+00  0.0000000E+00  0.0000000E+00  0.0000000E+00  0.0000000E+00  0.0000000E+00  0.0000000E+00  0.0000000E+00  0.0000000E+00  0.0000000E+00  0.0000000E+00  0.0000000E+00  0.0000000E+00  0.0000000E+00  0.0000000E+00  0.1526400E+06  0.0000000E+00  0.0000000E+00  0.0000000E+00  0.1526400E+06
ANIMAL_WASTE        0.0000000E+00  0.0000000E+00  0.0000000E+00  0.0000000E+00  0.0000000E+00  0.0000000E+00  0.0000000E+00  0.0000000E+00  0.0000000E+00  0.0000000E+00  0.0000000E+00  0.0000000E+00  0.0000000E+00  0.0000000E+00  0.0000000E+00  0.0000000E+00  0.0000000E+00  0.0000000E+00  0.0000000E+00  0.0000000E+00
OTHERS              0.0000000E+00  0.0000000E+00  0.0000000E+00  0.0000000E+00  0.0000000E+00  0.0000000E+00  0.0000000E+00  0.0000000E+00  0.0000000E+00  0.0000000E+00  0.0000000E+00  0.0000000E+00  0.0000000E+00  0.0000000E+00  0.0000000E+00  0.0000000E+00  0.0000000E+00  0.0000000E+00  0.0000000E+00  0.0000000E+00
SUB_TOTAL           0.2183982E+06  0.1410684E+05  0.0000000E+00  0.0000000E+00  0.0000000E+00  0.0000000E+00  0.9407774E+05  0.1086856E+04  0.4323893E+04  0.1138482E+04  0.5108062E+04  0.2115069E+05  0.1927083E+04  0.8337385E+03  0.3108775E+04  0.1706646E+06  0.1948335E+04  0.3679201E+04  0.1953165E+02  0.5415721E+06
  
Non-Combustion Sources [t/year]
  
Industry [t/year]
  
Sector
PIG_IRON            0.1124573E+06
CRUDE_STEEL         0.3172038E+05
IRON_STEEL_OTHERS   0.2562024E+05
ALUMINUM_ALUMINA    0.0000000E+00
COPPER              0.3721582E+05
ZINC                0.0000000E+00
LEAD                0.2381575E+05
CMENT               0.2862351E+06
BRICKS              0.1200330E+06
LIME                0.8380307E+05
COKE_OVENS          0.4461350E+05
OIL_REFINERY        0.1119736E+04
OTH_TRANSFORMATION  0.2514310E+03
SULPHRIC_ACID       0.0000000E+00
OTHERS              0.1042553E+04
SUB_TOTAL           0.7679279E+06
  
Total [t/year]
  
TOTAL               0.1309500E+07
