Year       : 2007
Country    : CHN
Sub-Region : HUBE
  
Combustion Sources [t/year]
  
Fuel Type           POWER_PLANTS   ENERGY         IRON_STEEL     CHEM_PETRCHEM  NON_FERR_MET   NON_MET_MINE   OTHERS         ROAD_CARS      ROAD_BUSES     ROAD_L_TRUCKS  ROAD_H_TRUCKS  ROAD_MC        ROAD_OTHERS    DOM_NAVI       RAILWAY_ETC    RESIDENT       COMM_PUB       AGR_FORE_FISH  OTHERS         SUB_TOTAL    
HARD_COAL           0.7819474E+05  0.8196783E+03  0.1742737E+05  0.4433891E+05  0.3192472E+04  0.0000000E+00  0.2717682E+05  0.0000000E+00  0.0000000E+00  0.0000000E+00  0.0000000E+00  0.0000000E+00  0.0000000E+00  0.0000000E+00  0.9985850E+04  0.4791817E+05  0.6768368E+04  0.4114752E+04  0.2640160E+04  0.2425773E+06
BROWN_COAL          0.0000000E+00  0.0000000E+00  0.0000000E+00  0.0000000E+00  0.0000000E+00  0.0000000E+00  0.0000000E+00  0.0000000E+00  0.0000000E+00  0.0000000E+00  0.0000000E+00  0.0000000E+00  0.0000000E+00  0.0000000E+00  0.0000000E+00  0.0000000E+00  0.0000000E+00  0.0000000E+00  0.0000000E+00  0.0000000E+00
DERIVED_COAL        0.0000000E+00  0.0000000E+00  0.0000000E+00  0.0000000E+00  0.0000000E+00  0.0000000E+00  0.0000000E+00  0.0000000E+00  0.0000000E+00  0.0000000E+00  0.0000000E+00  0.0000000E+00  0.0000000E+00  0.0000000E+00  0.0000000E+00  0.0000000E+00  0.0000000E+00  0.0000000E+00  0.0000000E+00  0.0000000E+00
NATURAL_GAS         0.0000000E+00  0.0000000E+00  0.0000000E+00  0.0000000E+00  0.0000000E+00  0.0000000E+00  0.0000000E+00  0.0000000E+00  0.0000000E+00  0.0000000E+00  0.0000000E+00  0.0000000E+00  0.0000000E+00  0.0000000E+00  0.0000000E+00  0.0000000E+00  0.0000000E+00  0.0000000E+00  0.0000000E+00  0.0000000E+00
COKE_OVEN_GAS       0.0000000E+00  0.0000000E+00  0.0000000E+00  0.0000000E+00  0.0000000E+00  0.0000000E+00  0.0000000E+00  0.0000000E+00  0.0000000E+00  0.0000000E+00  0.0000000E+00  0.0000000E+00  0.0000000E+00  0.0000000E+00  0.0000000E+00  0.0000000E+00  0.0000000E+00  0.0000000E+00  0.0000000E+00  0.0000000E+00
OTHER_GAS           0.0000000E+00  0.0000000E+00  0.0000000E+00  0.0000000E+00  0.0000000E+00  0.0000000E+00  0.0000000E+00  0.0000000E+00  0.0000000E+00  0.0000000E+00  0.0000000E+00  0.0000000E+00  0.0000000E+00  0.0000000E+00  0.0000000E+00  0.0000000E+00  0.0000000E+00  0.0000000E+00  0.0000000E+00  0.0000000E+00
MOTOR_GASOLINE      0.0000000E+00  0.0000000E+00  0.0000000E+00  0.0000000E+00  0.0000000E+00  0.0000000E+00  0.0000000E+00  0.2428126E+03  0.2178804E+03  0.2950911E+03  0.2984154E+03  0.4520754E+05  0.0000000E+00  0.0000000E+00  0.0000000E+00  0.0000000E+00  0.0000000E+00  0.1540800E+03  0.0000000E+00  0.4641582E+05
KEROSENE            0.0000000E+00  0.6952149E+01  0.5214111E+01  0.1052217E+02  0.1597115E+01  0.6012670E+01  0.3288177E+02  0.0000000E+00  0.0000000E+00  0.0000000E+00  0.0000000E+00  0.0000000E+00  0.0000000E+00  0.0000000E+00  0.0000000E+00  0.4320000E+02  0.0000000E+00  0.0000000E+00  0.0000000E+00  0.1063800E+03
OTHER_LF            0.8757000E+02  0.3131438E+02  0.2348578E+02  0.4739475E+02  0.7193843E+01  0.2708271E+02  0.1481085E+03  0.0000000E+00  0.0000000E+00  0.0000000E+00  0.0000000E+00  0.0000000E+00  0.0000000E+00  0.0000000E+00  0.0000000E+00  0.4609800E+03  0.7020000E+02  0.0000000E+00  0.0000000E+00  0.9033300E+03
DIESEL_OIL          0.8775037E+01  0.9227751E+02  0.7729005E+02  0.4474005E+02  0.1452430E+02  0.4824144E+02  0.3973388E+03  0.0000000E+00  0.1406486E+04  0.5778578E+03  0.2695764E+04  0.0000000E+00  0.5080212E+02  0.1184935E+03  0.8317140E+02  0.3751160E+02  0.1066976E+03  0.6416685E+03  0.0000000E+00  0.6401640E+04
CRUDE_OIL           0.0000000E+00  0.1146375E+02  0.9093454E+01  0.7318489E+01  0.1877856E+01  0.6431014E+01  0.3476606E+02  0.0000000E+00  0.0000000E+00  0.0000000E+00  0.0000000E+00  0.0000000E+00  0.0000000E+00  0.0000000E+00  0.0000000E+00  0.0000000E+00  0.0000000E+00  0.0000000E+00  0.0000000E+00  0.7095062E+02
HEAVY_FUEL_OIL      0.3986500E+02  0.1046126E+03  0.8298249E+02  0.6678506E+02  0.1713642E+02  0.5868636E+02  0.3172585E+03  0.0000000E+00  0.0000000E+00  0.0000000E+00  0.0000000E+00  0.0000000E+00  0.0000000E+00  0.3048800E+03  0.0000000E+00  0.0000000E+00  0.0000000E+00  0.0000000E+00  0.0000000E+00  0.9922064E+03
OTHER_HF            0.5099150E+02  0.2159284E+03  0.1712822E+03  0.1378494E+03  0.3537087E+02  0.1211331E+03  0.6548456E+03  0.0000000E+00  0.0000000E+00  0.0000000E+00  0.0000000E+00  0.0000000E+00  0.0000000E+00  0.0000000E+00  0.0000000E+00  0.0000000E+00  0.0000000E+00  0.0000000E+00  0.0000000E+00  0.1387401E+04
FUELWOOD            0.0000000E+00  0.0000000E+00  0.0000000E+00  0.0000000E+00  0.0000000E+00  0.0000000E+00  0.0000000E+00  0.0000000E+00  0.0000000E+00  0.0000000E+00  0.0000000E+00  0.0000000E+00  0.0000000E+00  0.0000000E+00  0.0000000E+00  0.5714669E+05  0.0000000E+00  0.0000000E+00  0.0000000E+00  0.5714669E+05
CROP_RESIDUE        0.0000000E+00  0.0000000E+00  0.0000000E+00  0.0000000E+00  0.0000000E+00  0.0000000E+00  0.0000000E+00  0.0000000E+00  0.0000000E+00  0.0000000E+00  0.0000000E+00  0.0000000E+00  0.0000000E+00  0.0000000E+00  0.0000000E+00  0.1157191E+06  0.0000000E+00  0.0000000E+00  0.0000000E+00  0.1157191E+06
ANIMAL_WASTE        0.0000000E+00  0.0000000E+00  0.0000000E+00  0.0000000E+00  0.0000000E+00  0.0000000E+00  0.0000000E+00  0.0000000E+00  0.0000000E+00  0.0000000E+00  0.0000000E+00  0.0000000E+00  0.0000000E+00  0.0000000E+00  0.0000000E+00  0.0000000E+00  0.0000000E+00  0.0000000E+00  0.0000000E+00  0.0000000E+00
OTHERS              0.0000000E+00  0.0000000E+00  0.0000000E+00  0.0000000E+00  0.0000000E+00  0.0000000E+00  0.0000000E+00  0.0000000E+00  0.0000000E+00  0.0000000E+00  0.0000000E+00  0.0000000E+00  0.0000000E+00  0.0000000E+00  0.0000000E+00  0.0000000E+00  0.0000000E+00  0.0000000E+00  0.0000000E+00  0.0000000E+00
SUB_TOTAL           0.7838194E+05  0.1282227E+04  0.1779672E+05  0.4465352E+05  0.3270172E+04  0.2675873E+03  0.2876202E+05  0.2428126E+03  0.1624366E+04  0.8729489E+03  0.2994179E+04  0.4520754E+05  0.5080212E+02  0.4233735E+03  0.1006902E+05  0.2213257E+06  0.6945266E+04  0.4910501E+04  0.2640160E+04  0.4717208E+06
  
Non-Combustion Sources [t/year]
  
Industry [t/year]
  
Sector
PIG_IRON            0.4968364E+05
CRUDE_STEEL         0.1194633E+05
IRON_STEEL_OTHERS   0.1444302E+05
ALUMINUM_ALUMINA    0.9952718E+03
COPPER              0.3721582E+05
ZINC                0.0000000E+00
LEAD                0.1031093E+05
CMENT               0.1362082E+06
BRICKS              0.3151902E+05
LIME                0.6655109E+05
COKE_OVENS          0.2840623E+05
OIL_REFINERY        0.4127989E+03
OTH_TRANSFORMATION  0.2655443E+04
SULPHRIC_ACID       0.0000000E+00
OTHERS              0.4986188E+02
SUB_TOTAL           0.3903977E+06
  
Total [t/year]
  
TOTAL               0.8621185E+06
