Year       : 2007
Country    : CHN
Sub-Region : FUJI
  
Combustion Sources [t/year]
  
Fuel Type           POWER_PLANTS   ENERGY         IRON_STEEL     CHEM_PETRCHEM  NON_FERR_MET   NON_MET_MINE   OTHERS         ROAD_CARS      ROAD_BUSES     ROAD_L_TRUCKS  ROAD_H_TRUCKS  ROAD_MC        ROAD_OTHERS    DOM_NAVI       RAILWAY_ETC    RESIDENT       COMM_PUB       AGR_FORE_FISH  OTHERS         SUB_TOTAL    
HARD_COAL           0.7122522E+05  0.2074932E+04  0.3331970E+04  0.1675020E+05  0.1668422E+03  0.0000000E+00  0.1398014E+05  0.0000000E+00  0.0000000E+00  0.0000000E+00  0.0000000E+00  0.0000000E+00  0.0000000E+00  0.0000000E+00  0.4181800E+03  0.1186290E+05  0.1321008E+04  0.2901856E+04  0.2962176E+04  0.1269954E+06
BROWN_COAL          0.0000000E+00  0.0000000E+00  0.0000000E+00  0.0000000E+00  0.0000000E+00  0.0000000E+00  0.0000000E+00  0.0000000E+00  0.0000000E+00  0.0000000E+00  0.0000000E+00  0.0000000E+00  0.0000000E+00  0.0000000E+00  0.0000000E+00  0.0000000E+00  0.0000000E+00  0.0000000E+00  0.0000000E+00  0.0000000E+00
DERIVED_COAL        0.0000000E+00  0.0000000E+00  0.0000000E+00  0.0000000E+00  0.0000000E+00  0.0000000E+00  0.0000000E+00  0.0000000E+00  0.0000000E+00  0.0000000E+00  0.0000000E+00  0.0000000E+00  0.0000000E+00  0.0000000E+00  0.0000000E+00  0.0000000E+00  0.0000000E+00  0.0000000E+00  0.0000000E+00  0.0000000E+00
NATURAL_GAS         0.0000000E+00  0.0000000E+00  0.0000000E+00  0.0000000E+00  0.0000000E+00  0.0000000E+00  0.0000000E+00  0.0000000E+00  0.0000000E+00  0.0000000E+00  0.0000000E+00  0.0000000E+00  0.0000000E+00  0.0000000E+00  0.0000000E+00  0.0000000E+00  0.0000000E+00  0.0000000E+00  0.0000000E+00  0.0000000E+00
COKE_OVEN_GAS       0.0000000E+00  0.0000000E+00  0.0000000E+00  0.0000000E+00  0.0000000E+00  0.0000000E+00  0.0000000E+00  0.0000000E+00  0.0000000E+00  0.0000000E+00  0.0000000E+00  0.0000000E+00  0.0000000E+00  0.0000000E+00  0.0000000E+00  0.0000000E+00  0.0000000E+00  0.0000000E+00  0.0000000E+00  0.0000000E+00
OTHER_GAS           0.0000000E+00  0.0000000E+00  0.0000000E+00  0.0000000E+00  0.0000000E+00  0.0000000E+00  0.0000000E+00  0.0000000E+00  0.0000000E+00  0.0000000E+00  0.0000000E+00  0.0000000E+00  0.0000000E+00  0.0000000E+00  0.0000000E+00  0.0000000E+00  0.0000000E+00  0.0000000E+00  0.0000000E+00  0.0000000E+00
MOTOR_GASOLINE      0.0000000E+00  0.0000000E+00  0.0000000E+00  0.0000000E+00  0.0000000E+00  0.0000000E+00  0.0000000E+00  0.2673743E+03  0.1435707E+03  0.3742089E+03  0.1398525E+03  0.4548373E+04  0.0000000E+00  0.0000000E+00  0.0000000E+00  0.0000000E+00  0.0000000E+00  0.1278000E+03  0.0000000E+00  0.5601179E+04
KEROSENE            0.0000000E+00  0.0000000E+00  0.3074585E+01  0.2590159E+02  0.4057737E+01  0.1111855E+02  0.2820753E+02  0.0000000E+00  0.0000000E+00  0.0000000E+00  0.0000000E+00  0.0000000E+00  0.0000000E+00  0.0000000E+00  0.0000000E+00  0.0000000E+00  0.0000000E+00  0.0000000E+00  0.0000000E+00  0.7235999E+02
OTHER_LF            0.5382000E+02  0.2101047E+01  0.7938328E+01  0.3233704E+02  0.2091692E+01  0.1449405E+02  0.1449778E+03  0.0000000E+00  0.0000000E+00  0.0000000E+00  0.0000000E+00  0.0000000E+00  0.0000000E+00  0.0000000E+00  0.0000000E+00  0.7726500E+03  0.3294000E+02  0.1800000E+00  0.0000000E+00  0.1063530E+04
DIESEL_OIL          0.3784653E+01  0.5678823E+01  0.3700287E+02  0.3740177E+02  0.3590073E+02  0.1778821E+03  0.2283128E+03  0.0000000E+00  0.8536485E+03  0.6749552E+03  0.1163660E+04  0.0000000E+00  0.3290006E+03  0.2267071E+03  0.1734334E+02  0.3148297E+02  0.4684166E+02  0.5469325E+03  0.1202860E+03  0.4536822E+04
CRUDE_OIL           0.0000000E+00  0.0000000E+00  0.0000000E+00  0.0000000E+00  0.0000000E+00  0.0000000E+00  0.0000000E+00  0.0000000E+00  0.0000000E+00  0.0000000E+00  0.0000000E+00  0.0000000E+00  0.0000000E+00  0.0000000E+00  0.0000000E+00  0.0000000E+00  0.0000000E+00  0.0000000E+00  0.0000000E+00  0.0000000E+00
HEAVY_FUEL_OIL      0.1570800E+02  0.9965037E+01  0.2354454E+02  0.7562079E+02  0.3280369E+02  0.3548244E+03  0.2002603E+03  0.0000000E+00  0.0000000E+00  0.0000000E+00  0.0000000E+00  0.0000000E+00  0.0000000E+00  0.2196990E+03  0.0000000E+00  0.0000000E+00  0.0000000E+00  0.3405000E+02  0.0000000E+00  0.9664758E+03
OTHER_HF            0.0000000E+00  0.5430494E+01  0.1283071E+02  0.4120994E+02  0.1787653E+02  0.1933633E+03  0.1968065E+03  0.0000000E+00  0.0000000E+00  0.0000000E+00  0.0000000E+00  0.0000000E+00  0.0000000E+00  0.0000000E+00  0.0000000E+00  0.3495000E+02  0.0000000E+00  0.8647500E+02  0.0000000E+00  0.5889425E+03
FUELWOOD            0.0000000E+00  0.0000000E+00  0.0000000E+00  0.0000000E+00  0.0000000E+00  0.0000000E+00  0.0000000E+00  0.0000000E+00  0.0000000E+00  0.0000000E+00  0.0000000E+00  0.0000000E+00  0.0000000E+00  0.0000000E+00  0.0000000E+00  0.3111091E+05  0.0000000E+00  0.0000000E+00  0.0000000E+00  0.3111091E+05
CROP_RESIDUE        0.0000000E+00  0.0000000E+00  0.0000000E+00  0.0000000E+00  0.0000000E+00  0.0000000E+00  0.0000000E+00  0.0000000E+00  0.0000000E+00  0.0000000E+00  0.0000000E+00  0.0000000E+00  0.0000000E+00  0.0000000E+00  0.0000000E+00  0.1101976E+05  0.0000000E+00  0.0000000E+00  0.0000000E+00  0.1101976E+05
ANIMAL_WASTE        0.0000000E+00  0.0000000E+00  0.0000000E+00  0.0000000E+00  0.0000000E+00  0.0000000E+00  0.0000000E+00  0.0000000E+00  0.0000000E+00  0.0000000E+00  0.0000000E+00  0.0000000E+00  0.0000000E+00  0.0000000E+00  0.0000000E+00  0.0000000E+00  0.0000000E+00  0.0000000E+00  0.0000000E+00  0.0000000E+00
OTHERS              0.0000000E+00  0.0000000E+00  0.0000000E+00  0.0000000E+00  0.0000000E+00  0.0000000E+00  0.0000000E+00  0.0000000E+00  0.0000000E+00  0.0000000E+00  0.0000000E+00  0.0000000E+00  0.0000000E+00  0.0000000E+00  0.0000000E+00  0.0000000E+00  0.0000000E+00  0.0000000E+00  0.0000000E+00  0.0000000E+00
SUB_TOTAL           0.7129853E+05  0.2098107E+04  0.3416361E+04  0.1696267E+05  0.2595726E+03  0.7516824E+03  0.1477870E+05  0.2673743E+03  0.9972192E+03  0.1049164E+04  0.1303513E+04  0.4548373E+04  0.3290006E+03  0.4464061E+03  0.4355233E+03  0.5483265E+05  0.1400790E+04  0.3697294E+04  0.3082462E+04  0.1819554E+06
  
Non-Combustion Sources [t/year]
  
Industry [t/year]
  
Sector
PIG_IRON            0.1413440E+05
CRUDE_STEEL         0.3955885E+04
IRON_STEEL_OTHERS   0.3456486E+04
ALUMINUM_ALUMINA    0.0000000E+00
COPPER              0.0000000E+00
ZINC                0.0000000E+00
LEAD                0.0000000E+00
CMENT               0.1087013E+06
BRICKS              0.2337255E+05
LIME                0.1725198E+05
COKE_OVENS          0.3687766E+04
OIL_REFINERY        0.1624354E+03
OTH_TRANSFORMATION  0.7858900E+02
SULPHRIC_ACID       0.0000000E+00
OTHERS              0.8587964E+01
SUB_TOTAL           0.1748100E+06
  
Total [t/year]
  
TOTAL               0.3567654E+06
