Year       : 2007
Country    : CHN
Sub-Region : GANS
  
Combustion Sources [t/year]
  
Fuel Type           POWER_PLANTS   ENERGY         IRON_STEEL     CHEM_PETRCHEM  NON_FERR_MET   NON_MET_MINE   OTHERS         ROAD_CARS      ROAD_BUSES     ROAD_L_TRUCKS  ROAD_H_TRUCKS  ROAD_MC        ROAD_OTHERS    DOM_NAVI       RAILWAY_ETC    RESIDENT       COMM_PUB       AGR_FORE_FISH  OTHERS         SUB_TOTAL    
HARD_COAL           0.4279185E+05  0.3346347E+04  0.8500054E+04  0.3409567E+04  0.1857576E+04  0.0000000E+00  0.2581997E+04  0.0000000E+00  0.0000000E+00  0.0000000E+00  0.0000000E+00  0.0000000E+00  0.0000000E+00  0.0000000E+00  0.3935939E+04  0.3148740E+05  0.1154600E+04  0.1897560E+04  0.7781000E+03  0.1017410E+06
BROWN_COAL          0.0000000E+00  0.0000000E+00  0.0000000E+00  0.0000000E+00  0.0000000E+00  0.0000000E+00  0.0000000E+00  0.0000000E+00  0.0000000E+00  0.0000000E+00  0.0000000E+00  0.0000000E+00  0.0000000E+00  0.0000000E+00  0.0000000E+00  0.0000000E+00  0.0000000E+00  0.0000000E+00  0.0000000E+00  0.0000000E+00
DERIVED_COAL        0.0000000E+00  0.0000000E+00  0.0000000E+00  0.0000000E+00  0.0000000E+00  0.0000000E+00  0.0000000E+00  0.0000000E+00  0.0000000E+00  0.0000000E+00  0.0000000E+00  0.0000000E+00  0.0000000E+00  0.0000000E+00  0.0000000E+00  0.0000000E+00  0.0000000E+00  0.0000000E+00  0.0000000E+00  0.0000000E+00
NATURAL_GAS         0.0000000E+00  0.0000000E+00  0.0000000E+00  0.0000000E+00  0.0000000E+00  0.0000000E+00  0.0000000E+00  0.0000000E+00  0.0000000E+00  0.0000000E+00  0.0000000E+00  0.0000000E+00  0.0000000E+00  0.0000000E+00  0.0000000E+00  0.0000000E+00  0.0000000E+00  0.0000000E+00  0.0000000E+00  0.0000000E+00
COKE_OVEN_GAS       0.0000000E+00  0.0000000E+00  0.0000000E+00  0.0000000E+00  0.0000000E+00  0.0000000E+00  0.0000000E+00  0.0000000E+00  0.0000000E+00  0.0000000E+00  0.0000000E+00  0.0000000E+00  0.0000000E+00  0.0000000E+00  0.0000000E+00  0.0000000E+00  0.0000000E+00  0.0000000E+00  0.0000000E+00  0.0000000E+00
OTHER_GAS           0.0000000E+00  0.0000000E+00  0.0000000E+00  0.0000000E+00  0.0000000E+00  0.0000000E+00  0.0000000E+00  0.0000000E+00  0.0000000E+00  0.0000000E+00  0.0000000E+00  0.0000000E+00  0.0000000E+00  0.0000000E+00  0.0000000E+00  0.0000000E+00  0.0000000E+00  0.0000000E+00  0.0000000E+00  0.0000000E+00
MOTOR_GASOLINE      0.0000000E+00  0.0000000E+00  0.0000000E+00  0.0000000E+00  0.0000000E+00  0.0000000E+00  0.0000000E+00  0.7750442E+02  0.8005306E+02  0.1244964E+03  0.1329981E+03  0.3735936E+03  0.0000000E+00  0.0000000E+00  0.0000000E+00  0.0000000E+00  0.0000000E+00  0.2925000E+02  0.0000000E+00  0.8178956E+03
KEROSENE            0.0000000E+00  0.6103125E+00  0.2615625E+00  0.1743750E+00  0.7846875E+00  0.1743750E+00  0.9646875E+00  0.0000000E+00  0.0000000E+00  0.0000000E+00  0.0000000E+00  0.0000000E+00  0.0000000E+00  0.0000000E+00  0.0000000E+00  0.9000000E-01  0.9000000E-01  0.9000000E-01  0.1800000E+00  0.3420000E+01
OTHER_LF            0.1590300E+03  0.1668933E+03  0.3637418E+02  0.5020213E+02  0.5599108E+02  0.2139657E+02  0.8719275E+02  0.0000000E+00  0.0000000E+00  0.0000000E+00  0.0000000E+00  0.0000000E+00  0.0000000E+00  0.0000000E+00  0.0000000E+00  0.4491000E+02  0.1800000E+00  0.0000000E+00  0.0000000E+00  0.6221700E+03
DIESEL_OIL          0.1004775E+01  0.1454186E+02  0.5108722E+01  0.2919271E+01  0.1025062E+02  0.5407286E+01  0.3628036E+02  0.0000000E+00  0.6510894E+03  0.3071615E+03  0.1513739E+04  0.0000000E+00  0.1131890E+04  0.5527805E-01  0.4203341E+02  0.1435394E+00  0.3588483E+01  0.1162669E+03  0.5263110E+01  0.3846744E+04
CRUDE_OIL           0.0000000E+00  0.5025370E+02  0.0000000E+00  0.0000000E+00  0.0000000E+00  0.0000000E+00  0.0000000E+00  0.0000000E+00  0.0000000E+00  0.0000000E+00  0.0000000E+00  0.0000000E+00  0.0000000E+00  0.0000000E+00  0.0000000E+00  0.0000000E+00  0.0000000E+00  0.0000000E+00  0.0000000E+00  0.5025370E+02
HEAVY_FUEL_OIL      0.2885750E+02  0.2467316E+02  0.5319128E-01  0.7499972E+01  0.3962750E+02  0.5319128E+00  0.3191476E+00  0.0000000E+00  0.0000000E+00  0.0000000E+00  0.0000000E+00  0.0000000E+00  0.0000000E+00  0.0000000E+00  0.0000000E+00  0.0000000E+00  0.0000000E+00  0.0000000E+00  0.0000000E+00  0.1015624E+03
OTHER_HF            0.0000000E+00  0.7045384E+02  0.1518869E+00  0.2141605E+02  0.1131558E+03  0.1518869E+01  0.4804721E+01  0.0000000E+00  0.0000000E+00  0.0000000E+00  0.0000000E+00  0.0000000E+00  0.0000000E+00  0.1030000E+00  0.0000000E+00  0.0000000E+00  0.7500000E-01  0.0000000E+00  0.7500000E-01  0.2117542E+03
FUELWOOD            0.0000000E+00  0.0000000E+00  0.0000000E+00  0.0000000E+00  0.0000000E+00  0.0000000E+00  0.0000000E+00  0.0000000E+00  0.0000000E+00  0.0000000E+00  0.0000000E+00  0.0000000E+00  0.0000000E+00  0.0000000E+00  0.0000000E+00  0.2161325E+05  0.0000000E+00  0.0000000E+00  0.0000000E+00  0.2161325E+05
CROP_RESIDUE        0.0000000E+00  0.0000000E+00  0.0000000E+00  0.0000000E+00  0.0000000E+00  0.0000000E+00  0.0000000E+00  0.0000000E+00  0.0000000E+00  0.0000000E+00  0.0000000E+00  0.0000000E+00  0.0000000E+00  0.0000000E+00  0.0000000E+00  0.4930559E+05  0.0000000E+00  0.0000000E+00  0.0000000E+00  0.4930559E+05
ANIMAL_WASTE        0.0000000E+00  0.0000000E+00  0.0000000E+00  0.0000000E+00  0.0000000E+00  0.0000000E+00  0.0000000E+00  0.0000000E+00  0.0000000E+00  0.0000000E+00  0.0000000E+00  0.0000000E+00  0.0000000E+00  0.0000000E+00  0.0000000E+00  0.0000000E+00  0.0000000E+00  0.0000000E+00  0.0000000E+00  0.0000000E+00
OTHERS              0.0000000E+00  0.0000000E+00  0.0000000E+00  0.0000000E+00  0.0000000E+00  0.0000000E+00  0.0000000E+00  0.0000000E+00  0.0000000E+00  0.0000000E+00  0.0000000E+00  0.0000000E+00  0.0000000E+00  0.0000000E+00  0.0000000E+00  0.0000000E+00  0.0000000E+00  0.0000000E+00  0.0000000E+00  0.0000000E+00
SUB_TOTAL           0.4298074E+05  0.3673773E+04  0.8542004E+04  0.3491779E+04  0.2077386E+04  0.2902901E+02  0.2711559E+04  0.7750442E+02  0.7311425E+03  0.4316579E+03  0.1646737E+04  0.3735936E+03  0.1131890E+04  0.1582781E+00  0.3977972E+04  0.1024514E+06  0.1158533E+04  0.2043167E+04  0.7836181E+03  0.1783136E+06
  
Non-Combustion Sources [t/year]
  
Industry [t/year]
  
Sector
PIG_IRON            0.1753283E+05
CRUDE_STEEL         0.4049807E+04
IRON_STEEL_OTHERS   0.5378157E+04
ALUMINUM_ALUMINA    0.5433924E+04
COPPER              0.4651976E+05
ZINC                0.4784789E+05
LEAD                0.0000000E+00
CMENT               0.3720426E+05
BRICKS              0.8807799E+04
LIME                0.2127476E+05
COKE_OVENS          0.1464842E+05
OIL_REFINERY        0.6579526E+03
OTH_TRANSFORMATION  0.4924430E+03
SULPHRIC_ACID       0.0000000E+00
OTHERS              0.5401521E+03
SUB_TOTAL           0.2103882E+06
  
Total [t/year]
  
TOTAL               0.3887018E+06
