Year       : 2007
Country    : CHN
Sub-Region : HUNA
  
Combustion Sources [t/year]
  
Fuel Type           POWER_PLANTS   ENERGY         IRON_STEEL     CHEM_PETRCHEM  NON_FERR_MET   NON_MET_MINE   OTHERS         ROAD_CARS      ROAD_BUSES     ROAD_L_TRUCKS  ROAD_H_TRUCKS  ROAD_MC        ROAD_OTHERS    DOM_NAVI       RAILWAY_ETC    RESIDENT       COMM_PUB       AGR_FORE_FISH  OTHERS         SUB_TOTAL    
HARD_COAL           0.7048848E+02  0.3442116E+04  0.1561652E+04  0.2642895E+04  0.8474040E+03  0.0000000E+00  0.2245457E+04  0.0000000E+00  0.0000000E+00  0.0000000E+00  0.0000000E+00  0.0000000E+00  0.0000000E+00  0.0000000E+00  0.4335660E+02  0.2673420E+04  0.1233292E+04  0.1293625E+04  0.4644000E+02  0.1610015E+05
BROWN_COAL          0.0000000E+00  0.0000000E+00  0.0000000E+00  0.0000000E+00  0.0000000E+00  0.0000000E+00  0.0000000E+00  0.0000000E+00  0.0000000E+00  0.0000000E+00  0.0000000E+00  0.0000000E+00  0.0000000E+00  0.0000000E+00  0.0000000E+00  0.0000000E+00  0.0000000E+00  0.0000000E+00  0.0000000E+00  0.0000000E+00
DERIVED_COAL        0.0000000E+00  0.0000000E+00  0.0000000E+00  0.0000000E+00  0.0000000E+00  0.0000000E+00  0.0000000E+00  0.0000000E+00  0.0000000E+00  0.0000000E+00  0.0000000E+00  0.0000000E+00  0.0000000E+00  0.0000000E+00  0.0000000E+00  0.0000000E+00  0.0000000E+00  0.0000000E+00  0.0000000E+00  0.0000000E+00
NATURAL_GAS         0.0000000E+00  0.0000000E+00  0.0000000E+00  0.0000000E+00  0.0000000E+00  0.0000000E+00  0.0000000E+00  0.0000000E+00  0.0000000E+00  0.0000000E+00  0.0000000E+00  0.0000000E+00  0.0000000E+00  0.0000000E+00  0.0000000E+00  0.0000000E+00  0.0000000E+00  0.0000000E+00  0.0000000E+00  0.0000000E+00
COKE_OVEN_GAS       0.0000000E+00  0.0000000E+00  0.0000000E+00  0.0000000E+00  0.0000000E+00  0.0000000E+00  0.0000000E+00  0.0000000E+00  0.0000000E+00  0.0000000E+00  0.0000000E+00  0.0000000E+00  0.0000000E+00  0.0000000E+00  0.0000000E+00  0.0000000E+00  0.0000000E+00  0.0000000E+00  0.0000000E+00  0.0000000E+00
OTHER_GAS           0.0000000E+00  0.0000000E+00  0.0000000E+00  0.0000000E+00  0.0000000E+00  0.0000000E+00  0.0000000E+00  0.0000000E+00  0.0000000E+00  0.0000000E+00  0.0000000E+00  0.0000000E+00  0.0000000E+00  0.0000000E+00  0.0000000E+00  0.0000000E+00  0.0000000E+00  0.0000000E+00  0.0000000E+00  0.0000000E+00
MOTOR_GASOLINE      0.0000000E+00  0.0000000E+00  0.0000000E+00  0.0000000E+00  0.0000000E+00  0.0000000E+00  0.0000000E+00  0.7628006E+02  0.6214080E+02  0.7997874E+02  0.9856955E+02  0.9517210E+03  0.0000000E+00  0.0000000E+00  0.0000000E+00  0.0000000E+00  0.0000000E+00  0.9921600E+01  0.0000000E+00  0.1278612E+04
KEROSENE            0.0000000E+00  0.3788572E-01  0.5900047E+00  0.1200259E+00  0.1166292E+01  0.7560813E-01  0.1145784E+01  0.0000000E+00  0.0000000E+00  0.0000000E+00  0.0000000E+00  0.0000000E+00  0.0000000E+00  0.0000000E+00  0.0000000E+00  0.0000000E+00  0.1907100E+01  0.0000000E+00  0.0000000E+00  0.5042700E+01
OTHER_LF            0.4609800E+01  0.1981446E+02  0.1733502E+01  0.1019440E+02  0.2573535E+01  0.4125589E+01  0.1978940E+02  0.0000000E+00  0.0000000E+00  0.0000000E+00  0.0000000E+00  0.0000000E+00  0.1482094E-01  0.0000000E+00  0.0000000E+00  0.3113370E+02  0.2384460E+02  0.0000000E+00  0.0000000E+00  0.1178338E+03
DIESEL_OIL          0.3559058E+01  0.1893806E+01  0.5403934E+01  0.8083258E+01  0.1180182E+02  0.7262335E+01  0.7374967E+02  0.0000000E+00  0.7477022E+03  0.2859694E+03  0.1659724E+04  0.0000000E+00  0.5028408E+03  0.1681817E+02  0.3835281E+02  0.0000000E+00  0.4214028E+02  0.7092278E+01  0.1253098E+01  0.3413647E+04
CRUDE_OIL           0.0000000E+00  0.1678635E+01  0.1958805E-04  0.8679953E-03  0.0000000E+00  0.5447437E-02  0.2414227E-03  0.0000000E+00  0.0000000E+00  0.0000000E+00  0.0000000E+00  0.0000000E+00  0.0000000E+00  0.0000000E+00  0.0000000E+00  0.0000000E+00  0.0000000E+00  0.0000000E+00  0.0000000E+00  0.1685211E+01
HEAVY_FUEL_OIL      0.1646844E+01  0.1493146E+01  0.2941834E+00  0.2711072E+00  0.9757251E+00  0.2441610E+01  0.4896017E+00  0.0000000E+00  0.0000000E+00  0.0000000E+00  0.0000000E+00  0.0000000E+00  0.0000000E+00  0.8040000E+01  0.0000000E+00  0.0000000E+00  0.0000000E+00  0.0000000E+00  0.0000000E+00  0.1565222E+02
OTHER_HF            0.0000000E+00  0.1903131E+02  0.6425345E-01  0.4075301E+01  0.8114378E-01  0.1864963E+00  0.3071886E+00  0.0000000E+00  0.0000000E+00  0.0000000E+00  0.0000000E+00  0.0000000E+00  0.0000000E+00  0.0000000E+00  0.0000000E+00  0.0000000E+00  0.0000000E+00  0.0000000E+00  0.0000000E+00  0.2374569E+02
FUELWOOD            0.0000000E+00  0.0000000E+00  0.0000000E+00  0.0000000E+00  0.0000000E+00  0.0000000E+00  0.0000000E+00  0.0000000E+00  0.0000000E+00  0.0000000E+00  0.0000000E+00  0.0000000E+00  0.0000000E+00  0.0000000E+00  0.0000000E+00  0.1124894E+05  0.0000000E+00  0.0000000E+00  0.0000000E+00  0.1124894E+05
CROP_RESIDUE        0.0000000E+00  0.0000000E+00  0.0000000E+00  0.0000000E+00  0.0000000E+00  0.0000000E+00  0.0000000E+00  0.0000000E+00  0.0000000E+00  0.0000000E+00  0.0000000E+00  0.0000000E+00  0.0000000E+00  0.0000000E+00  0.0000000E+00  0.6210120E+04  0.0000000E+00  0.0000000E+00  0.0000000E+00  0.6210120E+04
ANIMAL_WASTE        0.0000000E+00  0.0000000E+00  0.0000000E+00  0.0000000E+00  0.0000000E+00  0.0000000E+00  0.0000000E+00  0.0000000E+00  0.0000000E+00  0.0000000E+00  0.0000000E+00  0.0000000E+00  0.0000000E+00  0.0000000E+00  0.0000000E+00  0.0000000E+00  0.0000000E+00  0.0000000E+00  0.0000000E+00  0.0000000E+00
OTHERS              0.0000000E+00  0.0000000E+00  0.0000000E+00  0.0000000E+00  0.0000000E+00  0.0000000E+00  0.0000000E+00  0.0000000E+00  0.0000000E+00  0.0000000E+00  0.0000000E+00  0.0000000E+00  0.0000000E+00  0.0000000E+00  0.0000000E+00  0.0000000E+00  0.0000000E+00  0.0000000E+00  0.0000000E+00  0.0000000E+00
SUB_TOTAL           0.8030418E+02  0.3486065E+04  0.1569738E+04  0.2665640E+04  0.8640025E+03  0.1409709E+02  0.2340939E+04  0.7628006E+02  0.8098430E+03  0.3659481E+03  0.1758294E+04  0.9517210E+03  0.5028556E+03  0.2485817E+02  0.8170941E+02  0.2016361E+05  0.1301184E+04  0.1310639E+04  0.4769310E+02  0.3841542E+05
  
Non-Combustion Sources [t/year]
  
Industry [t/year]
  
Sector
PIG_IRON            0.2064793E+04
CRUDE_STEEL         0.0000000E+00
IRON_STEEL_OTHERS   0.5043385E+02
ALUMINUM_ALUMINA    0.0000000E+00
COPPER              0.0000000E+00
ZINC                0.0000000E+00
LEAD                0.0000000E+00
CMENT               0.6897540E+03
BRICKS              0.4604218E+04
LIME                0.2025961E+03
COKE_OVENS          0.4001392E+04
OIL_REFINERY        0.0000000E+00
OTH_TRANSFORMATION  0.1126230E+03
SULPHRIC_ACID       0.0000000E+00
OTHERS              0.0000000E+00
SUB_TOTAL           0.1172581E+05
  
Total [t/year]
  
TOTAL               0.5014123E+05
