Year       : 2007
Country    : CHN
Sub-Region : XING
  
Combustion Sources [t/year]
  
Fuel Type           POWER_PLANTS   ENERGY         IRON_STEEL     CHEM_PETRCHEM  NON_FERR_MET   NON_MET_MINE   OTHERS         ROAD_CARS      ROAD_BUSES     ROAD_L_TRUCKS  ROAD_H_TRUCKS  ROAD_MC        ROAD_OTHERS    DOM_NAVI       RAILWAY_ETC    RESIDENT       COMM_PUB       AGR_FORE_FISH  OTHERS         SUB_TOTAL    
HARD_COAL           0.6837836E+02  0.1504487E+04  0.5423432E+03  0.3153072E+03  0.8695457E+02  0.0000000E+00  0.6520715E+03  0.0000000E+00  0.0000000E+00  0.0000000E+00  0.0000000E+00  0.0000000E+00  0.0000000E+00  0.0000000E+00  0.2267650E+03  0.2172600E+04  0.1342730E+03  0.3685249E+03  0.1451600E+03  0.6216865E+04
BROWN_COAL          0.0000000E+00  0.0000000E+00  0.0000000E+00  0.0000000E+00  0.0000000E+00  0.0000000E+00  0.0000000E+00  0.0000000E+00  0.0000000E+00  0.0000000E+00  0.0000000E+00  0.0000000E+00  0.0000000E+00  0.0000000E+00  0.0000000E+00  0.0000000E+00  0.0000000E+00  0.0000000E+00  0.0000000E+00  0.0000000E+00
DERIVED_COAL        0.0000000E+00  0.0000000E+00  0.0000000E+00  0.0000000E+00  0.0000000E+00  0.0000000E+00  0.0000000E+00  0.0000000E+00  0.0000000E+00  0.0000000E+00  0.0000000E+00  0.0000000E+00  0.0000000E+00  0.0000000E+00  0.0000000E+00  0.0000000E+00  0.0000000E+00  0.0000000E+00  0.0000000E+00  0.0000000E+00
NATURAL_GAS         0.0000000E+00  0.0000000E+00  0.0000000E+00  0.0000000E+00  0.0000000E+00  0.0000000E+00  0.0000000E+00  0.0000000E+00  0.0000000E+00  0.0000000E+00  0.0000000E+00  0.0000000E+00  0.0000000E+00  0.0000000E+00  0.0000000E+00  0.0000000E+00  0.0000000E+00  0.0000000E+00  0.0000000E+00  0.0000000E+00
COKE_OVEN_GAS       0.0000000E+00  0.0000000E+00  0.0000000E+00  0.0000000E+00  0.0000000E+00  0.0000000E+00  0.0000000E+00  0.0000000E+00  0.0000000E+00  0.0000000E+00  0.0000000E+00  0.0000000E+00  0.0000000E+00  0.0000000E+00  0.0000000E+00  0.0000000E+00  0.0000000E+00  0.0000000E+00  0.0000000E+00  0.0000000E+00
OTHER_GAS           0.0000000E+00  0.0000000E+00  0.0000000E+00  0.0000000E+00  0.0000000E+00  0.0000000E+00  0.0000000E+00  0.0000000E+00  0.0000000E+00  0.0000000E+00  0.0000000E+00  0.0000000E+00  0.0000000E+00  0.0000000E+00  0.0000000E+00  0.0000000E+00  0.0000000E+00  0.0000000E+00  0.0000000E+00  0.0000000E+00
MOTOR_GASOLINE      0.0000000E+00  0.0000000E+00  0.0000000E+00  0.0000000E+00  0.0000000E+00  0.0000000E+00  0.0000000E+00  0.4360740E+02  0.3451661E+02  0.5557194E+02  0.4886858E+02  0.2231281E+03  0.0000000E+00  0.0000000E+00  0.0000000E+00  0.0000000E+00  0.0000000E+00  0.1354860E+02  0.0000000E+00  0.4192412E+03
KEROSENE            0.0000000E+00  0.4011428E-01  0.1337143E-01  0.2674285E-01  0.0000000E+00  0.0000000E+00  0.1337143E-01  0.0000000E+00  0.0000000E+00  0.0000000E+00  0.0000000E+00  0.0000000E+00  0.0000000E+00  0.0000000E+00  0.0000000E+00  0.4914000E+00  0.5616000E+00  0.5616000E+00  0.8190000E+00  0.2527200E+01
OTHER_LF            0.2166840E+02  0.3918751E+02  0.6704178E+01  0.8539847E+01  0.1915480E+01  0.3032842E+01  0.1261024E+02  0.0000000E+00  0.0000000E+00  0.0000000E+00  0.0000000E+00  0.0000000E+00  0.1635986E+01  0.0000000E+00  0.0000000E+00  0.1700010E+02  0.4446000E+01  0.0000000E+00  0.2421900E+01  0.1191625E+03
DIESEL_OIL          0.4745818E+02  0.2886711E+02  0.9348405E+01  0.4952040E+01  0.4903010E+01  0.1204506E+02  0.2194288E+02  0.0000000E+00  0.5342670E+03  0.2556108E+03  0.1058525E+04  0.0000000E+00  0.5143805E+03  0.0000000E+00  0.1458489E+02  0.7906145E+01  0.2971264E+02  0.7764042E+02  0.3397576E+02  0.2656120E+04
CRUDE_OIL           0.3180600E-01  0.3082295E+02  0.0000000E+00  0.0000000E+00  0.0000000E+00  0.0000000E+00  0.0000000E+00  0.0000000E+00  0.0000000E+00  0.0000000E+00  0.0000000E+00  0.0000000E+00  0.0000000E+00  0.0000000E+00  0.0000000E+00  0.0000000E+00  0.0000000E+00  0.0000000E+00  0.0000000E+00  0.3085476E+02
HEAVY_FUEL_OIL      0.4594200E-01  0.8642668E+01  0.0000000E+00  0.0000000E+00  0.7596804E-02  0.0000000E+00  0.2279042E-01  0.0000000E+00  0.0000000E+00  0.0000000E+00  0.0000000E+00  0.0000000E+00  0.0000000E+00  0.0000000E+00  0.0000000E+00  0.0000000E+00  0.0000000E+00  0.0000000E+00  0.0000000E+00  0.8718997E+01
OTHER_HF            0.0000000E+00  0.7142211E+02  0.0000000E+00  0.0000000E+00  0.6277920E-01  0.0000000E+00  0.1906888E+01  0.0000000E+00  0.0000000E+00  0.0000000E+00  0.0000000E+00  0.0000000E+00  0.0000000E+00  0.3618000E+01  0.0000000E+00  0.2688000E-01  0.3360000E-01  0.0000000E+00  0.5040000E-01  0.7712066E+02
FUELWOOD            0.0000000E+00  0.0000000E+00  0.0000000E+00  0.0000000E+00  0.0000000E+00  0.0000000E+00  0.0000000E+00  0.0000000E+00  0.0000000E+00  0.0000000E+00  0.0000000E+00  0.0000000E+00  0.0000000E+00  0.0000000E+00  0.0000000E+00  0.4439448E+04  0.0000000E+00  0.0000000E+00  0.0000000E+00  0.4439448E+04
CROP_RESIDUE        0.0000000E+00  0.0000000E+00  0.0000000E+00  0.0000000E+00  0.0000000E+00  0.0000000E+00  0.0000000E+00  0.0000000E+00  0.0000000E+00  0.0000000E+00  0.0000000E+00  0.0000000E+00  0.0000000E+00  0.0000000E+00  0.0000000E+00  0.5691492E+04  0.0000000E+00  0.0000000E+00  0.0000000E+00  0.5691492E+04
ANIMAL_WASTE        0.0000000E+00  0.0000000E+00  0.0000000E+00  0.0000000E+00  0.0000000E+00  0.0000000E+00  0.0000000E+00  0.0000000E+00  0.0000000E+00  0.0000000E+00  0.0000000E+00  0.0000000E+00  0.0000000E+00  0.0000000E+00  0.0000000E+00  0.0000000E+00  0.0000000E+00  0.0000000E+00  0.0000000E+00  0.0000000E+00
OTHERS              0.0000000E+00  0.0000000E+00  0.0000000E+00  0.0000000E+00  0.0000000E+00  0.0000000E+00  0.0000000E+00  0.0000000E+00  0.0000000E+00  0.0000000E+00  0.0000000E+00  0.0000000E+00  0.0000000E+00  0.0000000E+00  0.0000000E+00  0.0000000E+00  0.0000000E+00  0.0000000E+00  0.0000000E+00  0.0000000E+00
SUB_TOTAL           0.1375827E+03  0.1683469E+04  0.5584092E+03  0.3288258E+03  0.9384344E+02  0.1507790E+02  0.6885677E+03  0.4360740E+02  0.5687836E+03  0.3111827E+03  0.1107394E+04  0.2231281E+03  0.5160165E+03  0.3618000E+01  0.2413499E+03  0.1232896E+05  0.1690268E+03  0.4602755E+03  0.1824271E+03  0.1966155E+05
  
Non-Combustion Sources [t/year]
  
Industry [t/year]
  
Sector
PIG_IRON            0.6483838E+03
CRUDE_STEEL         0.0000000E+00
IRON_STEEL_OTHERS   0.8879841E+01
ALUMINUM_ALUMINA    0.0000000E+00
COPPER              0.0000000E+00
ZINC                0.0000000E+00
LEAD                0.0000000E+00
CMENT               0.1795335E+03
BRICKS              0.1438144E+04
LIME                0.1165431E+02
COKE_OVENS          0.3292733E+04
OIL_REFINERY        0.0000000E+00
OTH_TRANSFORMATION  0.0000000E+00
SULPHRIC_ACID       0.0000000E+00
OTHERS              0.0000000E+00
SUB_TOTAL           0.5579328E+04
  
Total [t/year]
  
TOTAL               0.2524088E+05
