Year       : 2007
Country    : CHN
Sub-Region : LIAO
  
Combustion Sources [t/year]
  
Fuel Type           POWER_PLANTS   ENERGY         IRON_STEEL     CHEM_PETRCHEM  NON_FERR_MET   NON_MET_MINE   OTHERS         ROAD_CARS      ROAD_BUSES     ROAD_L_TRUCKS  ROAD_H_TRUCKS  ROAD_MC        ROAD_OTHERS    DOM_NAVI       RAILWAY_ETC    RESIDENT       COMM_PUB       AGR_FORE_FISH  OTHERS         SUB_TOTAL    
HARD_COAL           0.1735915E+03  0.2003584E+04  0.3750162E+04  0.9726973E+03  0.2837894E+03  0.0000000E+00  0.1039969E+04  0.0000000E+00  0.0000000E+00  0.0000000E+00  0.0000000E+00  0.0000000E+00  0.0000000E+00  0.0000000E+00  0.3493831E+03  0.5166402E+04  0.1103942E+03  0.4427743E+03  0.1885991E+03  0.1448135E+05
BROWN_COAL          0.0000000E+00  0.0000000E+00  0.0000000E+00  0.0000000E+00  0.0000000E+00  0.0000000E+00  0.0000000E+00  0.0000000E+00  0.0000000E+00  0.0000000E+00  0.0000000E+00  0.0000000E+00  0.0000000E+00  0.0000000E+00  0.0000000E+00  0.0000000E+00  0.0000000E+00  0.0000000E+00  0.0000000E+00  0.0000000E+00
DERIVED_COAL        0.0000000E+00  0.0000000E+00  0.0000000E+00  0.0000000E+00  0.0000000E+00  0.0000000E+00  0.0000000E+00  0.0000000E+00  0.0000000E+00  0.0000000E+00  0.0000000E+00  0.0000000E+00  0.0000000E+00  0.0000000E+00  0.0000000E+00  0.0000000E+00  0.0000000E+00  0.0000000E+00  0.0000000E+00  0.0000000E+00
NATURAL_GAS         0.0000000E+00  0.0000000E+00  0.0000000E+00  0.0000000E+00  0.0000000E+00  0.0000000E+00  0.0000000E+00  0.0000000E+00  0.0000000E+00  0.0000000E+00  0.0000000E+00  0.0000000E+00  0.0000000E+00  0.0000000E+00  0.0000000E+00  0.0000000E+00  0.0000000E+00  0.0000000E+00  0.0000000E+00  0.0000000E+00
COKE_OVEN_GAS       0.0000000E+00  0.0000000E+00  0.0000000E+00  0.0000000E+00  0.0000000E+00  0.0000000E+00  0.0000000E+00  0.0000000E+00  0.0000000E+00  0.0000000E+00  0.0000000E+00  0.0000000E+00  0.0000000E+00  0.0000000E+00  0.0000000E+00  0.0000000E+00  0.0000000E+00  0.0000000E+00  0.0000000E+00  0.0000000E+00
OTHER_GAS           0.0000000E+00  0.0000000E+00  0.0000000E+00  0.0000000E+00  0.0000000E+00  0.0000000E+00  0.0000000E+00  0.0000000E+00  0.0000000E+00  0.0000000E+00  0.0000000E+00  0.0000000E+00  0.0000000E+00  0.0000000E+00  0.0000000E+00  0.0000000E+00  0.0000000E+00  0.0000000E+00  0.0000000E+00  0.0000000E+00
MOTOR_GASOLINE      0.0000000E+00  0.0000000E+00  0.0000000E+00  0.0000000E+00  0.0000000E+00  0.0000000E+00  0.0000000E+00  0.1078478E+03  0.1000970E+03  0.1169288E+03  0.7904227E+02  0.4697796E+03  0.0000000E+00  0.0000000E+00  0.0000000E+00  0.0000000E+00  0.0000000E+00  0.4698720E+02  0.0000000E+00  0.9206827E+03
KEROSENE            0.0000000E+00  0.3656930E+00  0.1371349E+00  0.8799490E+00  0.1257070E+00  0.5028280E+00  0.4376889E+01  0.0000000E+00  0.0000000E+00  0.0000000E+00  0.0000000E+00  0.0000000E+00  0.0000000E+00  0.0000000E+00  0.0000000E+00  0.0000000E+00  0.0000000E+00  0.0000000E+00  0.0000000E+00  0.6388201E+01
OTHER_LF            0.4977180E+02  0.1192240E+02  0.3946350E+02  0.1587237E+02  0.1032791E+02  0.1445908E+02  0.8513955E+02  0.0000000E+00  0.0000000E+00  0.0000000E+00  0.0000000E+00  0.0000000E+00  0.1121282E+00  0.0000000E+00  0.0000000E+00  0.7582770E+02  0.3025620E+02  0.0000000E+00  0.3755700E+01  0.3369083E+03
DIESEL_OIL          0.1362260E+01  0.3069920E+02  0.4685766E+02  0.7301367E+01  0.6879896E+01  0.1680925E+02  0.5823912E+02  0.0000000E+00  0.1453516E+04  0.5045603E+03  0.1606199E+04  0.0000000E+00  0.4051601E+03  0.2273872E+03  0.6306860E+02  0.0000000E+00  0.7751124E+01  0.7075484E+02  0.1821515E+01  0.4508367E+04
CRUDE_OIL           0.2968560E+00  0.4099868E+02  0.0000000E+00  0.4628857E+01  0.0000000E+00  0.6244409E-02  0.4569075E-03  0.0000000E+00  0.0000000E+00  0.0000000E+00  0.0000000E+00  0.0000000E+00  0.0000000E+00  0.0000000E+00  0.0000000E+00  0.0000000E+00  0.0000000E+00  0.0000000E+00  0.1848000E+01  0.4777909E+02
HEAVY_FUEL_OIL      0.1778309E+02  0.2847613E+02  0.1116653E+01  0.7543487E+01  0.1119356E+01  0.7470483E+01  0.2260342E+01  0.0000000E+00  0.0000000E+00  0.0000000E+00  0.0000000E+00  0.0000000E+00  0.0000000E+00  0.1716942E+02  0.0000000E+00  0.0000000E+00  0.0000000E+00  0.0000000E+00  0.8097600E+00  0.8374872E+02
OTHER_HF            0.3534000E-02  0.8862260E+01  0.3475214E+00  0.2347662E+01  0.3483628E+00  0.2324942E+01  0.7034571E+00  0.0000000E+00  0.0000000E+00  0.0000000E+00  0.0000000E+00  0.0000000E+00  0.0000000E+00  0.2814000E+00  0.0000000E+00  0.0000000E+00  0.0000000E+00  0.0000000E+00  0.0000000E+00  0.1521914E+02
FUELWOOD            0.0000000E+00  0.0000000E+00  0.0000000E+00  0.0000000E+00  0.0000000E+00  0.0000000E+00  0.0000000E+00  0.0000000E+00  0.0000000E+00  0.0000000E+00  0.0000000E+00  0.0000000E+00  0.0000000E+00  0.0000000E+00  0.0000000E+00  0.9040270E+04  0.0000000E+00  0.0000000E+00  0.0000000E+00  0.9040270E+04
CROP_RESIDUE        0.0000000E+00  0.0000000E+00  0.0000000E+00  0.0000000E+00  0.0000000E+00  0.0000000E+00  0.0000000E+00  0.0000000E+00  0.0000000E+00  0.0000000E+00  0.0000000E+00  0.0000000E+00  0.0000000E+00  0.0000000E+00  0.0000000E+00  0.1424464E+05  0.0000000E+00  0.0000000E+00  0.0000000E+00  0.1424464E+05
ANIMAL_WASTE        0.0000000E+00  0.0000000E+00  0.0000000E+00  0.0000000E+00  0.0000000E+00  0.0000000E+00  0.0000000E+00  0.0000000E+00  0.0000000E+00  0.0000000E+00  0.0000000E+00  0.0000000E+00  0.0000000E+00  0.0000000E+00  0.0000000E+00  0.0000000E+00  0.0000000E+00  0.0000000E+00  0.0000000E+00  0.0000000E+00
OTHERS              0.0000000E+00  0.0000000E+00  0.0000000E+00  0.0000000E+00  0.0000000E+00  0.0000000E+00  0.0000000E+00  0.0000000E+00  0.0000000E+00  0.0000000E+00  0.0000000E+00  0.0000000E+00  0.0000000E+00  0.0000000E+00  0.0000000E+00  0.0000000E+00  0.0000000E+00  0.0000000E+00  0.0000000E+00  0.0000000E+00
SUB_TOTAL           0.2428090E+03  0.2124908E+04  0.3838084E+04  0.1011271E+04  0.3025906E+03  0.4157283E+02  0.1190689E+04  0.1078478E+03  0.1553613E+04  0.6214891E+03  0.1685241E+04  0.4697796E+03  0.4052722E+03  0.2448380E+03  0.4124517E+03  0.2852714E+05  0.1484015E+03  0.5605163E+03  0.1968341E+03  0.4368535E+05
  
Non-Combustion Sources [t/year]
  
Industry [t/year]
  
Sector
PIG_IRON            0.6714500E+04
CRUDE_STEEL         0.0000000E+00
IRON_STEEL_OTHERS   0.1778988E+03
ALUMINUM_ALUMINA    0.0000000E+00
COPPER              0.0000000E+00
ZINC                0.0000000E+00
LEAD                0.0000000E+00
CMENT               0.4725000E+03
BRICKS              0.4494157E+04
LIME                0.1141493E+03
COKE_OVENS          0.1359616E+05
OIL_REFINERY        0.0000000E+00
OTH_TRANSFORMATION  0.4177291E+02
SULPHRIC_ACID       0.0000000E+00
OTHERS              0.0000000E+00
SUB_TOTAL           0.2561114E+05
  
Total [t/year]
  
TOTAL               0.6929649E+05
