Year       : 2007
Country    : CHN
Sub-Region : JILI
  
Combustion Sources [t/year]
  
Fuel Type           POWER_PLANTS   ENERGY         IRON_STEEL     CHEM_PETRCHEM  NON_FERR_MET   NON_MET_MINE   OTHERS         ROAD_CARS      ROAD_BUSES     ROAD_L_TRUCKS  ROAD_H_TRUCKS  ROAD_MC        ROAD_OTHERS    DOM_NAVI       RAILWAY_ETC    RESIDENT       COMM_PUB       AGR_FORE_FISH  OTHERS         SUB_TOTAL    
HARD_COAL           0.9727850E+02  0.1816606E+04  0.2522091E+03  0.8759482E+03  0.7709495E+02  0.0000000E+00  0.2324814E+04  0.0000000E+00  0.0000000E+00  0.0000000E+00  0.0000000E+00  0.0000000E+00  0.0000000E+00  0.0000000E+00  0.3694620E+03  0.2671992E+04  0.6291960E+03  0.2783806E+03  0.9608140E+03  0.1035380E+05
BROWN_COAL          0.0000000E+00  0.0000000E+00  0.0000000E+00  0.0000000E+00  0.0000000E+00  0.0000000E+00  0.0000000E+00  0.0000000E+00  0.0000000E+00  0.0000000E+00  0.0000000E+00  0.0000000E+00  0.0000000E+00  0.0000000E+00  0.0000000E+00  0.0000000E+00  0.0000000E+00  0.0000000E+00  0.0000000E+00  0.0000000E+00
DERIVED_COAL        0.0000000E+00  0.0000000E+00  0.0000000E+00  0.0000000E+00  0.0000000E+00  0.0000000E+00  0.0000000E+00  0.0000000E+00  0.0000000E+00  0.0000000E+00  0.0000000E+00  0.0000000E+00  0.0000000E+00  0.0000000E+00  0.0000000E+00  0.0000000E+00  0.0000000E+00  0.0000000E+00  0.0000000E+00  0.0000000E+00
NATURAL_GAS         0.0000000E+00  0.0000000E+00  0.0000000E+00  0.0000000E+00  0.0000000E+00  0.0000000E+00  0.0000000E+00  0.0000000E+00  0.0000000E+00  0.0000000E+00  0.0000000E+00  0.0000000E+00  0.0000000E+00  0.0000000E+00  0.0000000E+00  0.0000000E+00  0.0000000E+00  0.0000000E+00  0.0000000E+00  0.0000000E+00
COKE_OVEN_GAS       0.0000000E+00  0.0000000E+00  0.0000000E+00  0.0000000E+00  0.0000000E+00  0.0000000E+00  0.0000000E+00  0.0000000E+00  0.0000000E+00  0.0000000E+00  0.0000000E+00  0.0000000E+00  0.0000000E+00  0.0000000E+00  0.0000000E+00  0.0000000E+00  0.0000000E+00  0.0000000E+00  0.0000000E+00  0.0000000E+00
OTHER_GAS           0.0000000E+00  0.0000000E+00  0.0000000E+00  0.0000000E+00  0.0000000E+00  0.0000000E+00  0.0000000E+00  0.0000000E+00  0.0000000E+00  0.0000000E+00  0.0000000E+00  0.0000000E+00  0.0000000E+00  0.0000000E+00  0.0000000E+00  0.0000000E+00  0.0000000E+00  0.0000000E+00  0.0000000E+00  0.0000000E+00
MOTOR_GASOLINE      0.0000000E+00  0.0000000E+00  0.0000000E+00  0.0000000E+00  0.0000000E+00  0.0000000E+00  0.0000000E+00  0.6709166E+02  0.3497211E+02  0.5625286E+02  0.5155518E+02  0.4710772E+03  0.0000000E+00  0.0000000E+00  0.0000000E+00  0.0000000E+00  0.0000000E+00  0.9161100E+01  0.0000000E+00  0.6901101E+03
KEROSENE            0.0000000E+00  0.1871999E+00  0.1170000E-01  0.8190001E-01  0.4680000E-01  0.1287000E+00  0.1251900E+01  0.0000000E+00  0.0000000E+00  0.0000000E+00  0.0000000E+00  0.0000000E+00  0.0000000E+00  0.0000000E+00  0.0000000E+00  0.0000000E+00  0.0000000E+00  0.0000000E+00  0.0000000E+00  0.1708200E+01
OTHER_LF            0.0000000E+00  0.4360581E+01  0.0000000E+00  0.3084431E+02  0.0000000E+00  0.8911964E+01  0.1536546E+01  0.0000000E+00  0.0000000E+00  0.0000000E+00  0.0000000E+00  0.0000000E+00  0.0000000E+00  0.0000000E+00  0.0000000E+00  0.5080140E+02  0.6084000E+00  0.0000000E+00  0.0000000E+00  0.9706320E+02
DIESEL_OIL          0.4909045E+00  0.3240614E+02  0.5493026E+01  0.6746730E+01  0.1874092E+01  0.5686897E+01  0.3077691E+02  0.0000000E+00  0.5534674E+03  0.2645500E+03  0.1141783E+04  0.0000000E+00  0.1294715E+04  0.6499008E-01  0.3114324E+02  0.3453125E+02  0.4029292E+02  0.1087224E+03  0.4189482E+02  0.3594640E+04
CRUDE_OIL           0.0000000E+00  0.8981499E+01  0.0000000E+00  0.3835853E+02  0.0000000E+00  0.4424334E+00  0.9649582E-02  0.0000000E+00  0.0000000E+00  0.0000000E+00  0.0000000E+00  0.0000000E+00  0.0000000E+00  0.0000000E+00  0.0000000E+00  0.0000000E+00  0.0000000E+00  0.0000000E+00  0.0000000E+00  0.4779211E+02
HEAVY_FUEL_OIL      0.2367780E+00  0.1621986E+00  0.8231232E-02  0.5821126E+01  0.0000000E+00  0.6584987E-02  0.3621742E-01  0.0000000E+00  0.0000000E+00  0.0000000E+00  0.0000000E+00  0.0000000E+00  0.0000000E+00  0.0000000E+00  0.0000000E+00  0.0000000E+00  0.0000000E+00  0.0000000E+00  0.0000000E+00  0.6271136E+01
OTHER_HF            0.3039240E+00  0.1672126E+00  0.2115911E-02  0.1960391E+02  0.0000000E+00  0.1904319E-01  0.2115910E-01  0.0000000E+00  0.0000000E+00  0.0000000E+00  0.0000000E+00  0.0000000E+00  0.0000000E+00  0.0000000E+00  0.0000000E+00  0.0000000E+00  0.0000000E+00  0.0000000E+00  0.0000000E+00  0.2011736E+02
FUELWOOD            0.0000000E+00  0.0000000E+00  0.0000000E+00  0.0000000E+00  0.0000000E+00  0.0000000E+00  0.0000000E+00  0.0000000E+00  0.0000000E+00  0.0000000E+00  0.0000000E+00  0.0000000E+00  0.0000000E+00  0.0000000E+00  0.0000000E+00  0.3400006E+04  0.0000000E+00  0.0000000E+00  0.0000000E+00  0.3400006E+04
CROP_RESIDUE        0.0000000E+00  0.0000000E+00  0.0000000E+00  0.0000000E+00  0.0000000E+00  0.0000000E+00  0.0000000E+00  0.0000000E+00  0.0000000E+00  0.0000000E+00  0.0000000E+00  0.0000000E+00  0.0000000E+00  0.0000000E+00  0.0000000E+00  0.1357886E+05  0.0000000E+00  0.0000000E+00  0.0000000E+00  0.1357886E+05
ANIMAL_WASTE        0.0000000E+00  0.0000000E+00  0.0000000E+00  0.0000000E+00  0.0000000E+00  0.0000000E+00  0.0000000E+00  0.0000000E+00  0.0000000E+00  0.0000000E+00  0.0000000E+00  0.0000000E+00  0.0000000E+00  0.0000000E+00  0.0000000E+00  0.0000000E+00  0.0000000E+00  0.0000000E+00  0.0000000E+00  0.0000000E+00
OTHERS              0.0000000E+00  0.0000000E+00  0.0000000E+00  0.0000000E+00  0.0000000E+00  0.0000000E+00  0.0000000E+00  0.0000000E+00  0.0000000E+00  0.0000000E+00  0.0000000E+00  0.0000000E+00  0.0000000E+00  0.0000000E+00  0.0000000E+00  0.0000000E+00  0.0000000E+00  0.0000000E+00  0.0000000E+00  0.0000000E+00
SUB_TOTAL           0.9831011E+02  0.1862871E+04  0.2577242E+03  0.9774047E+03  0.7901584E+02  0.1519562E+02  0.2358446E+04  0.6709166E+02  0.5884395E+03  0.3208029E+03  0.1193338E+04  0.4710772E+03  0.1294715E+04  0.6499008E-01  0.4006052E+03  0.1973619E+05  0.6700973E+03  0.3962641E+03  0.1002709E+04  0.3179036E+05
  
Non-Combustion Sources [t/year]
  
Industry [t/year]
  
Sector
PIG_IRON            0.9029582E+03
CRUDE_STEEL         0.0000000E+00
IRON_STEEL_OTHERS   0.1964035E+02
ALUMINUM_ALUMINA    0.0000000E+00
COPPER              0.0000000E+00
ZINC                0.0000000E+00
LEAD                0.0000000E+00
CMENT               0.2310568E+03
BRICKS              0.1495895E+04
LIME                0.3206513E+02
COKE_OVENS          0.2350805E+04
OIL_REFINERY        0.0000000E+00
OTH_TRANSFORMATION  0.4971101E+03
SULPHRIC_ACID       0.0000000E+00
OTHERS              0.0000000E+00
SUB_TOTAL           0.5529531E+04
  
Total [t/year]
  
TOTAL               0.3731989E+05
