Year       : 2007
Country    : CHN
Sub-Region : CHON
  
Combustion Sources [t/year]
  
Fuel Type           POWER_PLANTS   ENERGY         IRON_STEEL     CHEM_PETRCHEM  NON_FERR_MET   NON_MET_MINE   OTHERS         ROAD_CARS      ROAD_BUSES     ROAD_L_TRUCKS  ROAD_H_TRUCKS  ROAD_MC        ROAD_OTHERS    DOM_NAVI       RAILWAY_ETC    RESIDENT       COMM_PUB       AGR_FORE_FISH  OTHERS         SUB_TOTAL    
HARD_COAL           0.3562060E+02  0.2020535E+04  0.1715988E+03  0.4369542E+03  0.6782888E+02  0.0000000E+00  0.3252996E+03  0.0000000E+00  0.0000000E+00  0.0000000E+00  0.0000000E+00  0.0000000E+00  0.0000000E+00  0.0000000E+00  0.9517620E+02  0.1530000E+04  0.4605300E+01  0.9520200E+03  0.4063500E+01  0.5643702E+04
BROWN_COAL          0.0000000E+00  0.0000000E+00  0.0000000E+00  0.0000000E+00  0.0000000E+00  0.0000000E+00  0.0000000E+00  0.0000000E+00  0.0000000E+00  0.0000000E+00  0.0000000E+00  0.0000000E+00  0.0000000E+00  0.0000000E+00  0.0000000E+00  0.0000000E+00  0.0000000E+00  0.0000000E+00  0.0000000E+00  0.0000000E+00
DERIVED_COAL        0.0000000E+00  0.0000000E+00  0.0000000E+00  0.0000000E+00  0.0000000E+00  0.0000000E+00  0.0000000E+00  0.0000000E+00  0.0000000E+00  0.0000000E+00  0.0000000E+00  0.0000000E+00  0.0000000E+00  0.0000000E+00  0.0000000E+00  0.0000000E+00  0.0000000E+00  0.0000000E+00  0.0000000E+00  0.0000000E+00
NATURAL_GAS         0.0000000E+00  0.0000000E+00  0.0000000E+00  0.0000000E+00  0.0000000E+00  0.0000000E+00  0.0000000E+00  0.0000000E+00  0.0000000E+00  0.0000000E+00  0.0000000E+00  0.0000000E+00  0.0000000E+00  0.0000000E+00  0.0000000E+00  0.0000000E+00  0.0000000E+00  0.0000000E+00  0.0000000E+00  0.0000000E+00
COKE_OVEN_GAS       0.0000000E+00  0.0000000E+00  0.0000000E+00  0.0000000E+00  0.0000000E+00  0.0000000E+00  0.0000000E+00  0.0000000E+00  0.0000000E+00  0.0000000E+00  0.0000000E+00  0.0000000E+00  0.0000000E+00  0.0000000E+00  0.0000000E+00  0.0000000E+00  0.0000000E+00  0.0000000E+00  0.0000000E+00  0.0000000E+00
OTHER_GAS           0.0000000E+00  0.0000000E+00  0.0000000E+00  0.0000000E+00  0.0000000E+00  0.0000000E+00  0.0000000E+00  0.0000000E+00  0.0000000E+00  0.0000000E+00  0.0000000E+00  0.0000000E+00  0.0000000E+00  0.0000000E+00  0.0000000E+00  0.0000000E+00  0.0000000E+00  0.0000000E+00  0.0000000E+00  0.0000000E+00
MOTOR_GASOLINE      0.0000000E+00  0.0000000E+00  0.0000000E+00  0.0000000E+00  0.0000000E+00  0.0000000E+00  0.0000000E+00  0.4142007E+02  0.3021291E+02  0.6040263E+02  0.6528569E+02  0.2688412E+03  0.0000000E+00  0.0000000E+00  0.0000000E+00  0.0000000E+00  0.0000000E+00  0.5311800E+01  0.0000000E+00  0.4714743E+03
KEROSENE            0.0000000E+00  0.2213564E-01  0.1151651E-01  0.1518086E+00  0.2243476E-02  0.7567994E-01  0.8715158E+00  0.0000000E+00  0.0000000E+00  0.0000000E+00  0.0000000E+00  0.0000000E+00  0.0000000E+00  0.0000000E+00  0.0000000E+00  0.2223000E+01  0.1170000E+00  0.0000000E+00  0.0000000E+00  0.3474900E+01
OTHER_LF            0.0000000E+00  0.9746724E-02  0.6930700E-02  0.4100732E-01  0.2318437E-02  0.7879400E-02  0.7394174E+00  0.0000000E+00  0.0000000E+00  0.0000000E+00  0.0000000E+00  0.0000000E+00  0.5614257E+00  0.0000000E+00  0.0000000E+00  0.4984200E+01  0.3861000E+01  0.1287000E+01  0.0000000E+00  0.1150093E+02
DIESEL_OIL          0.2368615E+01  0.1339313E+01  0.1263942E+02  0.1245723E+01  0.3476469E+00  0.8085199E+01  0.1288807E+02  0.0000000E+00  0.3677624E+03  0.2184861E+03  0.1112074E+04  0.0000000E+00  0.9900434E+02  0.5630638E+02  0.4969917E+01  0.3630110E+01  0.4237281E+01  0.7621938E+01  0.5554972E+00  0.1913562E+04
CRUDE_OIL           0.0000000E+00  0.2252540E-02  0.1541273E-01  0.4280553E-02  0.5625849E-03  0.1016018E-01  0.1703617E-01  0.0000000E+00  0.0000000E+00  0.0000000E+00  0.0000000E+00  0.0000000E+00  0.0000000E+00  0.0000000E+00  0.0000000E+00  0.0000000E+00  0.0000000E+00  0.0000000E+00  0.0000000E+00  0.4970476E-01
HEAVY_FUEL_OIL      0.2261760E+00  0.3413466E-01  0.2335621E+00  0.6486686E-01  0.8525326E-02  0.1539658E+00  0.2581634E+00  0.0000000E+00  0.0000000E+00  0.0000000E+00  0.0000000E+00  0.0000000E+00  0.0000000E+00  0.2102460E+01  0.0000000E+00  0.0000000E+00  0.0000000E+00  0.0000000E+00  0.0000000E+00  0.3081854E+01
OTHER_HF            0.0000000E+00  0.1516134E+00  0.1037395E+01  0.2881142E+00  0.3786629E-01  0.6838584E+00  0.1146665E+01  0.0000000E+00  0.0000000E+00  0.0000000E+00  0.0000000E+00  0.0000000E+00  0.0000000E+00  0.0000000E+00  0.0000000E+00  0.0000000E+00  0.0000000E+00  0.0000000E+00  0.0000000E+00  0.3345512E+01
FUELWOOD            0.0000000E+00  0.0000000E+00  0.0000000E+00  0.0000000E+00  0.0000000E+00  0.0000000E+00  0.0000000E+00  0.0000000E+00  0.0000000E+00  0.0000000E+00  0.0000000E+00  0.0000000E+00  0.0000000E+00  0.0000000E+00  0.0000000E+00  0.5674592E+04  0.0000000E+00  0.0000000E+00  0.0000000E+00  0.5674592E+04
CROP_RESIDUE        0.0000000E+00  0.0000000E+00  0.0000000E+00  0.0000000E+00  0.0000000E+00  0.0000000E+00  0.0000000E+00  0.0000000E+00  0.0000000E+00  0.0000000E+00  0.0000000E+00  0.0000000E+00  0.0000000E+00  0.0000000E+00  0.0000000E+00  0.7642110E+04  0.0000000E+00  0.0000000E+00  0.0000000E+00  0.7642110E+04
ANIMAL_WASTE        0.0000000E+00  0.0000000E+00  0.0000000E+00  0.0000000E+00  0.0000000E+00  0.0000000E+00  0.0000000E+00  0.0000000E+00  0.0000000E+00  0.0000000E+00  0.0000000E+00  0.0000000E+00  0.0000000E+00  0.0000000E+00  0.0000000E+00  0.0000000E+00  0.0000000E+00  0.0000000E+00  0.0000000E+00  0.0000000E+00
OTHERS              0.0000000E+00  0.0000000E+00  0.0000000E+00  0.0000000E+00  0.0000000E+00  0.0000000E+00  0.0000000E+00  0.0000000E+00  0.0000000E+00  0.0000000E+00  0.0000000E+00  0.0000000E+00  0.0000000E+00  0.0000000E+00  0.0000000E+00  0.0000000E+00  0.0000000E+00  0.0000000E+00  0.0000000E+00  0.0000000E+00
SUB_TOTAL           0.3821539E+02  0.2022094E+04  0.1855430E+03  0.4387500E+03  0.6822804E+02  0.9016743E+01  0.3412205E+03  0.4142007E+02  0.3979753E+03  0.2788887E+03  0.1177360E+04  0.2688412E+03  0.9956577E+02  0.5840884E+02  0.1001461E+03  0.1485754E+05  0.1282058E+02  0.9662407E+03  0.4618997E+01  0.2136689E+05
  
Non-Combustion Sources [t/year]
  
Industry [t/year]
  
Sector
PIG_IRON            0.5434032E+03
CRUDE_STEEL         0.0000000E+00
IRON_STEEL_OTHERS   0.1418148E+02
ALUMINUM_ALUMINA    0.0000000E+00
COPPER              0.0000000E+00
ZINC                0.0000000E+00
LEAD                0.0000000E+00
CMENT               0.3641025E+03
BRICKS              0.4479455E+04
LIME                0.8611594E+02
COKE_OVENS          0.2296667E+04
OIL_REFINERY        0.0000000E+00
OTH_TRANSFORMATION  0.0000000E+00
SULPHRIC_ACID       0.0000000E+00
OTHERS              0.0000000E+00
SUB_TOTAL           0.7783925E+04
  
Total [t/year]
  
TOTAL               0.2915082E+05
