Year       : 2007
Country    : CHN
Sub-Region : HUBE
  
Combustion Sources [t/year]
  
Fuel Type           POWER_PLANTS   ENERGY         IRON_STEEL     CHEM_PETRCHEM  NON_FERR_MET   NON_MET_MINE   OTHERS         ROAD_CARS      ROAD_BUSES     ROAD_L_TRUCKS  ROAD_H_TRUCKS  ROAD_MC        ROAD_OTHERS    DOM_NAVI       RAILWAY_ETC    RESIDENT       COMM_PUB       AGR_FORE_FISH  OTHERS         SUB_TOTAL    
HARD_COAL           0.1073437E+03  0.8553882E+02  0.1818661E+04  0.4627058E+04  0.3331554E+03  0.0000000E+00  0.2836080E+04  0.0000000E+00  0.0000000E+00  0.0000000E+00  0.0000000E+00  0.0000000E+00  0.0000000E+00  0.0000000E+00  0.6010900E+03  0.5541558E+04  0.5645169E+03  0.3431916E+03  0.2202030E+03  0.1707840E+05
BROWN_COAL          0.0000000E+00  0.0000000E+00  0.0000000E+00  0.0000000E+00  0.0000000E+00  0.0000000E+00  0.0000000E+00  0.0000000E+00  0.0000000E+00  0.0000000E+00  0.0000000E+00  0.0000000E+00  0.0000000E+00  0.0000000E+00  0.0000000E+00  0.0000000E+00  0.0000000E+00  0.0000000E+00  0.0000000E+00  0.0000000E+00
DERIVED_COAL        0.0000000E+00  0.0000000E+00  0.0000000E+00  0.0000000E+00  0.0000000E+00  0.0000000E+00  0.0000000E+00  0.0000000E+00  0.0000000E+00  0.0000000E+00  0.0000000E+00  0.0000000E+00  0.0000000E+00  0.0000000E+00  0.0000000E+00  0.0000000E+00  0.0000000E+00  0.0000000E+00  0.0000000E+00  0.0000000E+00
NATURAL_GAS         0.0000000E+00  0.0000000E+00  0.0000000E+00  0.0000000E+00  0.0000000E+00  0.0000000E+00  0.0000000E+00  0.0000000E+00  0.0000000E+00  0.0000000E+00  0.0000000E+00  0.0000000E+00  0.0000000E+00  0.0000000E+00  0.0000000E+00  0.0000000E+00  0.0000000E+00  0.0000000E+00  0.0000000E+00  0.0000000E+00
COKE_OVEN_GAS       0.0000000E+00  0.0000000E+00  0.0000000E+00  0.0000000E+00  0.0000000E+00  0.0000000E+00  0.0000000E+00  0.0000000E+00  0.0000000E+00  0.0000000E+00  0.0000000E+00  0.0000000E+00  0.0000000E+00  0.0000000E+00  0.0000000E+00  0.0000000E+00  0.0000000E+00  0.0000000E+00  0.0000000E+00  0.0000000E+00
OTHER_GAS           0.0000000E+00  0.0000000E+00  0.0000000E+00  0.0000000E+00  0.0000000E+00  0.0000000E+00  0.0000000E+00  0.0000000E+00  0.0000000E+00  0.0000000E+00  0.0000000E+00  0.0000000E+00  0.0000000E+00  0.0000000E+00  0.0000000E+00  0.0000000E+00  0.0000000E+00  0.0000000E+00  0.0000000E+00  0.0000000E+00
MOTOR_GASOLINE      0.0000000E+00  0.0000000E+00  0.0000000E+00  0.0000000E+00  0.0000000E+00  0.0000000E+00  0.0000000E+00  0.7351440E+02  0.6596589E+02  0.8934233E+02  0.9034882E+02  0.1368712E+05  0.0000000E+00  0.0000000E+00  0.0000000E+00  0.0000000E+00  0.0000000E+00  0.2003040E+02  0.0000000E+00  0.1402632E+05
KEROSENE            0.0000000E+00  0.9037793E+00  0.6778345E+00  0.1367882E+01  0.2076249E+00  0.7816470E+00  0.4274630E+01  0.0000000E+00  0.0000000E+00  0.0000000E+00  0.0000000E+00  0.0000000E+00  0.0000000E+00  0.0000000E+00  0.0000000E+00  0.5616000E+01  0.0000000E+00  0.0000000E+00  0.0000000E+00  0.1382940E+02
OTHER_LF            0.1138410E+02  0.4070869E+01  0.3053151E+01  0.6161317E+01  0.9351996E+00  0.3520752E+01  0.1925411E+02  0.0000000E+00  0.0000000E+00  0.0000000E+00  0.0000000E+00  0.0000000E+00  0.0000000E+00  0.0000000E+00  0.0000000E+00  0.5992740E+02  0.9126000E+01  0.0000000E+00  0.0000000E+00  0.1174329E+03
DIESEL_OIL          0.3215424E+01  0.2857889E+02  0.2832128E+02  0.1639403E+02  0.5322119E+01  0.1767704E+02  0.1455963E+03  0.0000000E+00  0.8149525E+03  0.3279921E+03  0.1561984E+04  0.0000000E+00  0.2883528E+02  0.3199323E+02  0.2245628E+02  0.1012813E+02  0.2880834E+02  0.1732505E+03  0.0000000E+00  0.3245505E+04
CRUDE_OIL           0.0000000E+00  0.5132168E+00  0.4816630E+00  0.3876464E+00  0.9946647E-01  0.3406386E+00  0.1841492E+01  0.0000000E+00  0.0000000E+00  0.0000000E+00  0.0000000E+00  0.0000000E+00  0.0000000E+00  0.0000000E+00  0.0000000E+00  0.0000000E+00  0.0000000E+00  0.0000000E+00  0.0000000E+00  0.3664123E+01
HEAVY_FUEL_OIL      0.2367780E+01  0.4683370E+01  0.4395425E+01  0.3537478E+01  0.9076835E+00  0.3108505E+01  0.1680458E+02  0.0000000E+00  0.0000000E+00  0.0000000E+00  0.0000000E+00  0.0000000E+00  0.0000000E+00  0.1189920E+02  0.0000000E+00  0.0000000E+00  0.0000000E+00  0.0000000E+00  0.0000000E+00  0.4770402E+02
OTHER_HF            0.3028638E+01  0.9666835E+01  0.9072493E+01  0.7301622E+01  0.1873528E+01  0.6416191E+01  0.3468593E+02  0.0000000E+00  0.0000000E+00  0.0000000E+00  0.0000000E+00  0.0000000E+00  0.0000000E+00  0.0000000E+00  0.0000000E+00  0.0000000E+00  0.0000000E+00  0.0000000E+00  0.0000000E+00  0.7204524E+02
FUELWOOD            0.0000000E+00  0.0000000E+00  0.0000000E+00  0.0000000E+00  0.0000000E+00  0.0000000E+00  0.0000000E+00  0.0000000E+00  0.0000000E+00  0.0000000E+00  0.0000000E+00  0.0000000E+00  0.0000000E+00  0.0000000E+00  0.0000000E+00  0.1111186E+05  0.0000000E+00  0.0000000E+00  0.0000000E+00  0.1111186E+05
CROP_RESIDUE        0.0000000E+00  0.0000000E+00  0.0000000E+00  0.0000000E+00  0.0000000E+00  0.0000000E+00  0.0000000E+00  0.0000000E+00  0.0000000E+00  0.0000000E+00  0.0000000E+00  0.0000000E+00  0.0000000E+00  0.0000000E+00  0.0000000E+00  0.1685229E+05  0.0000000E+00  0.0000000E+00  0.0000000E+00  0.1685229E+05
ANIMAL_WASTE        0.0000000E+00  0.0000000E+00  0.0000000E+00  0.0000000E+00  0.0000000E+00  0.0000000E+00  0.0000000E+00  0.0000000E+00  0.0000000E+00  0.0000000E+00  0.0000000E+00  0.0000000E+00  0.0000000E+00  0.0000000E+00  0.0000000E+00  0.0000000E+00  0.0000000E+00  0.0000000E+00  0.0000000E+00  0.0000000E+00
OTHERS              0.0000000E+00  0.0000000E+00  0.0000000E+00  0.0000000E+00  0.0000000E+00  0.0000000E+00  0.0000000E+00  0.0000000E+00  0.0000000E+00  0.0000000E+00  0.0000000E+00  0.0000000E+00  0.0000000E+00  0.0000000E+00  0.0000000E+00  0.0000000E+00  0.0000000E+00  0.0000000E+00  0.0000000E+00  0.0000000E+00
SUB_TOTAL           0.1273396E+03  0.1339558E+03  0.1864663E+04  0.4662208E+04  0.3425010E+03  0.3184477E+02  0.3058537E+04  0.7351440E+02  0.8809184E+03  0.4173344E+03  0.1652333E+04  0.1368712E+05  0.2883528E+02  0.4389243E+02  0.6235463E+03  0.3358138E+05  0.6024512E+03  0.5364725E+03  0.2202030E+03  0.6256905E+05
  
Non-Combustion Sources [t/year]
  
Industry [t/year]
  
Sector
PIG_IRON            0.2779717E+04
CRUDE_STEEL         0.0000000E+00
IRON_STEEL_OTHERS   0.8561422E+02
ALUMINUM_ALUMINA    0.0000000E+00
COPPER              0.0000000E+00
ZINC                0.0000000E+00
LEAD                0.0000000E+00
CMENT               0.6843617E+03
BRICKS              0.4794443E+04
LIME                0.1552859E+03
COKE_OVENS          0.5682497E+04
OIL_REFINERY        0.0000000E+00
OTH_TRANSFORMATION  0.1598422E+03
SULPHRIC_ACID       0.0000000E+00
OTHERS              0.0000000E+00
SUB_TOTAL           0.1434176E+05
  
Total [t/year]
  
TOTAL               0.7691081E+05
