Year       : 2007
Country    : CHN
Sub-Region : YUNN
  
Combustion Sources [t/year]
  
Fuel Type           POWER_PLANTS   ENERGY         IRON_STEEL     CHEM_PETRCHEM  NON_FERR_MET   NON_MET_MINE   OTHERS         ROAD_CARS      ROAD_BUSES     ROAD_L_TRUCKS  ROAD_H_TRUCKS  ROAD_MC        ROAD_OTHERS    DOM_NAVI       RAILWAY_ETC    RESIDENT       COMM_PUB       AGR_FORE_FISH  OTHERS         SUB_TOTAL    
HARD_COAL           0.8241317E+02  0.2318281E+04  0.2799733E+03  0.8028102E+03  0.1453668E+03  0.0000000E+00  0.3749143E+03  0.0000000E+00  0.0000000E+00  0.0000000E+00  0.0000000E+00  0.0000000E+00  0.0000000E+00  0.0000000E+00  0.1083264E+03  0.3165060E+04  0.6509340E+02  0.7958268E+03  0.6354540E+02  0.8201611E+04
BROWN_COAL          0.0000000E+00  0.0000000E+00  0.0000000E+00  0.0000000E+00  0.0000000E+00  0.0000000E+00  0.0000000E+00  0.0000000E+00  0.0000000E+00  0.0000000E+00  0.0000000E+00  0.0000000E+00  0.0000000E+00  0.0000000E+00  0.0000000E+00  0.0000000E+00  0.0000000E+00  0.0000000E+00  0.0000000E+00  0.0000000E+00
DERIVED_COAL        0.0000000E+00  0.0000000E+00  0.0000000E+00  0.0000000E+00  0.0000000E+00  0.0000000E+00  0.0000000E+00  0.0000000E+00  0.0000000E+00  0.0000000E+00  0.0000000E+00  0.0000000E+00  0.0000000E+00  0.0000000E+00  0.0000000E+00  0.0000000E+00  0.0000000E+00  0.0000000E+00  0.0000000E+00  0.0000000E+00
NATURAL_GAS         0.0000000E+00  0.0000000E+00  0.0000000E+00  0.0000000E+00  0.0000000E+00  0.0000000E+00  0.0000000E+00  0.0000000E+00  0.0000000E+00  0.0000000E+00  0.0000000E+00  0.0000000E+00  0.0000000E+00  0.0000000E+00  0.0000000E+00  0.0000000E+00  0.0000000E+00  0.0000000E+00  0.0000000E+00  0.0000000E+00
COKE_OVEN_GAS       0.0000000E+00  0.0000000E+00  0.0000000E+00  0.0000000E+00  0.0000000E+00  0.0000000E+00  0.0000000E+00  0.0000000E+00  0.0000000E+00  0.0000000E+00  0.0000000E+00  0.0000000E+00  0.0000000E+00  0.0000000E+00  0.0000000E+00  0.0000000E+00  0.0000000E+00  0.0000000E+00  0.0000000E+00  0.0000000E+00
OTHER_GAS           0.0000000E+00  0.0000000E+00  0.0000000E+00  0.0000000E+00  0.0000000E+00  0.0000000E+00  0.0000000E+00  0.0000000E+00  0.0000000E+00  0.0000000E+00  0.0000000E+00  0.0000000E+00  0.0000000E+00  0.0000000E+00  0.0000000E+00  0.0000000E+00  0.0000000E+00  0.0000000E+00  0.0000000E+00  0.0000000E+00
MOTOR_GASOLINE      0.0000000E+00  0.0000000E+00  0.0000000E+00  0.0000000E+00  0.0000000E+00  0.0000000E+00  0.0000000E+00  0.1153191E+03  0.4485288E+02  0.1404559E+03  0.1411059E+03  0.5475251E+03  0.0000000E+00  0.0000000E+00  0.0000000E+00  0.0000000E+00  0.0000000E+00  0.9231300E+01  0.0000000E+00  0.9984902E+03
KEROSENE            0.0000000E+00  0.1562333E-01  0.3002348E-01  0.1573452E-01  0.5737822E-01  0.3580578E-01  0.5603467E-01  0.0000000E+00  0.0000000E+00  0.0000000E+00  0.0000000E+00  0.0000000E+00  0.0000000E+00  0.0000000E+00  0.0000000E+00  0.2340000E-01  0.1170000E-01  0.8190000E-01  0.7020000E+00  0.1029600E+01
OTHER_LF            0.0000000E+00  0.1194725E-01  0.2295913E-01  0.1203228E-01  0.4387746E-01  0.2738089E-01  0.3390297E-01  0.0000000E+00  0.0000000E+00  0.0000000E+00  0.0000000E+00  0.0000000E+00  0.0000000E+00  0.0000000E+00  0.0000000E+00  0.1168830E+02  0.4586400E+01  0.0000000E+00  0.2691000E+00  0.1669590E+02
DIESEL_OIL          0.2810428E+01  0.2352712E+01  0.4405296E+01  0.2308701E+01  0.8419012E+01  0.5253724E+01  0.2805586E+02  0.0000000E+00  0.5333675E+03  0.4963285E+03  0.2348132E+04  0.0000000E+00  0.1075214E+04  0.9251326E+00  0.2823857E+02  0.2072134E+02  0.3862643E+01  0.1946824E+02  0.5154497E+01  0.4585018E+04
CRUDE_OIL           0.0000000E+00  0.3386586E-02  0.6341159E-02  0.3323237E-02  0.1211866E-01  0.7562418E-02  0.9363778E-02  0.0000000E+00  0.0000000E+00  0.0000000E+00  0.0000000E+00  0.0000000E+00  0.0000000E+00  0.0000000E+00  0.0000000E+00  0.0000000E+00  0.0000000E+00  0.0000000E+00  0.0000000E+00  0.4209584E-01
HEAVY_FUEL_OIL      0.0000000E+00  0.1505492E+00  0.2818933E+00  0.1477330E+00  0.5387295E+00  0.3361839E+00  0.4162625E+00  0.0000000E+00  0.0000000E+00  0.0000000E+00  0.0000000E+00  0.0000000E+00  0.0000000E+00  0.0000000E+00  0.0000000E+00  0.0000000E+00  0.0000000E+00  0.0000000E+00  0.0000000E+00  0.1871351E+01
OTHER_HF            0.0000000E+00  0.1302297E+00  0.2438463E+00  0.1277936E+00  0.4660177E+00  0.2908094E+00  0.3600798E+00  0.0000000E+00  0.0000000E+00  0.0000000E+00  0.0000000E+00  0.0000000E+00  0.0000000E+00  0.6351600E+00  0.0000000E+00  0.0000000E+00  0.5040000E-02  0.0000000E+00  0.1176000E-01  0.2270737E+01
FUELWOOD            0.0000000E+00  0.0000000E+00  0.0000000E+00  0.0000000E+00  0.0000000E+00  0.0000000E+00  0.0000000E+00  0.0000000E+00  0.0000000E+00  0.0000000E+00  0.0000000E+00  0.0000000E+00  0.0000000E+00  0.0000000E+00  0.0000000E+00  0.1211851E+05  0.0000000E+00  0.0000000E+00  0.0000000E+00  0.1211851E+05
CROP_RESIDUE        0.0000000E+00  0.0000000E+00  0.0000000E+00  0.0000000E+00  0.0000000E+00  0.0000000E+00  0.0000000E+00  0.0000000E+00  0.0000000E+00  0.0000000E+00  0.0000000E+00  0.0000000E+00  0.0000000E+00  0.0000000E+00  0.0000000E+00  0.5894385E+04  0.0000000E+00  0.0000000E+00  0.0000000E+00  0.5894385E+04
ANIMAL_WASTE        0.0000000E+00  0.0000000E+00  0.0000000E+00  0.0000000E+00  0.0000000E+00  0.0000000E+00  0.0000000E+00  0.0000000E+00  0.0000000E+00  0.0000000E+00  0.0000000E+00  0.0000000E+00  0.0000000E+00  0.0000000E+00  0.0000000E+00  0.0000000E+00  0.0000000E+00  0.0000000E+00  0.0000000E+00  0.0000000E+00
OTHERS              0.0000000E+00  0.0000000E+00  0.0000000E+00  0.0000000E+00  0.0000000E+00  0.0000000E+00  0.0000000E+00  0.0000000E+00  0.0000000E+00  0.0000000E+00  0.0000000E+00  0.0000000E+00  0.0000000E+00  0.0000000E+00  0.0000000E+00  0.0000000E+00  0.0000000E+00  0.0000000E+00  0.0000000E+00  0.0000000E+00
SUB_TOTAL           0.8522360E+02  0.2320945E+04  0.2849637E+03  0.8054255E+03  0.1549039E+03  0.5951466E+01  0.4038458E+03  0.1153191E+03  0.5782204E+03  0.6367844E+03  0.2489238E+04  0.5475251E+03  0.1075214E+04  0.1560293E+01  0.1365650E+03  0.2121039E+05  0.7355918E+02  0.8246082E+03  0.6968276E+02  0.3181992E+05
  
Non-Combustion Sources [t/year]
  
Industry [t/year]
  
Sector
PIG_IRON            0.1990360E+04
CRUDE_STEEL         0.0000000E+00
IRON_STEEL_OTHERS   0.2846842E+02
ALUMINUM_ALUMINA    0.0000000E+00
COPPER              0.0000000E+00
ZINC                0.0000000E+00
LEAD                0.0000000E+00
CMENT               0.4330964E+03
BRICKS              0.2285070E+04
LIME                0.7502858E+02
COKE_OVENS          0.9613275E+04
OIL_REFINERY        0.0000000E+00
OTH_TRANSFORMATION  0.5091439E+03
SULPHRIC_ACID       0.0000000E+00
OTHERS              0.0000000E+00
SUB_TOTAL           0.1493444E+05
  
Total [t/year]
  
TOTAL               0.4675437E+05
