Year       : 2007
Country    : CHN
Sub-Region : WHOL
  
Combustion Sources [t/year]
  
Fuel Type           POWER_PLANTS   ENERGY         IRON_STEEL     CHEM_PETRCHEM  NON_FERR_MET   NON_MET_MINE   OTHERS         ROAD_CARS      ROAD_BUSES     ROAD_L_TRUCKS  ROAD_H_TRUCKS  ROAD_MC        ROAD_OTHERS    DOM_NAVI       RAILWAY_ETC    RESIDENT       COMM_PUB       AGR_FORE_FISH  OTHERS         SUB_TOTAL    
HARD_COAL           0.3649118E+04  0.5328610E+05  0.1755413E+05  0.2223852E+05  0.5057052E+04  0.0000000E+00  0.8186169E+05  0.0000000E+00  0.0000000E+00  0.0000000E+00  0.0000000E+00  0.0000000E+00  0.0000000E+00  0.0000000E+00  0.4817810E+04  0.9702210E+05  0.7616929E+04  0.9710088E+04  0.6565652E+04  0.3093792E+06
BROWN_COAL          0.0000000E+00  0.0000000E+00  0.0000000E+00  0.0000000E+00  0.0000000E+00  0.0000000E+00  0.0000000E+00  0.0000000E+00  0.0000000E+00  0.0000000E+00  0.0000000E+00  0.0000000E+00  0.0000000E+00  0.0000000E+00  0.0000000E+00  0.0000000E+00  0.0000000E+00  0.0000000E+00  0.0000000E+00  0.0000000E+00
DERIVED_COAL        0.0000000E+00  0.0000000E+00  0.0000000E+00  0.0000000E+00  0.0000000E+00  0.0000000E+00  0.0000000E+00  0.0000000E+00  0.0000000E+00  0.0000000E+00  0.0000000E+00  0.0000000E+00  0.0000000E+00  0.0000000E+00  0.0000000E+00  0.0000000E+00  0.0000000E+00  0.0000000E+00  0.0000000E+00  0.0000000E+00
NATURAL_GAS         0.0000000E+00  0.0000000E+00  0.0000000E+00  0.0000000E+00  0.0000000E+00  0.0000000E+00  0.0000000E+00  0.0000000E+00  0.0000000E+00  0.0000000E+00  0.0000000E+00  0.0000000E+00  0.0000000E+00  0.0000000E+00  0.0000000E+00  0.0000000E+00  0.0000000E+00  0.0000000E+00  0.0000000E+00  0.0000000E+00
COKE_OVEN_GAS       0.0000000E+00  0.0000000E+00  0.0000000E+00  0.0000000E+00  0.0000000E+00  0.0000000E+00  0.0000000E+00  0.0000000E+00  0.0000000E+00  0.0000000E+00  0.0000000E+00  0.0000000E+00  0.0000000E+00  0.0000000E+00  0.0000000E+00  0.0000000E+00  0.0000000E+00  0.0000000E+00  0.0000000E+00  0.0000000E+00
OTHER_GAS           0.0000000E+00  0.0000000E+00  0.0000000E+00  0.0000000E+00  0.0000000E+00  0.0000000E+00  0.0000000E+00  0.0000000E+00  0.0000000E+00  0.0000000E+00  0.0000000E+00  0.0000000E+00  0.0000000E+00  0.0000000E+00  0.0000000E+00  0.0000000E+00  0.0000000E+00  0.0000000E+00  0.0000000E+00  0.0000000E+00
MOTOR_GASOLINE      0.0000000E+00  0.0000000E+00  0.0000000E+00  0.0000000E+00  0.0000000E+00  0.0000000E+00  0.0000000E+00  0.3399223E+04  0.1955571E+04  0.3145388E+04  0.2494781E+04  0.4849491E+05  0.0000000E+00  0.0000000E+00  0.0000000E+00  0.0000000E+00  0.0000000E+00  0.3392415E+03  0.0000000E+00  0.5982912E+05
KEROSENE            0.3066517E-02  0.6927257E+01  0.2708722E+01  0.6979239E+01  0.3193443E+01  0.3423774E+01  0.5633038E+02  0.0000000E+00  0.0000000E+00  0.0000000E+00  0.0000000E+00  0.0000000E+00  0.0000000E+00  0.0000000E+00  0.0000000E+00  0.1611452E+02  0.7406100E+01  0.1099800E+01  0.5417114E+01  0.1096034E+03
OTHER_LF            0.2060019E+03  0.1500662E+03  0.7458342E+02  0.1096114E+03  0.3077987E+02  0.4919993E+02  0.1108734E+04  0.0000000E+00  0.0000000E+00  0.0000000E+00  0.0000000E+00  0.0000000E+00  0.3939545E+02  0.0000000E+00  0.0000000E+00  0.1800602E+04  0.2458939E+03  0.7560562E+01  0.4422600E+02  0.3866654E+04
DIESEL_OIL          0.1371261E+03  0.4031834E+03  0.1931434E+03  0.9563048E+02  0.8998760E+02  0.1909371E+03  0.2510223E+04  0.4689892E+03  0.2469075E+05  0.1197777E+05  0.4580134E+05  0.0000000E+00  0.2481580E+05  0.1702871E+04  0.8069194E+03  0.3490331E+03  0.9286234E+03  0.2408558E+04  0.5643980E+03  0.1181353E+06
CRUDE_OIL           0.5834634E+01  0.1974251E+03  0.5741312E+00  0.5892919E+02  0.2290260E+00  0.1062501E+01  0.7969093E+02  0.0000000E+00  0.0000000E+00  0.0000000E+00  0.0000000E+00  0.0000000E+00  0.0000000E+00  0.0000000E+00  0.0000000E+00  0.0000000E+00  0.0000000E+00  0.0000000E+00  0.1848000E+01  0.3455935E+03
HEAVY_FUEL_OIL      0.2644106E+03  0.9400269E+02  0.1488937E+02  0.3523333E+02  0.1735956E+02  0.4780926E+02  0.5497609E+03  0.0000000E+00  0.0000000E+00  0.0000000E+00  0.0000000E+00  0.0000000E+00  0.0000000E+00  0.5084094E+03  0.0000000E+00  0.0000000E+00  0.4163040E+01  0.1522080E+01  0.1308720E+01  0.1538869E+04
OTHER_HF            0.6812138E+02  0.2445099E+03  0.2614118E+02  0.8542492E+02  0.3453877E+02  0.4388775E+02  0.9084356E+03  0.0000000E+00  0.0000000E+00  0.0000000E+00  0.0000000E+00  0.0000000E+00  0.0000000E+00  0.1965378E+02  0.0000000E+00  0.3482640E+01  0.2016000E+01  0.3400320E+01  0.5023200E+01  0.1444635E+04
FUELWOOD            0.0000000E+00  0.0000000E+00  0.0000000E+00  0.0000000E+00  0.0000000E+00  0.0000000E+00  0.0000000E+00  0.0000000E+00  0.0000000E+00  0.0000000E+00  0.0000000E+00  0.0000000E+00  0.0000000E+00  0.0000000E+00  0.0000000E+00  0.2031703E+06  0.0000000E+00  0.0000000E+00  0.1644300E+00  0.2031705E+06
CROP_RESIDUE        0.0000000E+00  0.0000000E+00  0.0000000E+00  0.0000000E+00  0.0000000E+00  0.0000000E+00  0.0000000E+00  0.0000000E+00  0.0000000E+00  0.0000000E+00  0.0000000E+00  0.0000000E+00  0.0000000E+00  0.0000000E+00  0.0000000E+00  0.3563842E+06  0.0000000E+00  0.0000000E+00  0.0000000E+00  0.3563842E+06
ANIMAL_WASTE        0.0000000E+00  0.0000000E+00  0.0000000E+00  0.0000000E+00  0.0000000E+00  0.0000000E+00  0.0000000E+00  0.0000000E+00  0.0000000E+00  0.0000000E+00  0.0000000E+00  0.0000000E+00  0.0000000E+00  0.0000000E+00  0.0000000E+00  0.0000000E+00  0.0000000E+00  0.0000000E+00  0.0000000E+00  0.0000000E+00
OTHERS              0.0000000E+00  0.0000000E+00  0.0000000E+00  0.0000000E+00  0.0000000E+00  0.0000000E+00  0.0000000E+00  0.0000000E+00  0.0000000E+00  0.0000000E+00  0.0000000E+00  0.0000000E+00  0.0000000E+00  0.0000000E+00  0.0000000E+00  0.0000000E+00  0.0000000E+00  0.0000000E+00  0.0000000E+00  0.0000000E+00
SUB_TOTAL           0.4330615E+04  0.5438221E+05  0.1786617E+05  0.2263033E+05  0.5233140E+04  0.3363204E+03  0.8707487E+05  0.3868212E+04  0.2664633E+05  0.1512316E+05  0.4829612E+05  0.4849491E+05  0.2485519E+05  0.2230934E+04  0.5624730E+04  0.6587459E+06  0.8805032E+04  0.1247147E+05  0.7188038E+04  0.1054204E+07
  
Non-Combustion Sources [t/year]
  
Industry [t/year]
  
Sector
PIG_IRON            0.7885399E+05
CRUDE_STEEL         0.0000000E+00
IRON_STEEL_OTHERS   0.1438719E+04
ALUMINUM_ALUMINA    0.0000000E+00
COPPER              0.0000000E+00
ZINC                0.0000000E+00
LEAD                0.0000000E+00
CMENT               0.1651994E+05
BRICKS              0.1304640E+06
LIME                0.4760000E+04
COKE_OVENS          0.2712190E+06
OIL_REFINERY        0.2757720E+01
OTH_TRANSFORMATION  0.4550348E+04
SULPHRIC_ACID       0.0000000E+00
OTHERS              0.0000000E+00
SUB_TOTAL           0.5078087E+06
  
Total [t/year]
  
TOTAL               0.1562012E+07
