Year       : 2007
Country    : CHN
Sub-Region : HENA
  
Combustion Sources [t/year]
  
Fuel Type           POWER_PLANTS   ENERGY         IRON_STEEL     CHEM_PETRCHEM  NON_FERR_MET   NON_MET_MINE   OTHERS         ROAD_CARS      ROAD_BUSES     ROAD_L_TRUCKS  ROAD_H_TRUCKS  ROAD_MC        ROAD_OTHERS    DOM_NAVI       RAILWAY_ETC    RESIDENT       COMM_PUB       AGR_FORE_FISH  OTHERS         SUB_TOTAL    
HARD_COAL           0.2547109E+03  0.1125606E+05  0.5592626E+03  0.2418256E+04  0.1374996E+04  0.0000000E+00  0.2274530E+04  0.0000000E+00  0.0000000E+00  0.0000000E+00  0.0000000E+00  0.0000000E+00  0.0000000E+00  0.0000000E+00  0.8680000E+02  0.1119052E+05  0.9675000E+02  0.3870000E+03  0.0000000E+00  0.2989889E+05
BROWN_COAL          0.0000000E+00  0.0000000E+00  0.0000000E+00  0.0000000E+00  0.0000000E+00  0.0000000E+00  0.0000000E+00  0.0000000E+00  0.0000000E+00  0.0000000E+00  0.0000000E+00  0.0000000E+00  0.0000000E+00  0.0000000E+00  0.0000000E+00  0.0000000E+00  0.0000000E+00  0.0000000E+00  0.0000000E+00  0.0000000E+00
DERIVED_COAL        0.0000000E+00  0.0000000E+00  0.0000000E+00  0.0000000E+00  0.0000000E+00  0.0000000E+00  0.0000000E+00  0.0000000E+00  0.0000000E+00  0.0000000E+00  0.0000000E+00  0.0000000E+00  0.0000000E+00  0.0000000E+00  0.0000000E+00  0.0000000E+00  0.0000000E+00  0.0000000E+00  0.0000000E+00  0.0000000E+00
NATURAL_GAS         0.0000000E+00  0.0000000E+00  0.0000000E+00  0.0000000E+00  0.0000000E+00  0.0000000E+00  0.0000000E+00  0.0000000E+00  0.0000000E+00  0.0000000E+00  0.0000000E+00  0.0000000E+00  0.0000000E+00  0.0000000E+00  0.0000000E+00  0.0000000E+00  0.0000000E+00  0.0000000E+00  0.0000000E+00  0.0000000E+00
COKE_OVEN_GAS       0.0000000E+00  0.0000000E+00  0.0000000E+00  0.0000000E+00  0.0000000E+00  0.0000000E+00  0.0000000E+00  0.0000000E+00  0.0000000E+00  0.0000000E+00  0.0000000E+00  0.0000000E+00  0.0000000E+00  0.0000000E+00  0.0000000E+00  0.0000000E+00  0.0000000E+00  0.0000000E+00  0.0000000E+00  0.0000000E+00
OTHER_GAS           0.0000000E+00  0.0000000E+00  0.0000000E+00  0.0000000E+00  0.0000000E+00  0.0000000E+00  0.0000000E+00  0.0000000E+00  0.0000000E+00  0.0000000E+00  0.0000000E+00  0.0000000E+00  0.0000000E+00  0.0000000E+00  0.0000000E+00  0.0000000E+00  0.0000000E+00  0.0000000E+00  0.0000000E+00  0.0000000E+00
MOTOR_GASOLINE      0.0000000E+00  0.0000000E+00  0.0000000E+00  0.0000000E+00  0.0000000E+00  0.0000000E+00  0.0000000E+00  0.1406463E+03  0.9988556E+02  0.1219530E+03  0.1443058E+03  0.1727772E+04  0.0000000E+00  0.0000000E+00  0.0000000E+00  0.0000000E+00  0.0000000E+00  0.7020000E+01  0.0000000E+00  0.2241583E+04
KEROSENE            0.0000000E+00  0.1726943E+01  0.3316858E-01  0.1235922E-01  0.5077111E-01  0.6107045E-01  0.5788703E-01  0.0000000E+00  0.0000000E+00  0.0000000E+00  0.0000000E+00  0.0000000E+00  0.0000000E+00  0.0000000E+00  0.0000000E+00  0.0000000E+00  0.3276000E+00  0.0000000E+00  0.0000000E+00  0.2269799E+01
OTHER_LF            0.1171170E+02  0.1744629E+02  0.3350827E+00  0.1248580E+00  0.5129105E+00  0.6169588E+00  0.5847984E+00  0.0000000E+00  0.0000000E+00  0.0000000E+00  0.0000000E+00  0.0000000E+00  0.0000000E+00  0.0000000E+00  0.0000000E+00  0.2808000E+02  0.7195500E+01  0.0000000E+00  0.0000000E+00  0.6660810E+02
DIESEL_OIL          0.4123598E+01  0.3967717E+02  0.5465783E+01  0.5278598E+01  0.1089413E+02  0.6688720E+01  0.3660608E+02  0.0000000E+00  0.1267532E+04  0.4598775E+03  0.2562601E+04  0.0000000E+00  0.5441316E+04  0.4873970E+01  0.6606093E+02  0.0000000E+00  0.7751124E+01  0.1245606E+03  0.5167415E+01  0.1004847E+05
CRUDE_OIL           0.1519620E+00  0.6736841E+01  0.0000000E+00  0.0000000E+00  0.0000000E+00  0.0000000E+00  0.7572584E-03  0.0000000E+00  0.0000000E+00  0.0000000E+00  0.0000000E+00  0.0000000E+00  0.0000000E+00  0.0000000E+00  0.0000000E+00  0.0000000E+00  0.0000000E+00  0.0000000E+00  0.0000000E+00  0.6889560E+01
HEAVY_FUEL_OIL      0.5654400E+00  0.5322126E+01  0.3808523E+01  0.4084730E+00  0.5041722E+01  0.8064418E+01  0.8558476E+00  0.0000000E+00  0.0000000E+00  0.0000000E+00  0.0000000E+00  0.0000000E+00  0.0000000E+00  0.0000000E+00  0.0000000E+00  0.0000000E+00  0.0000000E+00  0.0000000E+00  0.0000000E+00  0.2406655E+02
OTHER_HF            0.0000000E+00  0.1579761E+01  0.1130480E+01  0.1212466E+00  0.1496529E+01  0.2393753E+01  0.7892040E+01  0.0000000E+00  0.0000000E+00  0.0000000E+00  0.0000000E+00  0.0000000E+00  0.0000000E+00  0.0000000E+00  0.0000000E+00  0.0000000E+00  0.0000000E+00  0.0000000E+00  0.0000000E+00  0.1461381E+02
FUELWOOD            0.0000000E+00  0.0000000E+00  0.0000000E+00  0.0000000E+00  0.0000000E+00  0.0000000E+00  0.0000000E+00  0.0000000E+00  0.0000000E+00  0.0000000E+00  0.0000000E+00  0.0000000E+00  0.0000000E+00  0.0000000E+00  0.0000000E+00  0.9496592E+04  0.0000000E+00  0.0000000E+00  0.0000000E+00  0.9496592E+04
CROP_RESIDUE        0.0000000E+00  0.0000000E+00  0.0000000E+00  0.0000000E+00  0.0000000E+00  0.0000000E+00  0.0000000E+00  0.0000000E+00  0.0000000E+00  0.0000000E+00  0.0000000E+00  0.0000000E+00  0.0000000E+00  0.0000000E+00  0.0000000E+00  0.2298860E+05  0.0000000E+00  0.0000000E+00  0.0000000E+00  0.2298860E+05
ANIMAL_WASTE        0.0000000E+00  0.0000000E+00  0.0000000E+00  0.0000000E+00  0.0000000E+00  0.0000000E+00  0.0000000E+00  0.0000000E+00  0.0000000E+00  0.0000000E+00  0.0000000E+00  0.0000000E+00  0.0000000E+00  0.0000000E+00  0.0000000E+00  0.0000000E+00  0.0000000E+00  0.0000000E+00  0.0000000E+00  0.0000000E+00
OTHERS              0.0000000E+00  0.0000000E+00  0.0000000E+00  0.0000000E+00  0.0000000E+00  0.0000000E+00  0.0000000E+00  0.0000000E+00  0.0000000E+00  0.0000000E+00  0.0000000E+00  0.0000000E+00  0.0000000E+00  0.0000000E+00  0.0000000E+00  0.0000000E+00  0.0000000E+00  0.0000000E+00  0.0000000E+00  0.0000000E+00
SUB_TOTAL           0.2712636E+03  0.1132855E+05  0.5700356E+03  0.2424202E+04  0.1392992E+04  0.1782492E+02  0.2320527E+04  0.1406463E+03  0.1367418E+04  0.5818305E+03  0.2706907E+04  0.1727772E+04  0.5441316E+04  0.4873970E+01  0.1528609E+03  0.4370379E+05  0.1120242E+03  0.5185806E+03  0.5167415E+01  0.7478858E+05
  
Non-Combustion Sources [t/year]
  
Industry [t/year]
  
Sector
PIG_IRON            0.3268147E+04
CRUDE_STEEL         0.0000000E+00
IRON_STEEL_OTHERS   0.4979223E+02
ALUMINUM_ALUMINA    0.0000000E+00
COPPER              0.0000000E+00
ZINC                0.0000000E+00
LEAD                0.0000000E+00
CMENT               0.1149496E+04
BRICKS              0.4167323E+04
LIME                0.7197958E+03
COKE_OVENS          0.1572993E+05
OIL_REFINERY        0.0000000E+00
OTH_TRANSFORMATION  0.1074931E+04
SULPHRIC_ACID       0.0000000E+00
OTHERS              0.0000000E+00
SUB_TOTAL           0.2615942E+05
  
Total [t/year]
  
TOTAL               0.1009480E+06
