Year       : 2007
Country    : CHN
Sub-Region : JINX
  
Combustion Sources [t/year]
  
Fuel Type           POWER_PLANTS   ENERGY         IRON_STEEL     CHEM_PETRCHEM  NON_FERR_MET   NON_MET_MINE   OTHERS         ROAD_CARS      ROAD_BUSES     ROAD_L_TRUCKS  ROAD_H_TRUCKS  ROAD_MC        ROAD_OTHERS    DOM_NAVI       RAILWAY_ETC    RESIDENT       COMM_PUB       AGR_FORE_FISH  OTHERS         SUB_TOTAL    
HARD_COAL           0.9448041E+03  0.4870009E+03  0.1095656E+03  0.1401755E+03  0.3334277E+02  0.3825204E+03  0.1347067E+03  0.0000000E+00  0.0000000E+00  0.0000000E+00  0.0000000E+00  0.0000000E+00  0.0000000E+00  0.0000000E+00  0.2659200E+01  0.9180000E+03  0.4200000E+02  0.1632600E+03  0.6000000E+01  0.3364035E+04
BROWN_COAL          0.0000000E+00  0.0000000E+00  0.0000000E+00  0.0000000E+00  0.0000000E+00  0.0000000E+00  0.0000000E+00  0.0000000E+00  0.0000000E+00  0.0000000E+00  0.0000000E+00  0.0000000E+00  0.0000000E+00  0.0000000E+00  0.0000000E+00  0.0000000E+00  0.0000000E+00  0.0000000E+00  0.0000000E+00  0.0000000E+00
DERIVED_COAL        0.0000000E+00  0.0000000E+00  0.5898556E+03  0.1002020E+02  0.5719196E+01  0.1981075E+00  0.3778096E+01  0.0000000E+00  0.0000000E+00  0.0000000E+00  0.0000000E+00  0.0000000E+00  0.0000000E+00  0.0000000E+00  0.0000000E+00  0.0000000E+00  0.0000000E+00  0.0000000E+00  0.0000000E+00  0.6095712E+03
NATURAL_GAS         0.0000000E+00  0.0000000E+00  0.0000000E+00  0.0000000E+00  0.0000000E+00  0.0000000E+00  0.7786200E+01  0.0000000E+00  0.0000000E+00  0.0000000E+00  0.0000000E+00  0.0000000E+00  0.0000000E+00  0.0000000E+00  0.0000000E+00  0.7202235E+01  0.5255685E+01  0.0000000E+00  0.0000000E+00  0.2024412E+02
COKE_OVEN_GAS       0.6941600E+00  0.0000000E+00  0.0000000E+00  0.0000000E+00  0.0000000E+00  0.0000000E+00  0.5109018E+03  0.0000000E+00  0.0000000E+00  0.0000000E+00  0.0000000E+00  0.0000000E+00  0.0000000E+00  0.0000000E+00  0.0000000E+00  0.9718240E+02  0.3470800E+02  0.0000000E+00  0.0000000E+00  0.6434864E+03
OTHER_GAS           0.4579690E+02  0.0000000E+00  0.0000000E+00  0.0000000E+00  0.0000000E+00  0.0000000E+00  0.9975780E+03  0.0000000E+00  0.0000000E+00  0.0000000E+00  0.0000000E+00  0.0000000E+00  0.0000000E+00  0.0000000E+00  0.0000000E+00  0.0000000E+00  0.2219400E+04  0.0000000E+00  0.0000000E+00  0.3262775E+04
MOTOR_GASOLINE      0.0000000E+00  0.0000000E+00  0.0000000E+00  0.0000000E+00  0.0000000E+00  0.0000000E+00  0.0000000E+00  0.2227213E+05  0.1598951E+04  0.3264598E+04  0.3336199E+04  0.8037478E+05  0.0000000E+00  0.0000000E+00  0.0000000E+00  0.0000000E+00  0.0000000E+00  0.6000000E+01  0.0000000E+00  0.1108527E+06
KEROSENE            0.0000000E+00  0.9308936E-02  0.6437027E-02  0.5110010E-01  0.3055112E+00  0.1733046E-01  0.1743121E+00  0.0000000E+00  0.0000000E+00  0.0000000E+00  0.0000000E+00  0.0000000E+00  0.0000000E+00  0.0000000E+00  0.0000000E+00  0.6000000E-01  0.1200000E-01  0.0000000E+00  0.1200000E-01  0.6479998E+00
OTHER_LF            0.7716000E+01  0.1846238E+01  0.9505111E+00  0.2201652E+01  0.2954255E+01  0.9388693E+00  0.7140474E+01  0.0000000E+00  0.0000000E+00  0.0000000E+00  0.0000000E+00  0.0000000E+00  0.0000000E+00  0.0000000E+00  0.0000000E+00  0.1949094E+04  0.8220000E+01  0.0000000E+00  0.0000000E+00  0.1981062E+04
DIESEL_OIL          0.1194247E+01  0.9360721E+00  0.2804863E+01  0.1121370E+01  0.7157389E+01  0.2229804E+01  0.2121046E+02  0.0000000E+00  0.1811316E+04  0.1215924E+04  0.8807660E+04  0.0000000E+00  0.3796015E+04  0.7674032E+01  0.2756603E+02  0.8382697E+01  0.5213348E+01  0.6545393E+02  0.8371213E+01  0.1579023E+05
CRUDE_OIL           0.0000000E+00  0.0000000E+00  0.0000000E+00  0.0000000E+00  0.0000000E+00  0.0000000E+00  0.0000000E+00  0.0000000E+00  0.0000000E+00  0.0000000E+00  0.0000000E+00  0.0000000E+00  0.0000000E+00  0.0000000E+00  0.0000000E+00  0.0000000E+00  0.0000000E+00  0.0000000E+00  0.0000000E+00  0.0000000E+00
HEAVY_FUEL_OIL      0.2832000E+01  0.4100876E+01  0.4594861E+00  0.5365873E+01  0.6929142E+01  0.2517586E+01  0.2110365E+00  0.0000000E+00  0.0000000E+00  0.0000000E+00  0.0000000E+00  0.0000000E+00  0.0000000E+00  0.0000000E+00  0.0000000E+00  0.0000000E+00  0.0000000E+00  0.0000000E+00  0.0000000E+00  0.2241600E+02
OTHER_HF            0.0000000E+00  0.1196340E+02  0.1340449E+01  0.1565375E+02  0.2021424E+02  0.7344502E+01  0.1141565E+02  0.0000000E+00  0.0000000E+00  0.0000000E+00  0.0000000E+00  0.0000000E+00  0.0000000E+00  0.4800000E+00  0.0000000E+00  0.1200000E+00  0.2400000E+00  0.0000000E+00  0.4800000E+00  0.6925199E+02
FUELWOOD            0.0000000E+00  0.0000000E+00  0.0000000E+00  0.0000000E+00  0.0000000E+00  0.0000000E+00  0.0000000E+00  0.0000000E+00  0.0000000E+00  0.0000000E+00  0.0000000E+00  0.0000000E+00  0.0000000E+00  0.0000000E+00  0.0000000E+00  0.1815901E+05  0.0000000E+00  0.0000000E+00  0.0000000E+00  0.1815901E+05
CROP_RESIDUE        0.0000000E+00  0.0000000E+00  0.0000000E+00  0.0000000E+00  0.0000000E+00  0.0000000E+00  0.0000000E+00  0.0000000E+00  0.0000000E+00  0.0000000E+00  0.0000000E+00  0.0000000E+00  0.0000000E+00  0.0000000E+00  0.0000000E+00  0.3522937E+05  0.0000000E+00  0.0000000E+00  0.0000000E+00  0.3522937E+05
ANIMAL_WASTE        0.0000000E+00  0.0000000E+00  0.0000000E+00  0.0000000E+00  0.0000000E+00  0.0000000E+00  0.0000000E+00  0.0000000E+00  0.0000000E+00  0.0000000E+00  0.0000000E+00  0.0000000E+00  0.0000000E+00  0.0000000E+00  0.0000000E+00  0.0000000E+00  0.0000000E+00  0.0000000E+00  0.0000000E+00  0.0000000E+00
OTHERS              0.0000000E+00  0.0000000E+00  0.0000000E+00  0.0000000E+00  0.0000000E+00  0.0000000E+00  0.0000000E+00  0.0000000E+00  0.0000000E+00  0.0000000E+00  0.0000000E+00  0.0000000E+00  0.0000000E+00  0.0000000E+00  0.0000000E+00  0.0000000E+00  0.0000000E+00  0.0000000E+00  0.0000000E+00  0.0000000E+00
SUB_TOTAL           0.1003037E+04  0.5058568E+03  0.7049829E+03  0.1745894E+03  0.7662250E+02  0.3957666E+03  0.1694903E+04  0.2227213E+05  0.3410267E+04  0.4480522E+04  0.1214386E+05  0.8037478E+05  0.3796015E+04  0.8154032E+01  0.3022523E+02  0.5636842E+05  0.2315049E+04  0.2347139E+03  0.1486321E+02  0.1900048E+06
  
Non-Combustion Sources [t/year]
  
Evaporative emissions from vehicles [t/year]
  
Sector
CAR_EVAP            0.1285749E+05
SUB_TOTAL           0.1285749E+05
  
Solvent Use [t/year]
  
Sector
DRY_CLEANING        0.8884605E+03
DEGREASING          0.3786572E+04
VEHICLE             0.7342655E+04
DOM                 0.5002476E+05
PAINT_PROD          0.7127649E+02
INK_PROD            0.1878703E+02
PRINTING            0.1524861E+05
OTHER_PROD          0.5546122E+05
OTHER_USAGE         0.3003847E+05
SUB_TOTAL           0.1628808E+06
  
Paint Use [t/year]
  
Sector
ARCHITECTURAL       0.5911148E+03
DOM                 0.9165276E+02
VEHICLE             0.2931593E+03
OTHER_USAGE         0.2085092E+04
SUB_TOTAL           0.3061019E+04
  
Industry [t/year]
  
Sector
OIL_REFINERY        0.0000000E+00
CHEMICAL_IND        0.7457444E+04
COKE_OVENS          0.5689001E+04
STEEL               0.2077759E+04
OTHERS              0.1279710E+04
SUB_TOTAL           0.1650391E+05
  
Others [t/year]
  
Sector
EXTRACT_PROC        0.6326378E+04
WASTE               0.0000000E+00
SUB_TOTAL           0.6326378E+04
  
Total [t/year]
  
TOTAL               0.3916344E+06
