Year       : 2007
Country    : CHN
Sub-Region : FUJI
  
Combustion Sources [t/year]
  
Fuel Type           POWER_PLANTS   ENERGY         IRON_STEEL     CHEM_PETRCHEM  NON_FERR_MET   NON_MET_MINE   OTHERS         ROAD_CARS      ROAD_BUSES     ROAD_L_TRUCKS  ROAD_H_TRUCKS  ROAD_MC        ROAD_OTHERS    DOM_NAVI       RAILWAY_ETC    RESIDENT       COMM_PUB       AGR_FORE_FISH  OTHERS         SUB_TOTAL    
HARD_COAL           0.1309012E+04  0.7249380E+02  0.1164121E+03  0.5852170E+03  0.5829118E+01  0.9970382E+03  0.4884368E+03  0.0000000E+00  0.0000000E+00  0.0000000E+00  0.0000000E+00  0.0000000E+00  0.0000000E+00  0.0000000E+00  0.5568000E+01  0.4419960E+04  0.1708200E+03  0.3752400E+03  0.3830400E+03  0.8929067E+04
BROWN_COAL          0.0000000E+00  0.0000000E+00  0.0000000E+00  0.0000000E+00  0.0000000E+00  0.0000000E+00  0.0000000E+00  0.0000000E+00  0.0000000E+00  0.0000000E+00  0.0000000E+00  0.0000000E+00  0.0000000E+00  0.0000000E+00  0.0000000E+00  0.0000000E+00  0.0000000E+00  0.0000000E+00  0.0000000E+00  0.0000000E+00
DERIVED_COAL        0.0000000E+00  0.0000000E+00  0.4075151E+03  0.5733609E+01  0.5138976E+01  0.1565450E+00  0.6898973E+01  0.0000000E+00  0.0000000E+00  0.0000000E+00  0.0000000E+00  0.0000000E+00  0.0000000E+00  0.0000000E+00  0.0000000E+00  0.0000000E+00  0.0000000E+00  0.0000000E+00  0.0000000E+00  0.4254432E+03
NATURAL_GAS         0.0000000E+00  0.0000000E+00  0.0000000E+00  0.0000000E+00  0.0000000E+00  0.0000000E+00  0.9343440E+01  0.0000000E+00  0.0000000E+00  0.0000000E+00  0.0000000E+00  0.0000000E+00  0.0000000E+00  0.0000000E+00  0.0000000E+00  0.0000000E+00  0.0000000E+00  0.0000000E+00  0.0000000E+00  0.9343440E+01
COKE_OVEN_GAS       0.1188749E+02  0.0000000E+00  0.0000000E+00  0.0000000E+00  0.0000000E+00  0.0000000E+00  0.7601052E+02  0.0000000E+00  0.0000000E+00  0.0000000E+00  0.0000000E+00  0.0000000E+00  0.0000000E+00  0.0000000E+00  0.0000000E+00  0.0000000E+00  0.0000000E+00  0.0000000E+00  0.0000000E+00  0.8789801E+02
OTHER_GAS           0.1519760E+02  0.0000000E+00  0.0000000E+00  0.0000000E+00  0.0000000E+00  0.0000000E+00  0.2817208E+03  0.0000000E+00  0.0000000E+00  0.0000000E+00  0.0000000E+00  0.0000000E+00  0.0000000E+00  0.0000000E+00  0.0000000E+00  0.0000000E+00  0.0000000E+00  0.0000000E+00  0.0000000E+00  0.2969184E+03
MOTOR_GASOLINE      0.0000000E+00  0.0000000E+00  0.0000000E+00  0.0000000E+00  0.0000000E+00  0.0000000E+00  0.0000000E+00  0.4501905E+05  0.2280285E+04  0.8014468E+04  0.2215760E+04  0.1112220E+06  0.0000000E+00  0.0000000E+00  0.0000000E+00  0.0000000E+00  0.0000000E+00  0.1704000E+02  0.0000000E+00  0.1687686E+06
KEROSENE            0.0000000E+00  0.0000000E+00  0.4099447E+00  0.3453545E+01  0.5410316E+00  0.1482474E+01  0.3761004E+01  0.0000000E+00  0.0000000E+00  0.0000000E+00  0.0000000E+00  0.0000000E+00  0.0000000E+00  0.0000000E+00  0.0000000E+00  0.0000000E+00  0.0000000E+00  0.0000000E+00  0.0000000E+00  0.9647999E+01
OTHER_LF            0.7176000E+01  0.2801396E+00  0.1058444E+01  0.4311605E+01  0.2788923E+00  0.1932539E+01  0.1933038E+02  0.0000000E+00  0.0000000E+00  0.0000000E+00  0.0000000E+00  0.0000000E+00  0.0000000E+00  0.0000000E+00  0.0000000E+00  0.5588835E+04  0.4392000E+01  0.2400000E-01  0.0000000E+00  0.5627619E+04
DIESEL_OIL          0.1297596E+01  0.1603432E+01  0.1268670E+02  0.1282346E+02  0.1230882E+02  0.6098816E+02  0.7827866E+02  0.0000000E+00  0.2553863E+04  0.2951217E+04  0.5783370E+04  0.0000000E+00  0.4404906E+04  0.5440969E+02  0.4162402E+01  0.7555911E+01  0.1124200E+02  0.1312638E+03  0.2886863E+02  0.1611085E+05
CRUDE_OIL           0.0000000E+00  0.0000000E+00  0.0000000E+00  0.0000000E+00  0.0000000E+00  0.0000000E+00  0.0000000E+00  0.0000000E+00  0.0000000E+00  0.0000000E+00  0.0000000E+00  0.0000000E+00  0.0000000E+00  0.0000000E+00  0.0000000E+00  0.0000000E+00  0.0000000E+00  0.0000000E+00  0.0000000E+00  0.0000000E+00
HEAVY_FUEL_OIL      0.3168000E+01  0.1365853E+01  0.3918647E+01  0.1258598E+02  0.5459699E+01  0.5905538E+02  0.3333043E+02  0.0000000E+00  0.0000000E+00  0.0000000E+00  0.0000000E+00  0.0000000E+00  0.0000000E+00  0.2559600E+02  0.0000000E+00  0.0000000E+00  0.0000000E+00  0.5448000E+01  0.0000000E+00  0.1499280E+03
OTHER_HF            0.0000000E+00  0.7443281E+00  0.2135486E+01  0.6858797E+01  0.2975290E+01  0.3218252E+02  0.3275558E+02  0.0000000E+00  0.0000000E+00  0.0000000E+00  0.0000000E+00  0.0000000E+00  0.0000000E+00  0.0000000E+00  0.0000000E+00  0.5592000E+01  0.0000000E+00  0.1383600E+02  0.0000000E+00  0.9708000E+02
FUELWOOD            0.0000000E+00  0.0000000E+00  0.0000000E+00  0.0000000E+00  0.0000000E+00  0.0000000E+00  0.0000000E+00  0.0000000E+00  0.0000000E+00  0.0000000E+00  0.0000000E+00  0.0000000E+00  0.0000000E+00  0.0000000E+00  0.0000000E+00  0.1690576E+05  0.0000000E+00  0.0000000E+00  0.0000000E+00  0.1690576E+05
CROP_RESIDUE        0.0000000E+00  0.0000000E+00  0.0000000E+00  0.0000000E+00  0.0000000E+00  0.0000000E+00  0.0000000E+00  0.0000000E+00  0.0000000E+00  0.0000000E+00  0.0000000E+00  0.0000000E+00  0.0000000E+00  0.0000000E+00  0.0000000E+00  0.1263987E+05  0.0000000E+00  0.0000000E+00  0.0000000E+00  0.1263987E+05
ANIMAL_WASTE        0.0000000E+00  0.0000000E+00  0.0000000E+00  0.0000000E+00  0.0000000E+00  0.0000000E+00  0.0000000E+00  0.0000000E+00  0.0000000E+00  0.0000000E+00  0.0000000E+00  0.0000000E+00  0.0000000E+00  0.0000000E+00  0.0000000E+00  0.0000000E+00  0.0000000E+00  0.0000000E+00  0.0000000E+00  0.0000000E+00
OTHERS              0.0000000E+00  0.0000000E+00  0.0000000E+00  0.0000000E+00  0.0000000E+00  0.0000000E+00  0.0000000E+00  0.0000000E+00  0.0000000E+00  0.0000000E+00  0.0000000E+00  0.0000000E+00  0.0000000E+00  0.0000000E+00  0.0000000E+00  0.0000000E+00  0.0000000E+00  0.0000000E+00  0.0000000E+00  0.0000000E+00
SUB_TOTAL           0.1347739E+04  0.7648755E+02  0.5441364E+03  0.6309840E+03  0.3253183E+02  0.1152836E+04  0.1029867E+04  0.4501905E+05  0.4834148E+04  0.1096568E+05  0.7999130E+04  0.1112220E+06  0.4404906E+04  0.8000569E+02  0.9730402E+01  0.3956757E+05  0.1864540E+03  0.5428518E+03  0.4119086E+03  0.2300580E+06
  
Non-Combustion Sources [t/year]
  
Evaporative emissions from vehicles [t/year]
  
Sector
CAR_EVAP            0.4898626E+05
SUB_TOTAL           0.4898626E+05
  
Solvent Use [t/year]
  
Sector
DRY_CLEANING        0.7283829E+03
DEGREASING          0.6367437E+04
VEHICLE             0.6019700E+04
DOM                 0.1694387E+04
PAINT_PROD          0.1280126E+04
INK_PROD            0.6363351E+00
PRINTING            0.5164854E+03
OTHER_PROD          0.1629344E+06
OTHER_USAGE         0.4250541E+05
SUB_TOTAL           0.2220470E+06
  
Paint Use [t/year]
  
Sector
ARCHITECTURAL       0.7937825E+04
DOM                 0.1646084E+04
VEHICLE             0.5265140E+04
OTHER_USAGE         0.3744825E+05
SUB_TOTAL           0.5229730E+05
  
Industry [t/year]
  
Sector
OIL_REFINERY        0.0000000E+00
CHEMICAL_IND        0.5922090E+04
COKE_OVENS          0.1136125E+04
STEEL               0.1185475E+04
OTHERS              0.3796948E+04
SUB_TOTAL           0.1204064E+05
  
Others [t/year]
  
Sector
EXTRACT_PROC        0.1030911E+05
WASTE               0.0000000E+00
SUB_TOTAL           0.1030911E+05
  
Total [t/year]
  
TOTAL               0.5757383E+06
