Year       : 2007
Country    : CHN
Sub-Region : NEMO
  
Combustion Sources [t/year]
  
Fuel Type           POWER_PLANTS   ENERGY         IRON_STEEL     CHEM_PETRCHEM  NON_FERR_MET   NON_MET_MINE   OTHERS         ROAD_CARS      ROAD_BUSES     ROAD_L_TRUCKS  ROAD_H_TRUCKS  ROAD_MC        ROAD_OTHERS    DOM_NAVI       RAILWAY_ETC    RESIDENT       COMM_PUB       AGR_FORE_FISH  OTHERS         SUB_TOTAL    
HARD_COAL           0.4655464E+04  0.8751023E+03  0.3737547E+03  0.1748961E+03  0.1829873E+03  0.1776968E+03  0.3129515E+03  0.0000000E+00  0.0000000E+00  0.0000000E+00  0.0000000E+00  0.0000000E+00  0.0000000E+00  0.0000000E+00  0.1342368E+03  0.1880145E+05  0.1544040E+04  0.7623000E+03  0.1537800E+04  0.2953268E+05
BROWN_COAL          0.0000000E+00  0.0000000E+00  0.0000000E+00  0.0000000E+00  0.0000000E+00  0.0000000E+00  0.0000000E+00  0.0000000E+00  0.0000000E+00  0.0000000E+00  0.0000000E+00  0.0000000E+00  0.0000000E+00  0.0000000E+00  0.0000000E+00  0.0000000E+00  0.0000000E+00  0.0000000E+00  0.0000000E+00  0.0000000E+00
DERIVED_COAL        0.3412000E+01  0.9980259E+01  0.7468563E+03  0.2179024E+03  0.1081195E+02  0.4158443E+01  0.1663377E+01  0.0000000E+00  0.0000000E+00  0.0000000E+00  0.0000000E+00  0.0000000E+00  0.0000000E+00  0.0000000E+00  0.9600000E-02  0.1110000E+02  0.7950000E+02  0.2574000E+02  0.0000000E+00  0.1111134E+04
NATURAL_GAS         0.8214440E+02  0.0000000E+00  0.0000000E+00  0.2160152E+03  0.0000000E+00  0.0000000E+00  0.1542966E+02  0.0000000E+00  0.0000000E+00  0.0000000E+00  0.0000000E+00  0.0000000E+00  0.0000000E+00  0.0000000E+00  0.0000000E+00  0.9012525E+02  0.3503790E+01  0.0000000E+00  0.5061030E+01  0.4122793E+03
COKE_OVEN_GAS       0.3245198E+02  0.0000000E+00  0.0000000E+00  0.5581508E+03  0.0000000E+00  0.0000000E+00  0.3986792E+02  0.0000000E+00  0.0000000E+00  0.0000000E+00  0.0000000E+00  0.0000000E+00  0.0000000E+00  0.0000000E+00  0.0000000E+00  0.0000000E+00  0.0000000E+00  0.0000000E+00  0.0000000E+00  0.6304707E+03
OTHER_GAS           0.8512540E+02  0.0000000E+00  0.0000000E+00  0.6645580E+03  0.0000000E+00  0.0000000E+00  0.4746842E+02  0.0000000E+00  0.0000000E+00  0.0000000E+00  0.0000000E+00  0.0000000E+00  0.0000000E+00  0.0000000E+00  0.0000000E+00  0.0000000E+00  0.0000000E+00  0.0000000E+00  0.0000000E+00  0.7971518E+03
MOTOR_GASOLINE      0.0000000E+00  0.0000000E+00  0.0000000E+00  0.0000000E+00  0.0000000E+00  0.0000000E+00  0.0000000E+00  0.5602877E+05  0.2416703E+04  0.5656128E+04  0.7782761E+04  0.5699759E+04  0.0000000E+00  0.0000000E+00  0.0000000E+00  0.0000000E+00  0.0000000E+00  0.3001200E+02  0.0000000E+00  0.7761413E+05
KEROSENE            0.0000000E+00  0.9000000E-01  0.9000000E-01  0.4500000E-01  0.9000000E-01  0.0000000E+00  0.4500000E-01  0.0000000E+00  0.0000000E+00  0.0000000E+00  0.0000000E+00  0.0000000E+00  0.0000000E+00  0.0000000E+00  0.0000000E+00  0.0000000E+00  0.0000000E+00  0.0000000E+00  0.0000000E+00  0.3600000E+00
OTHER_LF            0.0000000E+00  0.1623000E+01  0.1623000E+01  0.8115000E+00  0.1623000E+01  0.0000000E+00  0.8115000E+00  0.0000000E+00  0.0000000E+00  0.0000000E+00  0.0000000E+00  0.0000000E+00  0.0000000E+00  0.0000000E+00  0.0000000E+00  0.6523020E+03  0.0000000E+00  0.0000000E+00  0.0000000E+00  0.6587940E+03
DIESEL_OIL          0.7234382E+00  0.4769181E+02  0.1834300E+02  0.1222867E+01  0.4891466E+01  0.3668600E+01  0.2240910E+02  0.0000000E+00  0.2931673E+04  0.2255950E+04  0.2200269E+05  0.0000000E+00  0.3249712E+05  0.0000000E+00  0.1168930E+03  0.1427355E+02  0.4791917E+02  0.6065398E+02  0.2582560E+02  0.6005195E+05
CRUDE_OIL           0.0000000E+00  0.1147200E+02  0.0000000E+00  0.0000000E+00  0.0000000E+00  0.0000000E+00  0.0000000E+00  0.0000000E+00  0.0000000E+00  0.0000000E+00  0.0000000E+00  0.0000000E+00  0.0000000E+00  0.0000000E+00  0.0000000E+00  0.0000000E+00  0.0000000E+00  0.0000000E+00  0.0000000E+00  0.1147200E+02
HEAVY_FUEL_OIL      0.0000000E+00  0.0000000E+00  0.0000000E+00  0.0000000E+00  0.0000000E+00  0.8640000E+01  0.0000000E+00  0.0000000E+00  0.0000000E+00  0.0000000E+00  0.0000000E+00  0.0000000E+00  0.0000000E+00  0.0000000E+00  0.0000000E+00  0.0000000E+00  0.0000000E+00  0.0000000E+00  0.0000000E+00  0.8640000E+01
OTHER_HF            0.0000000E+00  0.0000000E+00  0.0000000E+00  0.0000000E+00  0.0000000E+00  0.1740000E+01  0.0000000E+00  0.0000000E+00  0.0000000E+00  0.0000000E+00  0.0000000E+00  0.0000000E+00  0.0000000E+00  0.0000000E+00  0.0000000E+00  0.0000000E+00  0.0000000E+00  0.0000000E+00  0.0000000E+00  0.1740000E+01
FUELWOOD            0.0000000E+00  0.0000000E+00  0.0000000E+00  0.0000000E+00  0.0000000E+00  0.0000000E+00  0.0000000E+00  0.0000000E+00  0.0000000E+00  0.0000000E+00  0.0000000E+00  0.0000000E+00  0.0000000E+00  0.0000000E+00  0.0000000E+00  0.8777772E+04  0.0000000E+00  0.0000000E+00  0.0000000E+00  0.8777772E+04
CROP_RESIDUE        0.0000000E+00  0.0000000E+00  0.0000000E+00  0.0000000E+00  0.0000000E+00  0.0000000E+00  0.0000000E+00  0.0000000E+00  0.0000000E+00  0.0000000E+00  0.0000000E+00  0.0000000E+00  0.0000000E+00  0.0000000E+00  0.0000000E+00  0.8236672E+05  0.0000000E+00  0.0000000E+00  0.0000000E+00  0.8236672E+05
ANIMAL_WASTE        0.0000000E+00  0.0000000E+00  0.0000000E+00  0.0000000E+00  0.0000000E+00  0.0000000E+00  0.0000000E+00  0.0000000E+00  0.0000000E+00  0.0000000E+00  0.0000000E+00  0.0000000E+00  0.0000000E+00  0.0000000E+00  0.0000000E+00  0.0000000E+00  0.0000000E+00  0.0000000E+00  0.0000000E+00  0.0000000E+00
OTHERS              0.0000000E+00  0.0000000E+00  0.0000000E+00  0.0000000E+00  0.0000000E+00  0.0000000E+00  0.0000000E+00  0.0000000E+00  0.0000000E+00  0.0000000E+00  0.0000000E+00  0.0000000E+00  0.0000000E+00  0.0000000E+00  0.0000000E+00  0.0000000E+00  0.0000000E+00  0.0000000E+00  0.0000000E+00  0.0000000E+00
SUB_TOTAL           0.4859321E+04  0.9459594E+03  0.1140667E+04  0.1833602E+04  0.2004037E+03  0.1959038E+03  0.4406465E+03  0.5602877E+05  0.5348376E+04  0.7912078E+04  0.2978545E+05  0.5699759E+04  0.3249712E+05  0.0000000E+00  0.2511394E+03  0.1107137E+06  0.1674963E+04  0.8787060E+03  0.1568687E+04  0.2619753E+06
  
Non-Combustion Sources [t/year]
  
Evaporative emissions from vehicles [t/year]
  
Sector
CAR_EVAP            0.4137091E+05
SUB_TOTAL           0.4137091E+05
  
Solvent Use [t/year]
  
Sector
DRY_CLEANING        0.4891821E+03
DEGREASING          0.4193348E+04
VEHICLE             0.4042831E+04
DOM                 0.8875361E+03
PAINT_PROD          0.1197445E+03
INK_PROD            0.3333184E+00
PRINTING            0.2705399E+03
OTHER_PROD          0.3505259E+05
OTHER_USAGE         0.2103102E+05
SUB_TOTAL           0.6608712E+05
  
Paint Use [t/year]
  
Sector
ARCHITECTURAL       0.0000000E+00
DOM                 0.1539767E+03
VEHICLE             0.4925075E+03
OTHER_USAGE         0.3502954E+04
SUB_TOTAL           0.4149438E+04
  
Industry [t/year]
  
Sector
OIL_REFINERY        0.0000000E+00
CHEMICAL_IND        0.1947811E+04
COKE_OVENS          0.1813900E+05
STEEL               0.1801416E+04
OTHERS              0.9740745E+04
SUB_TOTAL           0.3162897E+05
  
Others [t/year]
  
Sector
EXTRACT_PROC        0.1356276E+05
WASTE               0.0000000E+00
SUB_TOTAL           0.1356276E+05
  
Total [t/year]
  
TOTAL               0.4187745E+06
