Year       : 2007
Country    : CHN
Sub-Region : QING
  
Combustion Sources [t/year]
  
Fuel Type           POWER_PLANTS   ENERGY         IRON_STEEL     CHEM_PETRCHEM  NON_FERR_MET   NON_MET_MINE   OTHERS         ROAD_CARS      ROAD_BUSES     ROAD_L_TRUCKS  ROAD_H_TRUCKS  ROAD_MC        ROAD_OTHERS    DOM_NAVI       RAILWAY_ETC    RESIDENT       COMM_PUB       AGR_FORE_FISH  OTHERS         SUB_TOTAL    
HARD_COAL           0.1932320E+03  0.3743777E+01  0.1159913E+03  0.1389138E+03  0.1267629E+02  0.3415373E+00  0.2510769E+02  0.0000000E+00  0.0000000E+00  0.0000000E+00  0.0000000E+00  0.0000000E+00  0.0000000E+00  0.0000000E+00  0.1080960E+02  0.2937000E+04  0.1530000E+02  0.2484000E+02  0.5142000E+02  0.3529376E+04
BROWN_COAL          0.0000000E+00  0.0000000E+00  0.0000000E+00  0.0000000E+00  0.0000000E+00  0.0000000E+00  0.0000000E+00  0.0000000E+00  0.0000000E+00  0.0000000E+00  0.0000000E+00  0.0000000E+00  0.0000000E+00  0.0000000E+00  0.0000000E+00  0.0000000E+00  0.0000000E+00  0.0000000E+00  0.0000000E+00  0.0000000E+00
DERIVED_COAL        0.0000000E+00  0.1014736E+01  0.3143899E+02  0.3765202E+02  0.3435858E+01  0.9257231E-01  0.6209019E+01  0.0000000E+00  0.0000000E+00  0.0000000E+00  0.0000000E+00  0.0000000E+00  0.0000000E+00  0.0000000E+00  0.0000000E+00  0.0000000E+00  0.1140000E+01  0.0000000E+00  0.0000000E+00  0.8098320E+02
NATURAL_GAS         0.4924772E+02  0.0000000E+00  0.0000000E+00  0.0000000E+00  0.0000000E+00  0.0000000E+00  0.8058716E+02  0.0000000E+00  0.0000000E+00  0.0000000E+00  0.0000000E+00  0.0000000E+00  0.0000000E+00  0.0000000E+00  0.0000000E+00  0.1119267E+03  0.4399203E+02  0.1946550E+00  0.9596490E+02  0.3819132E+03
COKE_OVEN_GAS       0.0000000E+00  0.0000000E+00  0.0000000E+00  0.0000000E+00  0.0000000E+00  0.0000000E+00  0.1180072E+02  0.0000000E+00  0.0000000E+00  0.0000000E+00  0.0000000E+00  0.0000000E+00  0.0000000E+00  0.0000000E+00  0.0000000E+00  0.0000000E+00  0.0000000E+00  0.0000000E+00  0.0000000E+00  0.1180072E+02
OTHER_GAS           0.0000000E+00  0.0000000E+00  0.0000000E+00  0.0000000E+00  0.0000000E+00  0.0000000E+00  0.0000000E+00  0.0000000E+00  0.0000000E+00  0.0000000E+00  0.0000000E+00  0.0000000E+00  0.0000000E+00  0.0000000E+00  0.0000000E+00  0.0000000E+00  0.0000000E+00  0.0000000E+00  0.0000000E+00  0.0000000E+00
MOTOR_GASOLINE      0.0000000E+00  0.0000000E+00  0.0000000E+00  0.0000000E+00  0.0000000E+00  0.0000000E+00  0.0000000E+00  0.8167855E+04  0.6773725E+03  0.1398916E+04  0.1093118E+04  0.3557853E+04  0.0000000E+00  0.0000000E+00  0.0000000E+00  0.0000000E+00  0.0000000E+00  0.1236000E+01  0.0000000E+00  0.1489635E+05
KEROSENE            0.0000000E+00  0.0000000E+00  0.0000000E+00  0.0000000E+00  0.0000000E+00  0.0000000E+00  0.0000000E+00  0.0000000E+00  0.0000000E+00  0.0000000E+00  0.0000000E+00  0.0000000E+00  0.0000000E+00  0.0000000E+00  0.0000000E+00  0.0000000E+00  0.0000000E+00  0.0000000E+00  0.0000000E+00  0.0000000E+00
OTHER_LF            0.0000000E+00  0.1040893E+01  0.1794643E+00  0.1758750E+01  0.2512500E+00  0.2512500E+00  0.5383928E+00  0.0000000E+00  0.0000000E+00  0.0000000E+00  0.0000000E+00  0.0000000E+00  0.0000000E+00  0.0000000E+00  0.0000000E+00  0.3482850E+03  0.0000000E+00  0.0000000E+00  0.0000000E+00  0.3523050E+03
DIESEL_OIL          0.4822921E+00  0.2756262E+01  0.4752178E+00  0.4657134E+01  0.6653048E+00  0.6653048E+00  0.4629451E+01  0.0000000E+00  0.8414296E+03  0.5713465E+03  0.3164514E+04  0.0000000E+00  0.1058294E+05  0.0000000E+00  0.3450445E+01  0.0000000E+00  0.9760674E+00  0.2158831E+01  0.2675573E+01  0.1518382E+05
CRUDE_OIL           0.0000000E+00  0.1053321E+01  0.1816072E+00  0.1779750E+01  0.2542500E+00  0.2542500E+00  0.5448215E+00  0.0000000E+00  0.0000000E+00  0.0000000E+00  0.0000000E+00  0.0000000E+00  0.0000000E+00  0.0000000E+00  0.0000000E+00  0.0000000E+00  0.0000000E+00  0.0000000E+00  0.0000000E+00  0.4068000E+01
HEAVY_FUEL_OIL      0.4800000E-01  0.4039285E-01  0.6964286E-02  0.6825000E-01  0.9750000E-02  0.9750000E-02  0.2089286E-01  0.0000000E+00  0.0000000E+00  0.0000000E+00  0.0000000E+00  0.0000000E+00  0.0000000E+00  0.0000000E+00  0.0000000E+00  0.0000000E+00  0.0000000E+00  0.0000000E+00  0.0000000E+00  0.2040000E+00
OTHER_HF            0.0000000E+00  0.4825392E+01  0.8319643E+00  0.8153250E+01  0.1164750E+01  0.1164750E+01  0.2495893E+01  0.0000000E+00  0.0000000E+00  0.0000000E+00  0.0000000E+00  0.0000000E+00  0.0000000E+00  0.0000000E+00  0.0000000E+00  0.0000000E+00  0.0000000E+00  0.0000000E+00  0.0000000E+00  0.1863600E+02
FUELWOOD            0.0000000E+00  0.0000000E+00  0.0000000E+00  0.0000000E+00  0.0000000E+00  0.0000000E+00  0.0000000E+00  0.0000000E+00  0.0000000E+00  0.0000000E+00  0.0000000E+00  0.0000000E+00  0.0000000E+00  0.0000000E+00  0.0000000E+00  0.1045107E+04  0.0000000E+00  0.0000000E+00  0.0000000E+00  0.1045107E+04
CROP_RESIDUE        0.0000000E+00  0.0000000E+00  0.0000000E+00  0.0000000E+00  0.0000000E+00  0.0000000E+00  0.0000000E+00  0.0000000E+00  0.0000000E+00  0.0000000E+00  0.0000000E+00  0.0000000E+00  0.0000000E+00  0.0000000E+00  0.0000000E+00  0.1054673E+05  0.0000000E+00  0.0000000E+00  0.0000000E+00  0.1054673E+05
ANIMAL_WASTE        0.0000000E+00  0.0000000E+00  0.0000000E+00  0.0000000E+00  0.0000000E+00  0.0000000E+00  0.0000000E+00  0.0000000E+00  0.0000000E+00  0.0000000E+00  0.0000000E+00  0.0000000E+00  0.0000000E+00  0.0000000E+00  0.0000000E+00  0.0000000E+00  0.0000000E+00  0.0000000E+00  0.0000000E+00  0.0000000E+00
OTHERS              0.0000000E+00  0.0000000E+00  0.0000000E+00  0.0000000E+00  0.0000000E+00  0.0000000E+00  0.0000000E+00  0.0000000E+00  0.0000000E+00  0.0000000E+00  0.0000000E+00  0.0000000E+00  0.0000000E+00  0.0000000E+00  0.0000000E+00  0.0000000E+00  0.0000000E+00  0.0000000E+00  0.0000000E+00  0.0000000E+00
SUB_TOTAL           0.2430100E+03  0.1447477E+02  0.1491055E+03  0.1929830E+03  0.1845745E+02  0.2779414E+01  0.1319340E+03  0.8167855E+04  0.1518802E+04  0.1970262E+04  0.4257632E+04  0.3557853E+04  0.1058294E+05  0.0000000E+00  0.1426005E+02  0.1498905E+05  0.6140810E+02  0.2842949E+02  0.1500605E+03  0.4605130E+05
  
Non-Combustion Sources [t/year]
  
Evaporative emissions from vehicles [t/year]
  
Sector
CAR_EVAP            0.3008116E+04
SUB_TOTAL           0.3008116E+04
  
Solvent Use [t/year]
  
Sector
DRY_CLEANING        0.1122780E+03
DEGREASING          0.5394656E+03
VEHICLE             0.9279180E+03
DOM                 0.0000000E+00
PAINT_PROD          0.0000000E+00
INK_PROD            0.0000000E+00
PRINTING            0.0000000E+00
OTHER_PROD          0.4307245E+04
OTHER_USAGE         0.1488300E+03
SUB_TOTAL           0.6035737E+04
  
Paint Use [t/year]
  
Sector
ARCHITECTURAL       0.0000000E+00
DOM                 0.0000000E+00
VEHICLE             0.0000000E+00
OTHER_USAGE         0.0000000E+00
SUB_TOTAL           0.0000000E+00
  
Industry [t/year]
  
Sector
OIL_REFINERY        0.4657016E+03
CHEMICAL_IND        0.0000000E+00
COKE_OVENS          0.1047750E+04
STEEL               0.1762464E+03
OTHERS              0.2898265E+04
SUB_TOTAL           0.4587963E+04
  
Others [t/year]
  
Sector
EXTRACT_PROC        0.2837898E+04
WASTE               0.0000000E+00
SUB_TOTAL           0.2837898E+04
  
Total [t/year]
  
TOTAL               0.6252101E+05
