Year       : 2007
Country    : CHN
Sub-Region : ZHEJ
  
Combustion Sources [t/year]
  
Fuel Type           POWER_PLANTS   ENERGY         IRON_STEEL     CHEM_PETRCHEM  NON_FERR_MET   NON_MET_MINE   OTHERS         ROAD_CARS      ROAD_BUSES     ROAD_L_TRUCKS  ROAD_H_TRUCKS  ROAD_MC        ROAD_OTHERS    DOM_NAVI       RAILWAY_ETC    RESIDENT       COMM_PUB       AGR_FORE_FISH  OTHERS         SUB_TOTAL    
HARD_COAL           0.3719600E+04  0.3977689E+03  0.0000000E+00  0.0000000E+00  0.0000000E+00  0.1158324E+04  0.1747093E+04  0.0000000E+00  0.0000000E+00  0.0000000E+00  0.0000000E+00  0.0000000E+00  0.0000000E+00  0.0000000E+00  0.3763200E+01  0.0000000E+00  0.1470000E+03  0.5484000E+02  0.0000000E+00  0.7228389E+04
BROWN_COAL          0.0000000E+00  0.0000000E+00  0.0000000E+00  0.0000000E+00  0.0000000E+00  0.0000000E+00  0.0000000E+00  0.0000000E+00  0.0000000E+00  0.0000000E+00  0.0000000E+00  0.0000000E+00  0.0000000E+00  0.0000000E+00  0.0000000E+00  0.0000000E+00  0.0000000E+00  0.0000000E+00  0.0000000E+00  0.0000000E+00
DERIVED_COAL        0.1475600E+02  0.1115870E+02  0.0000000E+00  0.0000000E+00  0.0000000E+00  0.4216913E+01  0.2746020E+03  0.0000000E+00  0.0000000E+00  0.0000000E+00  0.0000000E+00  0.0000000E+00  0.0000000E+00  0.0000000E+00  0.0000000E+00  0.0000000E+00  0.3600000E+02  0.0000000E+00  0.0000000E+00  0.3407336E+03
NATURAL_GAS         0.2837181E+03  0.0000000E+00  0.0000000E+00  0.0000000E+00  0.0000000E+00  0.0000000E+00  0.8175510E+02  0.0000000E+00  0.0000000E+00  0.0000000E+00  0.0000000E+00  0.0000000E+00  0.0000000E+00  0.0000000E+00  0.0000000E+00  0.5255685E+02  0.1946550E+01  0.0000000E+00  0.0000000E+00  0.4199766E+03
COKE_OVEN_GAS       0.1908940E+01  0.0000000E+00  0.0000000E+00  0.0000000E+00  0.0000000E+00  0.0000000E+00  0.7358096E+02  0.0000000E+00  0.0000000E+00  0.0000000E+00  0.0000000E+00  0.0000000E+00  0.0000000E+00  0.0000000E+00  0.0000000E+00  0.0000000E+00  0.0000000E+00  0.0000000E+00  0.0000000E+00  0.7548990E+02
OTHER_GAS           0.6280000E+01  0.0000000E+00  0.0000000E+00  0.0000000E+00  0.0000000E+00  0.0000000E+00  0.6977080E+02  0.0000000E+00  0.0000000E+00  0.0000000E+00  0.0000000E+00  0.0000000E+00  0.0000000E+00  0.0000000E+00  0.0000000E+00  0.0000000E+00  0.0000000E+00  0.0000000E+00  0.0000000E+00  0.7605080E+02
MOTOR_GASOLINE      0.0000000E+00  0.0000000E+00  0.0000000E+00  0.0000000E+00  0.0000000E+00  0.0000000E+00  0.0000000E+00  0.1977302E+06  0.6840413E+04  0.1985995E+05  0.4553331E+04  0.7767568E+05  0.0000000E+00  0.0000000E+00  0.0000000E+00  0.0000000E+00  0.0000000E+00  0.8400000E+01  0.0000000E+00  0.3066680E+06
KEROSENE            0.0000000E+00  0.0000000E+00  0.0000000E+00  0.0000000E+00  0.0000000E+00  0.0000000E+00  0.6192000E+01  0.0000000E+00  0.0000000E+00  0.0000000E+00  0.0000000E+00  0.0000000E+00  0.0000000E+00  0.0000000E+00  0.0000000E+00  0.0000000E+00  0.0000000E+00  0.0000000E+00  0.0000000E+00  0.6192000E+01
OTHER_LF            0.1200000E+00  0.0000000E+00  0.0000000E+00  0.0000000E+00  0.0000000E+00  0.0000000E+00  0.1076040E+03  0.0000000E+00  0.0000000E+00  0.0000000E+00  0.0000000E+00  0.0000000E+00  0.0000000E+00  0.0000000E+00  0.0000000E+00  0.1106505E+05  0.3000000E+02  0.0000000E+00  0.1200000E+02  0.1121477E+05
DIESEL_OIL          0.3249731E+01  0.0000000E+00  0.0000000E+00  0.0000000E+00  0.0000000E+00  0.0000000E+00  0.3720539E+03  0.0000000E+00  0.7759969E+04  0.7407531E+04  0.1203807E+05  0.0000000E+00  0.3127180E+05  0.1168121E+03  0.6476131E+01  0.1377978E+02  0.1722472E+02  0.2245873E+03  0.1722472E+02  0.5924878E+05
CRUDE_OIL           0.1818000E+02  0.9141254E-02  0.0000000E+00  0.0000000E+00  0.0000000E+00  0.0000000E+00  0.1828588E+00  0.0000000E+00  0.0000000E+00  0.0000000E+00  0.0000000E+00  0.0000000E+00  0.0000000E+00  0.0000000E+00  0.0000000E+00  0.0000000E+00  0.0000000E+00  0.0000000E+00  0.0000000E+00  0.1837200E+02
HEAVY_FUEL_OIL      0.3568072E+02  0.8668194E+01  0.0000000E+00  0.0000000E+00  0.0000000E+00  0.0000000E+00  0.1733958E+03  0.0000000E+00  0.0000000E+00  0.0000000E+00  0.0000000E+00  0.0000000E+00  0.0000000E+00  0.5040000E+02  0.0000000E+00  0.0000000E+00  0.3600000E+01  0.0000000E+00  0.1200000E+01  0.2729447E+03
OTHER_HF            0.0000000E+00  0.6853084E+01  0.0000000E+00  0.0000000E+00  0.0000000E+00  0.0000000E+00  0.1370869E+03  0.0000000E+00  0.0000000E+00  0.0000000E+00  0.0000000E+00  0.0000000E+00  0.0000000E+00  0.0000000E+00  0.0000000E+00  0.0000000E+00  0.0000000E+00  0.0000000E+00  0.0000000E+00  0.1439400E+03
FUELWOOD            0.0000000E+00  0.0000000E+00  0.0000000E+00  0.0000000E+00  0.0000000E+00  0.0000000E+00  0.0000000E+00  0.0000000E+00  0.0000000E+00  0.0000000E+00  0.0000000E+00  0.0000000E+00  0.0000000E+00  0.0000000E+00  0.0000000E+00  0.8403424E+04  0.0000000E+00  0.0000000E+00  0.0000000E+00  0.8403424E+04
CROP_RESIDUE        0.0000000E+00  0.0000000E+00  0.0000000E+00  0.0000000E+00  0.0000000E+00  0.0000000E+00  0.0000000E+00  0.0000000E+00  0.0000000E+00  0.0000000E+00  0.0000000E+00  0.0000000E+00  0.0000000E+00  0.0000000E+00  0.0000000E+00  0.2417404E+05  0.0000000E+00  0.0000000E+00  0.0000000E+00  0.2417404E+05
ANIMAL_WASTE        0.0000000E+00  0.0000000E+00  0.0000000E+00  0.0000000E+00  0.0000000E+00  0.0000000E+00  0.0000000E+00  0.0000000E+00  0.0000000E+00  0.0000000E+00  0.0000000E+00  0.0000000E+00  0.0000000E+00  0.0000000E+00  0.0000000E+00  0.0000000E+00  0.0000000E+00  0.0000000E+00  0.0000000E+00  0.0000000E+00
OTHERS              0.0000000E+00  0.0000000E+00  0.0000000E+00  0.0000000E+00  0.0000000E+00  0.0000000E+00  0.0000000E+00  0.0000000E+00  0.0000000E+00  0.0000000E+00  0.0000000E+00  0.0000000E+00  0.0000000E+00  0.0000000E+00  0.0000000E+00  0.0000000E+00  0.0000000E+00  0.0000000E+00  0.0000000E+00  0.0000000E+00
SUB_TOTAL           0.4083493E+04  0.4244580E+03  0.0000000E+00  0.0000000E+00  0.0000000E+00  0.1162541E+04  0.3043317E+04  0.1977302E+06  0.1460038E+05  0.2726748E+05  0.1659140E+05  0.7767568E+05  0.3127180E+05  0.1672121E+03  0.1023933E+02  0.4370885E+05  0.2357713E+03  0.2878273E+03  0.3042472E+02  0.4182911E+06
  
Non-Combustion Sources [t/year]
  
Evaporative emissions from vehicles [t/year]
  
Sector
CAR_EVAP            0.8624379E+05
SUB_TOTAL           0.8624379E+05
  
Solvent Use [t/year]
  
Sector
DRY_CLEANING        0.1029215E+04
DEGREASING          0.1292914E+05
VEHICLE             0.8505914E+04
DOM                 0.1471696E+06
PAINT_PROD          0.6038544E+04
INK_PROD            0.5527024E+02
PRINTING            0.4486043E+05
OTHER_PROD          0.9024173E+06
OTHER_USAGE         0.1881983E+05
SUB_TOTAL           0.1141825E+07
  
Paint Use [t/year]
  
Sector
ARCHITECTURAL       0.3918246E+05
DOM                 0.7764822E+04
VEHICLE             0.2483645E+05
OTHER_USAGE         0.1766489E+06
SUB_TOTAL           0.2484327E+06
  
Industry [t/year]
  
Sector
OIL_REFINERY        0.0000000E+00
CHEMICAL_IND        0.2097366E+05
COKE_OVENS          0.1394625E+04
STEEL               0.1371415E+04
OTHERS              0.8298878E+04
SUB_TOTAL           0.3203858E+05
  
Others [t/year]
  
Sector
EXTRACT_PROC        0.1871864E+05
WASTE               0.0000000E+00
SUB_TOTAL           0.1871864E+05
  
Total [t/year]
  
TOTAL               0.1945550E+07
