Year       : 2007
Country    : CHN
Sub-Region : SHND
  
Combustion Sources [t/year]
  
Fuel Type           POWER_PLANTS   ENERGY         IRON_STEEL     CHEM_PETRCHEM  NON_FERR_MET   NON_MET_MINE   OTHERS         ROAD_CARS      ROAD_BUSES     ROAD_L_TRUCKS  ROAD_H_TRUCKS  ROAD_MC        ROAD_OTHERS    DOM_NAVI       RAILWAY_ETC    RESIDENT       COMM_PUB       AGR_FORE_FISH  OTHERS         SUB_TOTAL    
HARD_COAL           0.6468008E+04  0.1066688E+04  0.0000000E+00  0.0000000E+00  0.0000000E+00  0.2996762E+04  0.4553702E+04  0.0000000E+00  0.0000000E+00  0.0000000E+00  0.0000000E+00  0.0000000E+00  0.0000000E+00  0.0000000E+00  0.6902400E+02  0.1958100E+05  0.6066000E+03  0.1644000E+04  0.4740000E+03  0.3745978E+05
BROWN_COAL          0.0000000E+00  0.0000000E+00  0.0000000E+00  0.0000000E+00  0.0000000E+00  0.0000000E+00  0.0000000E+00  0.0000000E+00  0.0000000E+00  0.0000000E+00  0.0000000E+00  0.0000000E+00  0.0000000E+00  0.0000000E+00  0.0000000E+00  0.0000000E+00  0.0000000E+00  0.0000000E+00  0.0000000E+00  0.0000000E+00
DERIVED_COAL        0.3794800E+02  0.1071840E+03  0.0000000E+00  0.0000000E+00  0.0000000E+00  0.5910026E+02  0.2476605E+04  0.0000000E+00  0.0000000E+00  0.0000000E+00  0.0000000E+00  0.0000000E+00  0.0000000E+00  0.0000000E+00  0.0000000E+00  0.0000000E+00  0.3000000E+01  0.0000000E+00  0.0000000E+00  0.2683837E+04
NATURAL_GAS         0.7396890E+01  0.0000000E+00  0.0000000E+00  0.0000000E+00  0.0000000E+00  0.0000000E+00  0.2919825E+03  0.0000000E+00  0.0000000E+00  0.0000000E+00  0.0000000E+00  0.0000000E+00  0.0000000E+00  0.0000000E+00  0.0000000E+00  0.9538095E+02  0.2335860E+02  0.0000000E+00  0.2141205E+02  0.4395310E+03
COKE_OVEN_GAS       0.1277255E+03  0.0000000E+00  0.0000000E+00  0.0000000E+00  0.0000000E+00  0.0000000E+00  0.9305214E+03  0.0000000E+00  0.0000000E+00  0.0000000E+00  0.0000000E+00  0.0000000E+00  0.0000000E+00  0.0000000E+00  0.0000000E+00  0.1075948E+04  0.9718240E+03  0.0000000E+00  0.5553280E+03  0.3661347E+04
OTHER_GAS           0.5509130E+02  0.0000000E+00  0.0000000E+00  0.0000000E+00  0.0000000E+00  0.0000000E+00  0.0000000E+00  0.0000000E+00  0.0000000E+00  0.0000000E+00  0.0000000E+00  0.0000000E+00  0.0000000E+00  0.0000000E+00  0.0000000E+00  0.0000000E+00  0.0000000E+00  0.0000000E+00  0.0000000E+00  0.5509130E+02
MOTOR_GASOLINE      0.0000000E+00  0.0000000E+00  0.0000000E+00  0.0000000E+00  0.0000000E+00  0.0000000E+00  0.0000000E+00  0.1827136E+06  0.7199682E+04  0.2193154E+05  0.8472838E+04  0.4385373E+06  0.0000000E+00  0.0000000E+00  0.0000000E+00  0.0000000E+00  0.0000000E+00  0.2376000E+02  0.0000000E+00  0.6588787E+06
KEROSENE            0.0000000E+00  0.0000000E+00  0.0000000E+00  0.0000000E+00  0.0000000E+00  0.0000000E+00  0.4092000E+01  0.0000000E+00  0.0000000E+00  0.0000000E+00  0.0000000E+00  0.0000000E+00  0.0000000E+00  0.0000000E+00  0.0000000E+00  0.0000000E+00  0.0000000E+00  0.0000000E+00  0.0000000E+00  0.4092000E+01
OTHER_LF            0.4848000E+01  0.0000000E+00  0.0000000E+00  0.0000000E+00  0.0000000E+00  0.0000000E+00  0.9900000E+02  0.0000000E+00  0.0000000E+00  0.0000000E+00  0.0000000E+00  0.0000000E+00  0.0000000E+00  0.0000000E+00  0.0000000E+00  0.9852234E+04  0.1524000E+02  0.0000000E+00  0.5640000E+01  0.9976962E+04
DIESEL_OIL          0.6476495E+01  0.0000000E+00  0.0000000E+00  0.0000000E+00  0.0000000E+00  0.0000000E+00  0.1730969E+03  0.0000000E+00  0.8305173E+04  0.8318067E+04  0.2277792E+05  0.0000000E+00  0.3219902E+05  0.3407906E+03  0.4185437E+02  0.1165539E+02  0.8176000E+02  0.2997101E+03  0.1011665E+03  0.7265669E+05
CRUDE_OIL           0.0000000E+00  0.7980431E+01  0.0000000E+00  0.0000000E+00  0.0000000E+00  0.0000000E+00  0.1595995E+03  0.0000000E+00  0.0000000E+00  0.0000000E+00  0.0000000E+00  0.0000000E+00  0.0000000E+00  0.0000000E+00  0.0000000E+00  0.0000000E+00  0.0000000E+00  0.0000000E+00  0.0000000E+00  0.1675799E+03
HEAVY_FUEL_OIL      0.1797600E+02  0.7620983E+01  0.0000000E+00  0.0000000E+00  0.0000000E+00  0.0000000E+00  0.1524110E+03  0.0000000E+00  0.0000000E+00  0.0000000E+00  0.0000000E+00  0.0000000E+00  0.0000000E+00  0.2581200E+03  0.0000000E+00  0.0000000E+00  0.4560000E+01  0.0000000E+00  0.0000000E+00  0.4406880E+03
OTHER_HF            0.1420800E+02  0.2774093E+02  0.0000000E+00  0.0000000E+00  0.0000000E+00  0.0000000E+00  0.8855071E+03  0.0000000E+00  0.0000000E+00  0.0000000E+00  0.0000000E+00  0.0000000E+00  0.0000000E+00  0.9300000E+01  0.0000000E+00  0.0000000E+00  0.4056000E+01  0.0000000E+00  0.0000000E+00  0.9408120E+03
FUELWOOD            0.0000000E+00  0.0000000E+00  0.0000000E+00  0.0000000E+00  0.0000000E+00  0.0000000E+00  0.0000000E+00  0.0000000E+00  0.0000000E+00  0.0000000E+00  0.0000000E+00  0.0000000E+00  0.0000000E+00  0.0000000E+00  0.0000000E+00  0.1505280E+05  0.0000000E+00  0.0000000E+00  0.0000000E+00  0.1505280E+05
CROP_RESIDUE        0.0000000E+00  0.0000000E+00  0.0000000E+00  0.0000000E+00  0.0000000E+00  0.0000000E+00  0.0000000E+00  0.0000000E+00  0.0000000E+00  0.0000000E+00  0.0000000E+00  0.0000000E+00  0.0000000E+00  0.0000000E+00  0.0000000E+00  0.2415832E+06  0.0000000E+00  0.0000000E+00  0.0000000E+00  0.2415832E+06
ANIMAL_WASTE        0.0000000E+00  0.0000000E+00  0.0000000E+00  0.0000000E+00  0.0000000E+00  0.0000000E+00  0.0000000E+00  0.0000000E+00  0.0000000E+00  0.0000000E+00  0.0000000E+00  0.0000000E+00  0.0000000E+00  0.0000000E+00  0.0000000E+00  0.0000000E+00  0.0000000E+00  0.0000000E+00  0.0000000E+00  0.0000000E+00
OTHERS              0.0000000E+00  0.0000000E+00  0.0000000E+00  0.0000000E+00  0.0000000E+00  0.0000000E+00  0.0000000E+00  0.0000000E+00  0.0000000E+00  0.0000000E+00  0.0000000E+00  0.0000000E+00  0.0000000E+00  0.0000000E+00  0.0000000E+00  0.0000000E+00  0.0000000E+00  0.0000000E+00  0.0000000E+00  0.0000000E+00
SUB_TOTAL           0.6739678E+04  0.1217214E+04  0.0000000E+00  0.0000000E+00  0.0000000E+00  0.3055862E+04  0.9726517E+04  0.1827136E+06  0.1550486E+05  0.3024961E+05  0.3125076E+05  0.4385373E+06  0.3219902E+05  0.6082106E+03  0.1108784E+03  0.2872522E+06  0.1710399E+04  0.1967470E+04  0.1157547E+04  0.1044001E+07
  
Non-Combustion Sources [t/year]
  
Evaporative emissions from vehicles [t/year]
  
Sector
CAR_EVAP            0.1083686E+06
SUB_TOTAL           0.1083686E+06
  
Solvent Use [t/year]
  
Sector
DRY_CLEANING        0.1905268E+04
DEGREASING          0.1787588E+05
VEHICLE             0.1574603E+05
DOM                 0.0000000E+00
PAINT_PROD          0.8014328E+04
INK_PROD            0.0000000E+00
PRINTING            0.0000000E+00
OTHER_PROD          0.2697877E+06
OTHER_USAGE         0.1704855E+05
SUB_TOTAL           0.3303777E+06
  
Paint Use [t/year]
  
Sector
ARCHITECTURAL       0.3344020E+05
DOM                 0.1030544E+05
VEHICLE             0.3296282E+05
OTHER_USAGE         0.2344477E+06
SUB_TOTAL           0.3111562E+06
  
Industry [t/year]
  
Sector
OIL_REFINERY        0.5938685E+04
CHEMICAL_IND        0.1390911E+06
COKE_OVENS          0.3473250E+05
STEEL               0.8004304E+04
OTHERS              0.1123892E+06
SUB_TOTAL           0.3001559E+06
  
Others [t/year]
  
Sector
EXTRACT_PROC        0.4726100E+05
WASTE               0.0000000E+00
SUB_TOTAL           0.4726100E+05
  
Total [t/year]
  
TOTAL               0.2141320E+07
