Year       : 2007
Country    : CHN
Sub-Region : HUNA
  
Combustion Sources [t/year]
  
Fuel Type           POWER_PLANTS   ENERGY         IRON_STEEL     CHEM_PETRCHEM  NON_FERR_MET   NON_MET_MINE   OTHERS         ROAD_CARS      ROAD_BUSES     ROAD_L_TRUCKS  ROAD_H_TRUCKS  ROAD_MC        ROAD_OTHERS    DOM_NAVI       RAILWAY_ETC    RESIDENT       COMM_PUB       AGR_FORE_FISH  OTHERS         SUB_TOTAL    
HARD_COAL           0.1276202E+04  0.1152399E+04  0.5228314E+03  0.8848244E+03  0.2837055E+03  0.1090293E+04  0.7517648E+03  0.0000000E+00  0.0000000E+00  0.0000000E+00  0.0000000E+00  0.0000000E+00  0.0000000E+00  0.0000000E+00  0.9590400E+01  0.1003092E+05  0.1912080E+04  0.2005620E+04  0.7200000E+02  0.1999223E+05
BROWN_COAL          0.0000000E+00  0.0000000E+00  0.0000000E+00  0.0000000E+00  0.0000000E+00  0.0000000E+00  0.0000000E+00  0.0000000E+00  0.0000000E+00  0.0000000E+00  0.0000000E+00  0.0000000E+00  0.0000000E+00  0.0000000E+00  0.0000000E+00  0.0000000E+00  0.0000000E+00  0.0000000E+00  0.0000000E+00  0.0000000E+00
DERIVED_COAL        0.1844000E+01  0.8658462E-02  0.6016919E+03  0.1986254E+02  0.5543413E+02  0.6829582E+01  0.2953001E+02  0.0000000E+00  0.0000000E+00  0.0000000E+00  0.0000000E+00  0.0000000E+00  0.0000000E+00  0.0000000E+00  0.1920000E-01  0.0000000E+00  0.2916000E+02  0.1032000E+02  0.0000000E+00  0.7547000E+03
NATURAL_GAS         0.0000000E+00  0.3853122E-02  0.1244174E+02  0.5124650E+01  0.2302240E+01  0.2213233E+02  0.2592981E+02  0.0000000E+00  0.0000000E+00  0.0000000E+00  0.0000000E+00  0.0000000E+00  0.0000000E+00  0.0000000E+00  0.0000000E+00  0.2082808E+02  0.2043878E+02  0.0000000E+00  0.0000000E+00  0.1092015E+03
COKE_OVEN_GAS       0.2689870E+01  0.2289076E+02  0.4138360E+03  0.6630472E+01  0.1197077E+00  0.1479719E+01  0.0000000E+00  0.0000000E+00  0.0000000E+00  0.0000000E+00  0.0000000E+00  0.0000000E+00  0.0000000E+00  0.0000000E+00  0.0000000E+00  0.0000000E+00  0.0000000E+00  0.0000000E+00  0.0000000E+00  0.4476465E+03
OTHER_GAS           0.3876330E+02  0.0000000E+00  0.3020982E+03  0.0000000E+00  0.3077686E+01  0.6343410E+01  0.1571074E+00  0.0000000E+00  0.0000000E+00  0.0000000E+00  0.0000000E+00  0.0000000E+00  0.0000000E+00  0.0000000E+00  0.0000000E+00  0.0000000E+00  0.2498880E+04  0.0000000E+00  0.0000000E+00  0.2849320E+04
MOTOR_GASOLINE      0.0000000E+00  0.0000000E+00  0.0000000E+00  0.0000000E+00  0.0000000E+00  0.0000000E+00  0.0000000E+00  0.4410077E+05  0.3388898E+04  0.5881576E+04  0.5362335E+04  0.7686753E+05  0.0000000E+00  0.0000000E+00  0.0000000E+00  0.0000000E+00  0.0000000E+00  0.1017600E+02  0.0000000E+00  0.1356113E+06
KEROSENE            0.0000000E+00  0.3885714E-01  0.6051330E+00  0.1231034E+00  0.1196197E+01  0.7754680E-01  0.1175163E+01  0.0000000E+00  0.0000000E+00  0.0000000E+00  0.0000000E+00  0.0000000E+00  0.0000000E+00  0.0000000E+00  0.0000000E+00  0.0000000E+00  0.1956000E+01  0.0000000E+00  0.0000000E+00  0.5172000E+01
OTHER_LF            0.4728000E+01  0.2032253E+02  0.1777951E+01  0.1045580E+02  0.2639522E+01  0.4231374E+01  0.2029682E+02  0.0000000E+00  0.0000000E+00  0.0000000E+00  0.0000000E+00  0.0000000E+00  0.0000000E+00  0.0000000E+00  0.0000000E+00  0.1732311E+04  0.2445600E+02  0.0000000E+00  0.0000000E+00  0.1821219E+04
DIESEL_OIL          0.3330113E+01  0.1726546E+01  0.5056313E+01  0.7563282E+01  0.1104264E+02  0.6795167E+01  0.6900553E+02  0.0000000E+00  0.3849783E+04  0.2196793E+04  0.1419651E+05  0.0000000E+00  0.1186119E+05  0.1494948E+02  0.3409139E+02  0.0000000E+00  0.3745802E+02  0.6304247E+01  0.1113865E+01  0.3230271E+05
CRUDE_OIL           0.0000000E+00  0.5139335E+01  0.6154926E-04  0.2727401E-02  0.0000000E+00  0.1711685E-01  0.7585944E-03  0.0000000E+00  0.0000000E+00  0.0000000E+00  0.0000000E+00  0.0000000E+00  0.0000000E+00  0.0000000E+00  0.0000000E+00  0.0000000E+00  0.0000000E+00  0.0000000E+00  0.0000000E+00  0.5159999E+01
HEAVY_FUEL_OIL      0.5592000E+01  0.4571438E+01  0.9243784E+00  0.8518686E+00  0.3065908E+01  0.7671989E+01  0.1538419E+01  0.0000000E+00  0.0000000E+00  0.0000000E+00  0.0000000E+00  0.0000000E+00  0.0000000E+00  0.2400000E+02  0.0000000E+00  0.0000000E+00  0.0000000E+00  0.0000000E+00  0.0000000E+00  0.4821600E+02
OTHER_HF            0.0000000E+00  0.5826655E+02  0.2018962E+00  0.1280534E+02  0.2549687E+00  0.5860057E+00  0.9652434E+00  0.0000000E+00  0.0000000E+00  0.0000000E+00  0.0000000E+00  0.0000000E+00  0.0000000E+00  0.0000000E+00  0.0000000E+00  0.0000000E+00  0.0000000E+00  0.0000000E+00  0.0000000E+00  0.7308000E+02
FUELWOOD            0.0000000E+00  0.0000000E+00  0.0000000E+00  0.0000000E+00  0.0000000E+00  0.0000000E+00  0.0000000E+00  0.0000000E+00  0.0000000E+00  0.0000000E+00  0.0000000E+00  0.0000000E+00  0.0000000E+00  0.0000000E+00  0.0000000E+00  0.3143678E+05  0.0000000E+00  0.0000000E+00  0.0000000E+00  0.3143678E+05
CROP_RESIDUE        0.0000000E+00  0.0000000E+00  0.0000000E+00  0.0000000E+00  0.0000000E+00  0.0000000E+00  0.0000000E+00  0.0000000E+00  0.0000000E+00  0.0000000E+00  0.0000000E+00  0.0000000E+00  0.0000000E+00  0.0000000E+00  0.0000000E+00  0.4891209E+05  0.0000000E+00  0.0000000E+00  0.0000000E+00  0.4891209E+05
ANIMAL_WASTE        0.0000000E+00  0.0000000E+00  0.0000000E+00  0.0000000E+00  0.0000000E+00  0.0000000E+00  0.0000000E+00  0.0000000E+00  0.0000000E+00  0.0000000E+00  0.0000000E+00  0.0000000E+00  0.0000000E+00  0.0000000E+00  0.0000000E+00  0.0000000E+00  0.0000000E+00  0.0000000E+00  0.0000000E+00  0.0000000E+00
OTHERS              0.0000000E+00  0.0000000E+00  0.0000000E+00  0.0000000E+00  0.0000000E+00  0.0000000E+00  0.0000000E+00  0.0000000E+00  0.0000000E+00  0.0000000E+00  0.0000000E+00  0.0000000E+00  0.0000000E+00  0.0000000E+00  0.0000000E+00  0.0000000E+00  0.0000000E+00  0.0000000E+00  0.0000000E+00  0.0000000E+00
SUB_TOTAL           0.1333149E+04  0.1265368E+04  0.1861465E+04  0.9482442E+03  0.3628385E+03  0.1146457E+04  0.9003637E+03  0.4410077E+05  0.7238681E+04  0.8078369E+04  0.1955885E+05  0.7686753E+05  0.1186119E+05  0.3894948E+02  0.4370099E+02  0.9213293E+05  0.4524429E+04  0.2032420E+04  0.7311387E+02  0.2743688E+06
  
Non-Combustion Sources [t/year]
  
Evaporative emissions from vehicles [t/year]
  
Sector
CAR_EVAP            0.5157693E+05
SUB_TOTAL           0.5157693E+05
  
Solvent Use [t/year]
  
Sector
DRY_CLEANING        0.1292620E+04
DEGREASING          0.6333614E+04
VEHICLE             0.1068282E+05
DOM                 0.1303871E+06
PAINT_PROD          0.1622253E+04
INK_PROD            0.4896750E+02
PRINTING            0.3974478E+05
OTHER_PROD          0.6451952E+05
OTHER_USAGE         0.4096071E+05
SUB_TOTAL           0.2955924E+06
  
Paint Use [t/year]
  
Sector
ARCHITECTURAL       0.4137803E+05
DOM                 0.2086017E+04
VEHICLE             0.6672304E+04
OTHER_USAGE         0.4745668E+05
SUB_TOTAL           0.9759303E+05
  
Industry [t/year]
  
Sector
OIL_REFINERY        0.0000000E+00
CHEMICAL_IND        0.2226964E+05
COKE_OVENS          0.6162375E+04
STEEL               0.2177021E+04
OTHERS              0.3067353E+04
SUB_TOTAL           0.3367639E+05
  
Others [t/year]
  
Sector
EXTRACT_PROC        0.1398707E+05
WASTE               0.0000000E+00
SUB_TOTAL           0.1398707E+05
  
Total [t/year]
  
TOTAL               0.7667946E+06
