Year       : 2007
Country    : CHN
Sub-Region : BEIJ
  
Combustion Sources [t/year]
  
Fuel Type           POWER_PLANTS   ENERGY         IRON_STEEL     CHEM_PETRCHEM  NON_FERR_MET   NON_MET_MINE   OTHERS         ROAD_CARS      ROAD_BUSES     ROAD_L_TRUCKS  ROAD_H_TRUCKS  ROAD_MC        ROAD_OTHERS    DOM_NAVI       RAILWAY_ETC    RESIDENT       COMM_PUB       AGR_FORE_FISH  OTHERS         SUB_TOTAL    
HARD_COAL           0.5423632E+03  0.1382469E+02  0.2616042E+03  0.8201310E+02  0.6363643E+00  0.1610261E+03  0.1428443E+03  0.0000000E+00  0.0000000E+00  0.0000000E+00  0.0000000E+00  0.0000000E+00  0.0000000E+00  0.0000000E+00  0.2619840E+02  0.9540000E+04  0.3613200E+03  0.3054600E+03  0.1621680E+04  0.1305897E+05
BROWN_COAL          0.0000000E+00  0.0000000E+00  0.0000000E+00  0.0000000E+00  0.0000000E+00  0.0000000E+00  0.0000000E+00  0.0000000E+00  0.0000000E+00  0.0000000E+00  0.0000000E+00  0.0000000E+00  0.0000000E+00  0.0000000E+00  0.0000000E+00  0.0000000E+00  0.0000000E+00  0.0000000E+00  0.0000000E+00  0.0000000E+00
DERIVED_COAL        0.1977200E+02  0.0000000E+00  0.2305354E+03  0.1333692E-01  0.1933854E+00  0.3140846E+01  0.4974672E+01  0.0000000E+00  0.0000000E+00  0.0000000E+00  0.0000000E+00  0.0000000E+00  0.0000000E+00  0.0000000E+00  0.0000000E+00  0.0000000E+00  0.0000000E+00  0.0000000E+00  0.0000000E+00  0.2586296E+03
NATURAL_GAS         0.1660407E+03  0.4265830E+02  0.1066458E+02  0.7820690E+01  0.0000000E+00  0.1333072E+02  0.3667374E+02  0.0000000E+00  0.0000000E+00  0.0000000E+00  0.0000000E+00  0.0000000E+00  0.0000000E+00  0.0000000E+00  0.0000000E+00  0.1748002E+03  0.1088121E+03  0.0000000E+00  0.2561660E+03  0.8169670E+03
COKE_OVEN_GAS       0.5466510E+01  0.1089843E+03  0.2724608E+02  0.1998045E+02  0.0000000E+00  0.3405758E+02  0.7628900E+02  0.0000000E+00  0.0000000E+00  0.0000000E+00  0.0000000E+00  0.0000000E+00  0.0000000E+00  0.0000000E+00  0.0000000E+00  0.0000000E+00  0.0000000E+00  0.0000000E+00  0.0000000E+00  0.2720239E+03
OTHER_GAS           0.4570270E+02  0.1855884E+03  0.4639714E+02  0.3402454E+02  0.0000000E+00  0.5799638E+02  0.1299119E+03  0.0000000E+00  0.0000000E+00  0.0000000E+00  0.0000000E+00  0.0000000E+00  0.0000000E+00  0.0000000E+00  0.0000000E+00  0.0000000E+00  0.0000000E+00  0.0000000E+00  0.0000000E+00  0.4996211E+03
MOTOR_GASOLINE      0.0000000E+00  0.0000000E+00  0.0000000E+00  0.0000000E+00  0.0000000E+00  0.0000000E+00  0.0000000E+00  0.1331901E+06  0.6393077E+04  0.3187340E+04  0.1443635E+04  0.1220712E+05  0.0000000E+00  0.0000000E+00  0.0000000E+00  0.0000000E+00  0.0000000E+00  0.5892000E+01  0.0000000E+00  0.1564272E+06
KEROSENE            0.0000000E+00  0.1200000E-01  0.1200000E-01  0.4800000E-01  0.0000000E+00  0.0000000E+00  0.1800000E+00  0.0000000E+00  0.0000000E+00  0.0000000E+00  0.0000000E+00  0.0000000E+00  0.0000000E+00  0.0000000E+00  0.0000000E+00  0.0000000E+00  0.1200000E-01  0.0000000E+00  0.4080000E+00  0.6720000E+00
OTHER_LF            0.5268000E+01  0.3600951E+01  0.7972736E+01  0.1023690E+02  0.5988593E+00  0.5635867E+01  0.5168269E+02  0.0000000E+00  0.0000000E+00  0.0000000E+00  0.0000000E+00  0.0000000E+00  0.0000000E+00  0.0000000E+00  0.0000000E+00  0.1794807E+04  0.3313200E+02  0.7200000E-01  0.2460000E+01  0.1915467E+04
DIESEL_OIL          0.9581112E+01  0.1903767E+01  0.6570317E+01  0.2565442E+01  0.1509083E+00  0.1318708E+02  0.3221145E+02  0.0000000E+00  0.9056327E+04  0.1564327E+04  0.4768286E+04  0.0000000E+00  0.1224193E+04  0.0000000E+00  0.9627022E+01  0.0000000E+00  0.1391758E+02  0.9542495E+01  0.2140458E+02  0.1673379E+05
CRUDE_OIL           0.0000000E+00  0.0000000E+00  0.0000000E+00  0.0000000E+00  0.0000000E+00  0.0000000E+00  0.0000000E+00  0.0000000E+00  0.0000000E+00  0.0000000E+00  0.0000000E+00  0.0000000E+00  0.0000000E+00  0.0000000E+00  0.0000000E+00  0.0000000E+00  0.0000000E+00  0.0000000E+00  0.0000000E+00  0.0000000E+00
HEAVY_FUEL_OIL      0.2811600E+02  0.5349493E+01  0.1932721E+00  0.6253730E+01  0.6212316E-01  0.5101001E+01  0.7523804E+00  0.0000000E+00  0.0000000E+00  0.0000000E+00  0.0000000E+00  0.0000000E+00  0.0000000E+00  0.0000000E+00  0.0000000E+00  0.0000000E+00  0.0000000E+00  0.0000000E+00  0.0000000E+00  0.4582800E+02
OTHER_HF            0.2208000E+02  0.2278247E+02  0.8231087E+00  0.2663344E+02  0.2645706E+00  0.2172419E+02  0.3204243E+01  0.0000000E+00  0.0000000E+00  0.0000000E+00  0.0000000E+00  0.0000000E+00  0.0000000E+00  0.0000000E+00  0.0000000E+00  0.0000000E+00  0.0000000E+00  0.0000000E+00  0.0000000E+00  0.9751202E+02
FUELWOOD            0.0000000E+00  0.0000000E+00  0.0000000E+00  0.0000000E+00  0.0000000E+00  0.0000000E+00  0.0000000E+00  0.0000000E+00  0.0000000E+00  0.0000000E+00  0.0000000E+00  0.0000000E+00  0.0000000E+00  0.0000000E+00  0.0000000E+00  0.1529631E+04  0.0000000E+00  0.0000000E+00  0.0000000E+00  0.1529631E+04
CROP_RESIDUE        0.0000000E+00  0.0000000E+00  0.0000000E+00  0.0000000E+00  0.0000000E+00  0.0000000E+00  0.0000000E+00  0.0000000E+00  0.0000000E+00  0.0000000E+00  0.0000000E+00  0.0000000E+00  0.0000000E+00  0.0000000E+00  0.0000000E+00  0.3204625E+04  0.0000000E+00  0.0000000E+00  0.0000000E+00  0.3204625E+04
ANIMAL_WASTE        0.0000000E+00  0.0000000E+00  0.0000000E+00  0.0000000E+00  0.0000000E+00  0.0000000E+00  0.0000000E+00  0.0000000E+00  0.0000000E+00  0.0000000E+00  0.0000000E+00  0.0000000E+00  0.0000000E+00  0.0000000E+00  0.0000000E+00  0.0000000E+00  0.0000000E+00  0.0000000E+00  0.0000000E+00  0.0000000E+00
OTHERS              0.0000000E+00  0.0000000E+00  0.0000000E+00  0.0000000E+00  0.0000000E+00  0.0000000E+00  0.0000000E+00  0.0000000E+00  0.0000000E+00  0.0000000E+00  0.0000000E+00  0.0000000E+00  0.0000000E+00  0.0000000E+00  0.0000000E+00  0.0000000E+00  0.0000000E+00  0.0000000E+00  0.0000000E+00  0.0000000E+00
SUB_TOTAL           0.8443902E+03  0.3847044E+03  0.5920188E+03  0.1895896E+03  0.1906211E+01  0.3151998E+03  0.4787244E+03  0.1331901E+06  0.1544940E+05  0.4751667E+04  0.6211921E+04  0.1220712E+05  0.1224193E+04  0.0000000E+00  0.3582542E+02  0.1624386E+05  0.5171937E+03  0.3209665E+03  0.1902119E+04  0.1948609E+06
  
Non-Combustion Sources [t/year]
  
Evaporative emissions from vehicles [t/year]
  
Sector
CAR_EVAP            0.6267270E+05
SUB_TOTAL           0.6267270E+05
  
Solvent Use [t/year]
  
Sector
DRY_CLEANING        0.3321557E+03
DEGREASING          0.6439166E+04
VEHICLE             0.2745091E+04
DOM                 0.1855757E+04
PAINT_PROD          0.1234509E+04
INK_PROD            0.6969385E+00
PRINTING            0.5656745E+03
OTHER_PROD          0.1125400E+06
OTHER_USAGE         0.1881519E+04
SUB_TOTAL           0.1275946E+06
  
Paint Use [t/year]
  
Sector
ARCHITECTURAL       0.1279341E+06
DOM                 0.1587426E+04
VEHICLE             0.5077519E+04
OTHER_USAGE         0.3611379E+05
SUB_TOTAL           0.1707128E+06
  
Industry [t/year]
  
Sector
OIL_REFINERY        0.1973697E+05
CHEMICAL_IND        0.1041573E+06
COKE_OVENS          0.2212375E+04
STEEL               0.1470331E+04
OTHERS              0.2264133E+04
SUB_TOTAL           0.1298411E+06
  
Others [t/year]
  
Sector
EXTRACT_PROC        0.2482951E+06
WASTE               0.0000000E+00
SUB_TOTAL           0.2482951E+06
  
Total [t/year]
  
TOTAL               0.9339772E+06
