Year       : 2007
Country    : CHN
Sub-Region : HENA
  
Combustion Sources [t/year]
  
Fuel Type           POWER_PLANTS   ENERGY         IRON_STEEL     CHEM_PETRCHEM  NON_FERR_MET   NON_MET_MINE   OTHERS         ROAD_CARS      ROAD_BUSES     ROAD_L_TRUCKS  ROAD_H_TRUCKS  ROAD_MC        ROAD_OTHERS    DOM_NAVI       RAILWAY_ETC    RESIDENT       COMM_PUB       AGR_FORE_FISH  OTHERS         SUB_TOTAL    
HARD_COAL           0.4104792E+04  0.3768458E+04  0.1872376E+03  0.8096168E+03  0.4603397E+03  0.6677907E+03  0.7614982E+03  0.0000000E+00  0.0000000E+00  0.0000000E+00  0.0000000E+00  0.0000000E+00  0.0000000E+00  0.0000000E+00  0.1920000E+02  0.3228366E+05  0.1500000E+03  0.6000000E+03  0.0000000E+00  0.4381259E+05
BROWN_COAL          0.0000000E+00  0.0000000E+00  0.0000000E+00  0.0000000E+00  0.0000000E+00  0.0000000E+00  0.0000000E+00  0.0000000E+00  0.0000000E+00  0.0000000E+00  0.0000000E+00  0.0000000E+00  0.0000000E+00  0.0000000E+00  0.0000000E+00  0.0000000E+00  0.0000000E+00  0.0000000E+00  0.0000000E+00  0.0000000E+00
DERIVED_COAL        0.0000000E+00  0.8292724E+03  0.4120278E+02  0.1781612E+03  0.1013006E+03  0.1469515E+03  0.1675724E+03  0.0000000E+00  0.0000000E+00  0.0000000E+00  0.0000000E+00  0.0000000E+00  0.0000000E+00  0.0000000E+00  0.0000000E+00  0.0000000E+00  0.0000000E+00  0.0000000E+00  0.0000000E+00  0.1464461E+04
NATURAL_GAS         0.6812925E+01  0.9031140E+01  0.3445920E+03  0.1892538E+02  0.3891888E+02  0.2251006E+02  0.3883952E+02  0.0000000E+00  0.0000000E+00  0.0000000E+00  0.0000000E+00  0.0000000E+00  0.0000000E+00  0.0000000E+00  0.0000000E+00  0.9732750E+02  0.9927405E+01  0.0000000E+00  0.0000000E+00  0.5868848E+03
COKE_OVEN_GAS       0.2264697E+02  0.7928850E+01  0.3025330E+03  0.1661545E+02  0.3416866E+02  0.1976260E+02  0.3409898E+02  0.0000000E+00  0.0000000E+00  0.0000000E+00  0.0000000E+00  0.0000000E+00  0.0000000E+00  0.0000000E+00  0.0000000E+00  0.6941600E+03  0.0000000E+00  0.0000000E+00  0.0000000E+00  0.1131915E+04
OTHER_GAS           0.4049030E+02  0.1535391E+02  0.5858436E+03  0.3217520E+02  0.6616632E+02  0.3826952E+02  0.6603138E+02  0.0000000E+00  0.0000000E+00  0.0000000E+00  0.0000000E+00  0.0000000E+00  0.0000000E+00  0.0000000E+00  0.0000000E+00  0.0000000E+00  0.1972800E+03  0.0000000E+00  0.0000000E+00  0.1041610E+04
MOTOR_GASOLINE      0.0000000E+00  0.0000000E+00  0.0000000E+00  0.0000000E+00  0.0000000E+00  0.0000000E+00  0.0000000E+00  0.8469159E+05  0.5673634E+04  0.9340900E+04  0.8176582E+04  0.1395468E+06  0.0000000E+00  0.0000000E+00  0.0000000E+00  0.0000000E+00  0.0000000E+00  0.7200000E+01  0.0000000E+00  0.2474367E+06
KEROSENE            0.0000000E+00  0.1771224E+01  0.3401905E-01  0.1267613E-01  0.5207293E-01  0.6263636E-01  0.5937132E-01  0.0000000E+00  0.0000000E+00  0.0000000E+00  0.0000000E+00  0.0000000E+00  0.0000000E+00  0.0000000E+00  0.0000000E+00  0.0000000E+00  0.3360000E+00  0.0000000E+00  0.0000000E+00  0.2328000E+01
OTHER_LF            0.1201200E+02  0.1789363E+02  0.3436745E+00  0.1280594E+00  0.5260621E+00  0.6327783E+00  0.5997933E+00  0.0000000E+00  0.0000000E+00  0.0000000E+00  0.0000000E+00  0.0000000E+00  0.0000000E+00  0.0000000E+00  0.0000000E+00  0.1562400E+04  0.7380000E+01  0.0000000E+00  0.0000000E+00  0.1601916E+04
DIESEL_OIL          0.3858337E+01  0.3617292E+02  0.5114183E+01  0.4939039E+01  0.1019334E+02  0.6258451E+01  0.3425131E+02  0.0000000E+00  0.6508779E+04  0.3523261E+04  0.2186048E+05  0.0000000E+00  0.1283517E+06  0.4332418E+01  0.5872082E+02  0.0000000E+00  0.6889888E+01  0.1107205E+03  0.4593258E+01  0.1605303E+06
CRUDE_OIL           0.5160000E+00  0.2062561E+02  0.0000000E+00  0.0000000E+00  0.0000000E+00  0.0000000E+00  0.2379445E-02  0.0000000E+00  0.0000000E+00  0.0000000E+00  0.0000000E+00  0.0000000E+00  0.0000000E+00  0.0000000E+00  0.0000000E+00  0.0000000E+00  0.0000000E+00  0.0000000E+00  0.0000000E+00  0.2114399E+02
HEAVY_FUEL_OIL      0.1920000E+01  0.1629430E+02  0.1196708E+02  0.1283497E+01  0.1584202E+02  0.2533988E+02  0.2689230E+01  0.0000000E+00  0.0000000E+00  0.0000000E+00  0.0000000E+00  0.0000000E+00  0.0000000E+00  0.0000000E+00  0.0000000E+00  0.0000000E+00  0.0000000E+00  0.0000000E+00  0.0000000E+00  0.7533601E+02
OTHER_HF            0.0000000E+00  0.4836620E+01  0.3552176E+01  0.3809791E+00  0.4702369E+01  0.7521613E+01  0.2479824E+02  0.0000000E+00  0.0000000E+00  0.0000000E+00  0.0000000E+00  0.0000000E+00  0.0000000E+00  0.0000000E+00  0.0000000E+00  0.0000000E+00  0.0000000E+00  0.0000000E+00  0.0000000E+00  0.4579200E+02
FUELWOOD            0.0000000E+00  0.0000000E+00  0.0000000E+00  0.0000000E+00  0.0000000E+00  0.0000000E+00  0.0000000E+00  0.0000000E+00  0.0000000E+00  0.0000000E+00  0.0000000E+00  0.0000000E+00  0.0000000E+00  0.0000000E+00  0.0000000E+00  0.2653958E+05  0.0000000E+00  0.0000000E+00  0.0000000E+00  0.2653958E+05
CROP_RESIDUE        0.0000000E+00  0.0000000E+00  0.0000000E+00  0.0000000E+00  0.0000000E+00  0.0000000E+00  0.0000000E+00  0.0000000E+00  0.0000000E+00  0.0000000E+00  0.0000000E+00  0.0000000E+00  0.0000000E+00  0.0000000E+00  0.0000000E+00  0.1810626E+06  0.0000000E+00  0.0000000E+00  0.0000000E+00  0.1810626E+06
ANIMAL_WASTE        0.0000000E+00  0.0000000E+00  0.0000000E+00  0.0000000E+00  0.0000000E+00  0.0000000E+00  0.0000000E+00  0.0000000E+00  0.0000000E+00  0.0000000E+00  0.0000000E+00  0.0000000E+00  0.0000000E+00  0.0000000E+00  0.0000000E+00  0.0000000E+00  0.0000000E+00  0.0000000E+00  0.0000000E+00  0.0000000E+00
OTHERS              0.0000000E+00  0.0000000E+00  0.0000000E+00  0.0000000E+00  0.0000000E+00  0.0000000E+00  0.0000000E+00  0.0000000E+00  0.0000000E+00  0.0000000E+00  0.0000000E+00  0.0000000E+00  0.0000000E+00  0.0000000E+00  0.0000000E+00  0.0000000E+00  0.0000000E+00  0.0000000E+00  0.0000000E+00  0.0000000E+00
SUB_TOTAL           0.4193049E+04  0.4727639E+04  0.1482420E+04  0.1062238E+04  0.7322100E+03  0.9350997E+03  0.1130441E+04  0.8469159E+05  0.1218241E+05  0.1286416E+05  0.3003706E+05  0.1395468E+06  0.1283517E+06  0.4332418E+01  0.7792082E+02  0.2422397E+06  0.3718133E+03  0.7179205E+03  0.4593258E+01  0.6653531E+06
  
Non-Combustion Sources [t/year]
  
Evaporative emissions from vehicles [t/year]
  
Sector
CAR_EVAP            0.4010104E+05
SUB_TOTAL           0.4010104E+05
  
Solvent Use [t/year]
  
Sector
DRY_CLEANING        0.1903844E+04
DEGREASING          0.1033512E+05
VEHICLE             0.1573426E+05
DOM                 0.3534007E+05
PAINT_PROD          0.1887401E+04
INK_PROD            0.1327213E+02
PRINTING            0.1077241E+05
OTHER_PROD          0.1241042E+06
OTHER_USAGE         0.1596254E+05
SUB_TOTAL           0.2160531E+06
  
Paint Use [t/year]
  
Sector
ARCHITECTURAL       0.2879573E+05
DOM                 0.2426965E+04
VEHICLE             0.7762857E+04
OTHER_USAGE         0.5521323E+05
SUB_TOTAL           0.9419878E+05
  
Industry [t/year]
  
Sector
OIL_REFINERY        0.1023759E+04
CHEMICAL_IND        0.1263047E+05
COKE_OVENS          0.2422500E+05
STEEL               0.3793196E+04
OTHERS              0.1435618E+06
SUB_TOTAL           0.1852342E+06
  
Others [t/year]
  
Sector
EXTRACT_PROC        0.1549947E+05
WASTE               0.0000000E+00
SUB_TOTAL           0.1549947E+05
  
Total [t/year]
  
TOTAL               0.1216440E+07
