Year       : 2007
Country    : CHN
Sub-Region : TIAN
  
Combustion Sources [t/year]
  
Fuel Type           POWER_PLANTS   ENERGY         IRON_STEEL     CHEM_PETRCHEM  NON_FERR_MET   NON_MET_MINE   OTHERS         ROAD_CARS      ROAD_BUSES     ROAD_L_TRUCKS  ROAD_H_TRUCKS  ROAD_MC        ROAD_OTHERS    DOM_NAVI       RAILWAY_ETC    RESIDENT       COMM_PUB       AGR_FORE_FISH  OTHERS         SUB_TOTAL    
HARD_COAL           0.9678279E+03  0.2641207E+02  0.3616199E+03  0.1574368E+03  0.6910303E+01  0.1006446E+03  0.1941956E+03  0.0000000E+00  0.0000000E+00  0.0000000E+00  0.0000000E+00  0.0000000E+00  0.0000000E+00  0.0000000E+00  0.1487040E+02  0.2207880E+04  0.2377200E+03  0.1026000E+03  0.3274800E+03  0.4705598E+04
BROWN_COAL          0.0000000E+00  0.0000000E+00  0.0000000E+00  0.0000000E+00  0.0000000E+00  0.0000000E+00  0.0000000E+00  0.0000000E+00  0.0000000E+00  0.0000000E+00  0.0000000E+00  0.0000000E+00  0.0000000E+00  0.0000000E+00  0.0000000E+00  0.0000000E+00  0.0000000E+00  0.0000000E+00  0.0000000E+00  0.0000000E+00
DERIVED_COAL        0.0000000E+00  0.0000000E+00  0.6463371E+03  0.1489662E+01  0.1078045E+00  0.5880246E-01  0.6429069E+01  0.0000000E+00  0.0000000E+00  0.0000000E+00  0.0000000E+00  0.0000000E+00  0.0000000E+00  0.0000000E+00  0.0000000E+00  0.0000000E+00  0.0000000E+00  0.0000000E+00  0.0000000E+00  0.6544224E+03
NATURAL_GAS         0.1479377E+02  0.2254825E+02  0.4999828E+02  0.2686183E+02  0.1568573E+01  0.1352895E+02  0.2019539E+02  0.0000000E+00  0.0000000E+00  0.0000000E+00  0.0000000E+00  0.0000000E+00  0.0000000E+00  0.0000000E+00  0.0000000E+00  0.6735065E+02  0.5099960E+02  0.0000000E+00  0.1362585E+01  0.2692079E+03
COKE_OVEN_GAS       0.6247440E+01  0.2939824E+02  0.6518738E+02  0.3502224E+02  0.2045094E+01  0.1763894E+02  0.2633059E+02  0.0000000E+00  0.0000000E+00  0.0000000E+00  0.0000000E+00  0.0000000E+00  0.0000000E+00  0.0000000E+00  0.0000000E+00  0.0000000E+00  0.0000000E+00  0.0000000E+00  0.0000000E+00  0.1818699E+03
OTHER_GAS           0.1193200E+02  0.1109056E+02  0.2459210E+02  0.1321223E+02  0.7715166E+00  0.6654334E+01  0.9933278E+01  0.0000000E+00  0.0000000E+00  0.0000000E+00  0.0000000E+00  0.0000000E+00  0.0000000E+00  0.0000000E+00  0.0000000E+00  0.0000000E+00  0.0000000E+00  0.0000000E+00  0.0000000E+00  0.7818602E+02
MOTOR_GASOLINE      0.0000000E+00  0.0000000E+00  0.0000000E+00  0.0000000E+00  0.0000000E+00  0.0000000E+00  0.0000000E+00  0.4625919E+05  0.1890840E+04  0.3525278E+04  0.1020997E+04  0.2308289E+05  0.0000000E+00  0.0000000E+00  0.0000000E+00  0.0000000E+00  0.0000000E+00  0.5484000E+01  0.0000000E+00  0.7578468E+05
KEROSENE            0.0000000E+00  0.1615314E+00  0.1360264E+00  0.1797492E+00  0.1214521E-01  0.4129373E-01  0.5972542E+00  0.0000000E+00  0.0000000E+00  0.0000000E+00  0.0000000E+00  0.0000000E+00  0.0000000E+00  0.0000000E+00  0.0000000E+00  0.0000000E+00  0.3480000E+00  0.7200000E-01  0.1944000E+01  0.3492000E+01
OTHER_LF            0.0000000E+00  0.5349850E+01  0.4505135E+01  0.5953215E+01  0.4022443E+00  0.1367631E+01  0.1917793E+02  0.0000000E+00  0.0000000E+00  0.0000000E+00  0.0000000E+00  0.0000000E+00  0.0000000E+00  0.0000000E+00  0.0000000E+00  0.5260080E+03  0.3948000E+01  0.0000000E+00  0.2100000E+01  0.5688120E+03
DIESEL_OIL          0.0000000E+00  0.1859337E+02  0.2861425E+01  0.2343307E+01  0.3061608E+00  0.2543489E+01  0.2904551E+02  0.0000000E+00  0.2206264E+04  0.1352427E+04  0.2776368E+04  0.0000000E+00  0.3194042E+04  0.8352241E+02  0.1049256E+01  0.1689171E+02  0.9071686E+02  0.1857973E+02  0.9703259E+01  0.9805257E+04
CRUDE_OIL           0.0000000E+00  0.1406400E+02  0.0000000E+00  0.2400001E-01  0.0000000E+00  0.4320000E+00  0.0000000E+00  0.0000000E+00  0.0000000E+00  0.0000000E+00  0.0000000E+00  0.0000000E+00  0.0000000E+00  0.0000000E+00  0.0000000E+00  0.0000000E+00  0.0000000E+00  0.0000000E+00  0.0000000E+00  0.1452000E+02
HEAVY_FUEL_OIL      0.4560106E+02  0.1334761E+02  0.5317439E+01  0.2191794E+02  0.5161400E+00  0.2076563E+01  0.1644299E+01  0.0000000E+00  0.0000000E+00  0.0000000E+00  0.0000000E+00  0.0000000E+00  0.0000000E+00  0.6120000E+02  0.0000000E+00  0.0000000E+00  0.0000000E+00  0.0000000E+00  0.0000000E+00  0.1516211E+03
OTHER_HF            0.0000000E+00  0.4714711E+02  0.1878252E+02  0.7741963E+02  0.1823136E+01  0.7334938E+01  0.4500660E+01  0.0000000E+00  0.0000000E+00  0.0000000E+00  0.0000000E+00  0.0000000E+00  0.0000000E+00  0.0000000E+00  0.0000000E+00  0.0000000E+00  0.0000000E+00  0.2400000E+00  0.0000000E+00  0.1572480E+03
FUELWOOD            0.0000000E+00  0.0000000E+00  0.0000000E+00  0.0000000E+00  0.0000000E+00  0.0000000E+00  0.0000000E+00  0.0000000E+00  0.0000000E+00  0.0000000E+00  0.0000000E+00  0.0000000E+00  0.0000000E+00  0.0000000E+00  0.0000000E+00  0.4569800E+02  0.0000000E+00  0.0000000E+00  0.0000000E+00  0.4569800E+02
CROP_RESIDUE        0.0000000E+00  0.0000000E+00  0.0000000E+00  0.0000000E+00  0.0000000E+00  0.0000000E+00  0.0000000E+00  0.0000000E+00  0.0000000E+00  0.0000000E+00  0.0000000E+00  0.0000000E+00  0.0000000E+00  0.0000000E+00  0.0000000E+00  0.2551460E+05  0.0000000E+00  0.0000000E+00  0.0000000E+00  0.2551460E+05
ANIMAL_WASTE        0.0000000E+00  0.0000000E+00  0.0000000E+00  0.0000000E+00  0.0000000E+00  0.0000000E+00  0.0000000E+00  0.0000000E+00  0.0000000E+00  0.0000000E+00  0.0000000E+00  0.0000000E+00  0.0000000E+00  0.0000000E+00  0.0000000E+00  0.0000000E+00  0.0000000E+00  0.0000000E+00  0.0000000E+00  0.0000000E+00
OTHERS              0.0000000E+00  0.0000000E+00  0.0000000E+00  0.0000000E+00  0.0000000E+00  0.0000000E+00  0.0000000E+00  0.0000000E+00  0.0000000E+00  0.0000000E+00  0.0000000E+00  0.0000000E+00  0.0000000E+00  0.0000000E+00  0.0000000E+00  0.0000000E+00  0.0000000E+00  0.0000000E+00  0.0000000E+00  0.0000000E+00
SUB_TOTAL           0.1046402E+04  0.1881126E+03  0.1179337E+04  0.3418606E+03  0.1446312E+02  0.1523215E+03  0.3120496E+03  0.4625919E+05  0.4097104E+04  0.4877705E+04  0.3797365E+04  0.2308289E+05  0.3194042E+04  0.1447224E+03  0.1591966E+02  0.2837843E+05  0.3837325E+03  0.1269757E+03  0.3425898E+03  0.1179352E+06
  
Non-Combustion Sources [t/year]
  
Evaporative emissions from vehicles [t/year]
  
Sector
CAR_EVAP            0.2656941E+05
SUB_TOTAL           0.2656941E+05
  
Solvent Use [t/year]
  
Sector
DRY_CLEANING        0.2267934E+03
DEGREASING          0.3476879E+04
VEHICLE             0.1874327E+04
DOM                 0.9359469E+04
PAINT_PROD          0.1887401E+04
INK_PROD            0.3514993E+01
PRINTING            0.2852966E+04
OTHER_PROD          0.4584088E+05
OTHER_USAGE         0.2288780E+04
SUB_TOTAL           0.6781101E+05
  
Paint Use [t/year]
  
Sector
ARCHITECTURAL       0.1097784E+05
DOM                 0.2426965E+04
VEHICLE             0.7762858E+04
OTHER_USAGE         0.5521323E+05
SUB_TOTAL           0.7638089E+05
  
Industry [t/year]
  
Sector
OIL_REFINERY        0.4061182E+04
CHEMICAL_IND        0.1722227E+05
COKE_OVENS          0.3897000E+04
STEEL               0.3322579E+04
OTHERS              0.5283635E+04
SUB_TOTAL           0.3378667E+05
  
Others [t/year]
  
Sector
EXTRACT_PROC        0.2222385E+06
WASTE               0.0000000E+00
SUB_TOTAL           0.2222385E+06
  
Total [t/year]
  
TOTAL               0.5447217E+06
