Year       : 2007
Country    : CHN
Sub-Region : GUAD
  
Combustion Sources [t/year]
  
Fuel Type           POWER_PLANTS   ENERGY         IRON_STEEL     CHEM_PETRCHEM  NON_FERR_MET   NON_MET_MINE   OTHERS         ROAD_CARS      ROAD_BUSES     ROAD_L_TRUCKS  ROAD_H_TRUCKS  ROAD_MC        ROAD_OTHERS    DOM_NAVI       RAILWAY_ETC    RESIDENT       COMM_PUB       AGR_FORE_FISH  OTHERS         SUB_TOTAL    
HARD_COAL           0.3371272E+04  0.7550173E+02  0.2396987E+03  0.2188339E+03  0.4772852E+02  0.1293305E+04  0.1169668E+04  0.0000000E+00  0.0000000E+00  0.0000000E+00  0.0000000E+00  0.0000000E+00  0.0000000E+00  0.0000000E+00  0.1603200E+01  0.1266330E+04  0.1675200E+03  0.3322200E+03  0.0000000E+00  0.8183681E+04
BROWN_COAL          0.0000000E+00  0.0000000E+00  0.0000000E+00  0.0000000E+00  0.0000000E+00  0.0000000E+00  0.0000000E+00  0.0000000E+00  0.0000000E+00  0.0000000E+00  0.0000000E+00  0.0000000E+00  0.0000000E+00  0.0000000E+00  0.0000000E+00  0.0000000E+00  0.0000000E+00  0.0000000E+00  0.0000000E+00  0.0000000E+00
DERIVED_COAL        0.1157440E+03  0.1260153E+02  0.4000663E+02  0.3652423E+02  0.7966074E+01  0.2158576E+03  0.1948359E+03  0.0000000E+00  0.0000000E+00  0.0000000E+00  0.0000000E+00  0.0000000E+00  0.0000000E+00  0.0000000E+00  0.0000000E+00  0.0000000E+00  0.0000000E+00  0.0000000E+00  0.0000000E+00  0.6235360E+03
NATURAL_GAS         0.6262050E+03  0.0000000E+00  0.0000000E+00  0.0000000E+00  0.0000000E+00  0.0000000E+00  0.9051460E+02  0.0000000E+00  0.0000000E+00  0.0000000E+00  0.0000000E+00  0.0000000E+00  0.0000000E+00  0.0000000E+00  0.0000000E+00  0.1430714E+03  0.0000000E+00  0.0000000E+00  0.0000000E+00  0.8597910E+03
COKE_OVEN_GAS       0.0000000E+00  0.0000000E+00  0.0000000E+00  0.0000000E+00  0.0000000E+00  0.0000000E+00  0.1107185E+03  0.0000000E+00  0.0000000E+00  0.0000000E+00  0.0000000E+00  0.0000000E+00  0.0000000E+00  0.0000000E+00  0.0000000E+00  0.0000000E+00  0.0000000E+00  0.0000000E+00  0.0000000E+00  0.1107185E+03
OTHER_GAS           0.5589200E+01  0.0000000E+00  0.0000000E+00  0.0000000E+00  0.0000000E+00  0.0000000E+00  0.5859240E+03  0.0000000E+00  0.0000000E+00  0.0000000E+00  0.0000000E+00  0.0000000E+00  0.0000000E+00  0.0000000E+00  0.0000000E+00  0.0000000E+00  0.3041400E+04  0.0000000E+00  0.0000000E+00  0.3632913E+04
MOTOR_GASOLINE      0.0000000E+00  0.0000000E+00  0.0000000E+00  0.0000000E+00  0.0000000E+00  0.0000000E+00  0.0000000E+00  0.1988638E+06  0.1327019E+05  0.3172719E+05  0.7910322E+04  0.5348185E+06  0.0000000E+00  0.0000000E+00  0.0000000E+00  0.0000000E+00  0.0000000E+00  0.1630800E+02  0.0000000E+00  0.7866063E+06
KEROSENE            0.0000000E+00  0.0000000E+00  0.0000000E+00  0.0000000E+00  0.0000000E+00  0.0000000E+00  0.9204000E+01  0.0000000E+00  0.0000000E+00  0.0000000E+00  0.0000000E+00  0.0000000E+00  0.0000000E+00  0.0000000E+00  0.0000000E+00  0.4164000E+01  0.0000000E+00  0.0000000E+00  0.0000000E+00  0.1336800E+02
OTHER_LF            0.8700000E+01  0.0000000E+00  0.0000000E+00  0.0000000E+00  0.0000000E+00  0.0000000E+00  0.2595000E+03  0.0000000E+00  0.0000000E+00  0.0000000E+00  0.0000000E+00  0.0000000E+00  0.0000000E+00  0.0000000E+00  0.0000000E+00  0.2652043E+05  0.2617200E+02  0.0000000E+00  0.1872000E+01  0.2681667E+05
DIESEL_OIL          0.2453949E+02  0.0000000E+00  0.0000000E+00  0.0000000E+00  0.0000000E+00  0.0000000E+00  0.6032900E+03  0.0000000E+00  0.1479173E+05  0.1162764E+05  0.2054876E+05  0.0000000E+00  0.1020747E+05  0.1927894E+03  0.1306049E+02  0.1236735E+02  0.1238342E+03  0.9196852E+02  0.1364197E+02  0.5825109E+05
CRUDE_OIL           0.0000000E+00  0.9228060E+00  0.0000000E+00  0.0000000E+00  0.0000000E+00  0.0000000E+00  0.1845720E+02  0.0000000E+00  0.0000000E+00  0.0000000E+00  0.0000000E+00  0.0000000E+00  0.0000000E+00  0.0000000E+00  0.0000000E+00  0.0000000E+00  0.0000000E+00  0.0000000E+00  0.0000000E+00  0.1938001E+02
HEAVY_FUEL_OIL      0.5710439E+03  0.4190968E+02  0.0000000E+00  0.0000000E+00  0.0000000E+00  0.0000000E+00  0.8382424E+03  0.0000000E+00  0.0000000E+00  0.0000000E+00  0.0000000E+00  0.0000000E+00  0.0000000E+00  0.1062120E+03  0.0000000E+00  0.0000000E+00  0.1170000E+02  0.0000000E+00  0.0000000E+00  0.1569108E+04
OTHER_HF            0.9598800E+02  0.3411811E+01  0.0000000E+00  0.0000000E+00  0.0000000E+00  0.0000000E+00  0.6824018E+02  0.0000000E+00  0.0000000E+00  0.0000000E+00  0.0000000E+00  0.0000000E+00  0.0000000E+00  0.0000000E+00  0.0000000E+00  0.0000000E+00  0.0000000E+00  0.7812000E+01  0.0000000E+00  0.1754520E+03
FUELWOOD            0.0000000E+00  0.0000000E+00  0.0000000E+00  0.0000000E+00  0.0000000E+00  0.0000000E+00  0.0000000E+00  0.0000000E+00  0.0000000E+00  0.0000000E+00  0.0000000E+00  0.0000000E+00  0.0000000E+00  0.0000000E+00  0.0000000E+00  0.4495181E+05  0.0000000E+00  0.0000000E+00  0.0000000E+00  0.4495181E+05
CROP_RESIDUE        0.0000000E+00  0.0000000E+00  0.0000000E+00  0.0000000E+00  0.0000000E+00  0.0000000E+00  0.0000000E+00  0.0000000E+00  0.0000000E+00  0.0000000E+00  0.0000000E+00  0.0000000E+00  0.0000000E+00  0.0000000E+00  0.0000000E+00  0.5992938E+05  0.0000000E+00  0.0000000E+00  0.0000000E+00  0.5992938E+05
ANIMAL_WASTE        0.0000000E+00  0.0000000E+00  0.0000000E+00  0.0000000E+00  0.0000000E+00  0.0000000E+00  0.0000000E+00  0.0000000E+00  0.0000000E+00  0.0000000E+00  0.0000000E+00  0.0000000E+00  0.0000000E+00  0.0000000E+00  0.0000000E+00  0.0000000E+00  0.0000000E+00  0.0000000E+00  0.0000000E+00  0.0000000E+00
OTHERS              0.0000000E+00  0.0000000E+00  0.0000000E+00  0.0000000E+00  0.0000000E+00  0.0000000E+00  0.0000000E+00  0.0000000E+00  0.0000000E+00  0.0000000E+00  0.0000000E+00  0.0000000E+00  0.0000000E+00  0.0000000E+00  0.0000000E+00  0.0000000E+00  0.0000000E+00  0.0000000E+00  0.0000000E+00  0.0000000E+00
SUB_TOTAL           0.4819082E+04  0.1343476E+03  0.2797053E+03  0.2553581E+03  0.5569459E+02  0.1509163E+04  0.3948595E+04  0.1988638E+06  0.2806192E+05  0.4335483E+05  0.2845908E+05  0.5348185E+06  0.1020747E+05  0.2990014E+03  0.1466369E+02  0.1328276E+06  0.3370626E+04  0.4483085E+03  0.1551397E+02  0.9917432E+06
  
Non-Combustion Sources [t/year]
  
Evaporative emissions from vehicles [t/year]
  
Sector
CAR_EVAP            0.1615055E+06
SUB_TOTAL           0.1615055E+06
  
Solvent Use [t/year]
  
Sector
DRY_CLEANING        0.1921947E+04
DEGREASING          0.2139963E+05
VEHICLE             0.1588387E+05
DOM                 0.1542699E+06
PAINT_PROD          0.1767087E+05
INK_PROD            0.5793679E+02
PRINTING            0.4702476E+05
OTHER_PROD          0.2164798E+06
OTHER_USAGE         0.4532841E+05
SUB_TOTAL           0.5200372E+06
  
Paint Use [t/year]
  
Sector
ARCHITECTURAL       0.3075485E+06
DOM                 0.2272256E+05
VEHICLE             0.7268004E+05
OTHER_USAGE         0.5169360E+06
SUB_TOTAL           0.9198871E+06
  
Industry [t/year]
  
Sector
OIL_REFINERY        0.2746163E+04
CHEMICAL_IND        0.9495491E+04
COKE_OVENS          0.1179875E+04
STEEL               0.2207023E+04
OTHERS              0.1371962E+05
SUB_TOTAL           0.2934817E+05
  
Others [t/year]
  
Sector
EXTRACT_PROC        0.4777920E+05
WASTE               0.0000000E+00
SUB_TOTAL           0.4777920E+05
  
Total [t/year]
  
TOTAL               0.2670300E+07
