Year       : 2007
Country    : CHN
Sub-Region : YUNN
  
Combustion Sources [t/year]
  
Fuel Type           POWER_PLANTS   ENERGY         IRON_STEEL     CHEM_PETRCHEM  NON_FERR_MET   NON_MET_MINE   OTHERS         ROAD_CARS      ROAD_BUSES     ROAD_L_TRUCKS  ROAD_H_TRUCKS  ROAD_MC        ROAD_OTHERS    DOM_NAVI       RAILWAY_ETC    RESIDENT       COMM_PUB       AGR_FORE_FISH  OTHERS         SUB_TOTAL    
HARD_COAL           0.1309104E+04  0.7761456E+03  0.9373330E+02  0.2687757E+03  0.4866789E+02  0.2819778E+03  0.1255189E+03  0.0000000E+00  0.0000000E+00  0.0000000E+00  0.0000000E+00  0.0000000E+00  0.0000000E+00  0.0000000E+00  0.2396160E+02  0.1178262E+05  0.1009200E+03  0.1233840E+04  0.9852000E+02  0.1614378E+05
BROWN_COAL          0.0000000E+00  0.0000000E+00  0.0000000E+00  0.0000000E+00  0.0000000E+00  0.0000000E+00  0.0000000E+00  0.0000000E+00  0.0000000E+00  0.0000000E+00  0.0000000E+00  0.0000000E+00  0.0000000E+00  0.0000000E+00  0.0000000E+00  0.0000000E+00  0.0000000E+00  0.0000000E+00  0.0000000E+00  0.0000000E+00
DERIVED_COAL        0.8600000E+00  0.8541747E+01  0.7452466E+03  0.2193535E+03  0.4982810E+02  0.5230409E+01  0.6247555E+01  0.0000000E+00  0.0000000E+00  0.0000000E+00  0.0000000E+00  0.0000000E+00  0.0000000E+00  0.0000000E+00  0.6144000E+00  0.3120000E+01  0.4980000E+01  0.2280000E+01  0.3300000E+01  0.1049602E+04
NATURAL_GAS         0.0000000E+00  0.0000000E+00  0.0000000E+00  0.0000000E+00  0.0000000E+00  0.0000000E+00  0.1946550E+00  0.0000000E+00  0.0000000E+00  0.0000000E+00  0.0000000E+00  0.0000000E+00  0.0000000E+00  0.0000000E+00  0.0000000E+00  0.3893100E+01  0.0000000E+00  0.0000000E+00  0.0000000E+00  0.4087755E+01
COKE_OVEN_GAS       0.1561860E+02  0.0000000E+00  0.0000000E+00  0.0000000E+00  0.0000000E+00  0.0000000E+00  0.1332787E+03  0.0000000E+00  0.0000000E+00  0.0000000E+00  0.0000000E+00  0.0000000E+00  0.0000000E+00  0.0000000E+00  0.0000000E+00  0.7705176E+03  0.0000000E+00  0.0000000E+00  0.0000000E+00  0.9194149E+03
OTHER_GAS           0.3395910E+02  0.0000000E+00  0.0000000E+00  0.0000000E+00  0.0000000E+00  0.0000000E+00  0.4986320E+03  0.0000000E+00  0.0000000E+00  0.0000000E+00  0.0000000E+00  0.0000000E+00  0.0000000E+00  0.0000000E+00  0.0000000E+00  0.0000000E+00  0.0000000E+00  0.0000000E+00  0.0000000E+00  0.5325911E+03
MOTOR_GASOLINE      0.0000000E+00  0.0000000E+00  0.0000000E+00  0.0000000E+00  0.0000000E+00  0.0000000E+00  0.0000000E+00  0.6762483E+05  0.2481086E+04  0.1047681E+05  0.7786212E+04  0.4422190E+05  0.0000000E+00  0.0000000E+00  0.0000000E+00  0.0000000E+00  0.0000000E+00  0.9468000E+01  0.0000000E+00  0.1326003E+06
KEROSENE            0.0000000E+00  0.1602392E-01  0.3079331E-01  0.1613797E-01  0.5884945E-01  0.3672388E-01  0.5747145E-01  0.0000000E+00  0.0000000E+00  0.0000000E+00  0.0000000E+00  0.0000000E+00  0.0000000E+00  0.0000000E+00  0.0000000E+00  0.2400000E-01  0.1200000E-01  0.8400000E-01  0.7200000E+00  0.1056000E+01
OTHER_LF            0.0000000E+00  0.1225359E-01  0.2354783E-01  0.1234080E-01  0.4500252E-01  0.2808296E-01  0.3477228E-01  0.0000000E+00  0.0000000E+00  0.0000000E+00  0.0000000E+00  0.0000000E+00  0.0000000E+00  0.0000000E+00  0.0000000E+00  0.6503490E+03  0.4704000E+01  0.0000000E+00  0.2760000E+00  0.6554850E+03
DIESEL_OIL          0.2629640E+01  0.2144923E+01  0.4121915E+01  0.2160188E+01  0.7877438E+01  0.4915765E+01  0.2625109E+02  0.0000000E+00  0.2790428E+04  0.3874144E+04  0.2040820E+05  0.0000000E+00  0.2536254E+05  0.8223401E+00  0.2510095E+02  0.1841897E+02  0.3433460E+01  0.1730510E+02  0.4581775E+01  0.5255508E+05
CRUDE_OIL           0.0000000E+00  0.1036842E-01  0.1992509E-01  0.1044222E-01  0.3807906E-01  0.2376251E-01  0.2942270E-01  0.0000000E+00  0.0000000E+00  0.0000000E+00  0.0000000E+00  0.0000000E+00  0.0000000E+00  0.0000000E+00  0.0000000E+00  0.0000000E+00  0.0000000E+00  0.0000000E+00  0.0000000E+00  0.1320000E+00
HEAVY_FUEL_OIL      0.0000000E+00  0.4609235E+00  0.8857606E+00  0.4642042E+00  0.1692787E+01  0.1056351E+01  0.1307973E+01  0.0000000E+00  0.0000000E+00  0.0000000E+00  0.0000000E+00  0.0000000E+00  0.0000000E+00  0.0000000E+00  0.0000000E+00  0.0000000E+00  0.0000000E+00  0.0000000E+00  0.0000000E+00  0.5867999E+01
OTHER_HF            0.0000000E+00  0.3987130E+00  0.7662100E+00  0.4015508E+00  0.1464313E+01  0.9137765E+00  0.1131437E+01  0.0000000E+00  0.0000000E+00  0.0000000E+00  0.0000000E+00  0.0000000E+00  0.0000000E+00  0.1896000E+01  0.0000000E+00  0.0000000E+00  0.3600000E-01  0.0000000E+00  0.8400000E-01  0.7092000E+01
FUELWOOD            0.0000000E+00  0.0000000E+00  0.0000000E+00  0.0000000E+00  0.0000000E+00  0.0000000E+00  0.0000000E+00  0.0000000E+00  0.0000000E+00  0.0000000E+00  0.0000000E+00  0.0000000E+00  0.0000000E+00  0.0000000E+00  0.0000000E+00  0.3386691E+05  0.0000000E+00  0.0000000E+00  0.0000000E+00  0.3386691E+05
CROP_RESIDUE        0.0000000E+00  0.0000000E+00  0.0000000E+00  0.0000000E+00  0.0000000E+00  0.0000000E+00  0.0000000E+00  0.0000000E+00  0.0000000E+00  0.0000000E+00  0.0000000E+00  0.0000000E+00  0.0000000E+00  0.0000000E+00  0.0000000E+00  0.4642530E+05  0.0000000E+00  0.0000000E+00  0.0000000E+00  0.4642530E+05
ANIMAL_WASTE        0.0000000E+00  0.0000000E+00  0.0000000E+00  0.0000000E+00  0.0000000E+00  0.0000000E+00  0.0000000E+00  0.0000000E+00  0.0000000E+00  0.0000000E+00  0.0000000E+00  0.0000000E+00  0.0000000E+00  0.0000000E+00  0.0000000E+00  0.0000000E+00  0.0000000E+00  0.0000000E+00  0.0000000E+00  0.0000000E+00
OTHERS              0.0000000E+00  0.0000000E+00  0.0000000E+00  0.0000000E+00  0.0000000E+00  0.0000000E+00  0.0000000E+00  0.0000000E+00  0.0000000E+00  0.0000000E+00  0.0000000E+00  0.0000000E+00  0.0000000E+00  0.0000000E+00  0.0000000E+00  0.0000000E+00  0.0000000E+00  0.0000000E+00  0.0000000E+00  0.0000000E+00
SUB_TOTAL           0.1362171E+04  0.7877306E+03  0.8448281E+03  0.4911941E+03  0.1096725E+03  0.2941827E+03  0.7926840E+03  0.6762483E+05  0.5271514E+04  0.1435095E+05  0.2819441E+05  0.4422190E+05  0.2536254E+05  0.2718340E+01  0.4967695E+02  0.9352115E+05  0.1140855E+03  0.1262977E+04  0.1074818E+03  0.2847667E+06
  
Non-Combustion Sources [t/year]
  
Evaporative emissions from vehicles [t/year]
  
Sector
CAR_EVAP            0.2943839E+05
SUB_TOTAL           0.2943839E+05
  
Solvent Use [t/year]
  
Sector
DRY_CLEANING        0.9181572E+03
DEGREASING          0.3264090E+04
VEHICLE             0.7588082E+04
DOM                 0.4437681E+04
PAINT_PROD          0.2024252E+03
INK_PROD            0.1666592E+01
PRINTING            0.1352700E+04
OTHER_PROD          0.2951324E+05
OTHER_USAGE         0.2410168E+05
SUB_TOTAL           0.7137972E+05
  
Paint Use [t/year]
  
Sector
ARCHITECTURAL       0.1688899E+03
DOM                 0.2602938E+03
VEHICLE             0.8325723E+03
OTHER_USAGE         0.5921660E+04
SUB_TOTAL           0.7183416E+04
  
Industry [t/year]
  
Sector
OIL_REFINERY        0.0000000E+00
CHEMICAL_IND        0.1124448E+03
COKE_OVENS          0.1480500E+05
STEEL               0.1612935E+04
OTHERS              0.5946823E+04
SUB_TOTAL           0.2247720E+05
  
Others [t/year]
  
Sector
EXTRACT_PROC        0.1221857E+05
WASTE               0.0000000E+00
SUB_TOTAL           0.1221857E+05
  
Total [t/year]
  
TOTAL               0.4274640E+06
