Year       : 2007
Country    : CHN
Sub-Region : HAIN
  
Combustion Sources [t/year]
  
Fuel Type           POWER_PLANTS   ENERGY         IRON_STEEL     CHEM_PETRCHEM  NON_FERR_MET   NON_MET_MINE   OTHERS         ROAD_CARS      ROAD_BUSES     ROAD_L_TRUCKS  ROAD_H_TRUCKS  ROAD_MC        ROAD_OTHERS    DOM_NAVI       RAILWAY_ETC    RESIDENT       COMM_PUB       AGR_FORE_FISH  OTHERS         SUB_TOTAL    
HARD_COAL           0.1438053E+03  0.1305935E+02  0.0000000E+00  0.0000000E+00  0.0000000E+00  0.2264621E+02  0.3398084E+02  0.0000000E+00  0.0000000E+00  0.0000000E+00  0.0000000E+00  0.0000000E+00  0.0000000E+00  0.0000000E+00  0.0000000E+00  0.0000000E+00  0.0000000E+00  0.0000000E+00  0.0000000E+00  0.2134917E+03
BROWN_COAL          0.0000000E+00  0.0000000E+00  0.0000000E+00  0.0000000E+00  0.0000000E+00  0.0000000E+00  0.0000000E+00  0.0000000E+00  0.0000000E+00  0.0000000E+00  0.0000000E+00  0.0000000E+00  0.0000000E+00  0.0000000E+00  0.0000000E+00  0.0000000E+00  0.0000000E+00  0.0000000E+00  0.0000000E+00  0.0000000E+00
DERIVED_COAL        0.0000000E+00  0.8096478E+00  0.0000000E+00  0.0000000E+00  0.0000000E+00  0.0000000E+00  0.2126076E+02  0.0000000E+00  0.0000000E+00  0.0000000E+00  0.0000000E+00  0.0000000E+00  0.0000000E+00  0.0000000E+00  0.0000000E+00  0.0000000E+00  0.5280000E+01  0.0000000E+00  0.0000000E+00  0.2735041E+02
NATURAL_GAS         0.1191288E+03  0.0000000E+00  0.0000000E+00  0.0000000E+00  0.0000000E+00  0.0000000E+00  0.3260471E+03  0.0000000E+00  0.0000000E+00  0.0000000E+00  0.0000000E+00  0.0000000E+00  0.0000000E+00  0.0000000E+00  0.0000000E+00  0.0000000E+00  0.4866375E+01  0.0000000E+00  0.0000000E+00  0.4500423E+03
COKE_OVEN_GAS       0.0000000E+00  0.0000000E+00  0.0000000E+00  0.0000000E+00  0.0000000E+00  0.0000000E+00  0.0000000E+00  0.0000000E+00  0.0000000E+00  0.0000000E+00  0.0000000E+00  0.0000000E+00  0.0000000E+00  0.0000000E+00  0.0000000E+00  0.0000000E+00  0.0000000E+00  0.0000000E+00  0.0000000E+00  0.0000000E+00
OTHER_GAS           0.0000000E+00  0.0000000E+00  0.0000000E+00  0.0000000E+00  0.0000000E+00  0.0000000E+00  0.0000000E+00  0.0000000E+00  0.0000000E+00  0.0000000E+00  0.0000000E+00  0.0000000E+00  0.0000000E+00  0.0000000E+00  0.0000000E+00  0.0000000E+00  0.0000000E+00  0.0000000E+00  0.0000000E+00  0.0000000E+00
MOTOR_GASOLINE      0.0000000E+00  0.0000000E+00  0.0000000E+00  0.0000000E+00  0.0000000E+00  0.0000000E+00  0.0000000E+00  0.7378861E+04  0.5662371E+03  0.1165332E+04  0.5908747E+03  0.1911128E+05  0.0000000E+00  0.0000000E+00  0.0000000E+00  0.0000000E+00  0.0000000E+00  0.3840000E+01  0.0000000E+00  0.2881642E+05
KEROSENE            0.0000000E+00  0.0000000E+00  0.0000000E+00  0.0000000E+00  0.0000000E+00  0.0000000E+00  0.2400000E-01  0.0000000E+00  0.0000000E+00  0.0000000E+00  0.0000000E+00  0.0000000E+00  0.0000000E+00  0.0000000E+00  0.0000000E+00  0.0000000E+00  0.0000000E+00  0.0000000E+00  0.0000000E+00  0.2400000E-01
OTHER_LF            0.2340000E+01  0.0000000E+00  0.0000000E+00  0.0000000E+00  0.0000000E+00  0.0000000E+00  0.2536800E+02  0.0000000E+00  0.0000000E+00  0.0000000E+00  0.0000000E+00  0.0000000E+00  0.0000000E+00  0.0000000E+00  0.0000000E+00  0.4231500E+03  0.4200000E+01  0.0000000E+00  0.0000000E+00  0.4550580E+03
DIESEL_OIL          0.6430562E+00  0.0000000E+00  0.0000000E+00  0.0000000E+00  0.0000000E+00  0.0000000E+00  0.1194247E+02  0.0000000E+00  0.6286933E+03  0.4254099E+03  0.1528924E+04  0.0000000E+00  0.2178092E+04  0.9966442E+01  0.3221215E-01  0.0000000E+00  0.1894720E+01  0.2537776E+02  0.2870786E+01  0.4813847E+04
CRUDE_OIL           0.0000000E+00  0.1793075E+00  0.0000000E+00  0.0000000E+00  0.0000000E+00  0.0000000E+00  0.3624692E+01  0.0000000E+00  0.0000000E+00  0.0000000E+00  0.0000000E+00  0.0000000E+00  0.0000000E+00  0.0000000E+00  0.0000000E+00  0.0000000E+00  0.0000000E+00  0.0000000E+00  0.0000000E+00  0.3804000E+01
HEAVY_FUEL_OIL      0.1788000E+01  0.3077075E+00  0.0000000E+00  0.0000000E+00  0.0000000E+00  0.0000000E+00  0.6220292E+01  0.0000000E+00  0.0000000E+00  0.0000000E+00  0.0000000E+00  0.0000000E+00  0.0000000E+00  0.1590000E+02  0.0000000E+00  0.0000000E+00  0.0000000E+00  0.0000000E+00  0.0000000E+00  0.2421600E+02
OTHER_HF            0.0000000E+00  0.2222394E+01  0.0000000E+00  0.0000000E+00  0.0000000E+00  0.0000000E+00  0.4492560E+02  0.0000000E+00  0.0000000E+00  0.0000000E+00  0.0000000E+00  0.0000000E+00  0.0000000E+00  0.0000000E+00  0.0000000E+00  0.1200000E+00  0.0000000E+00  0.0000000E+00  0.0000000E+00  0.4726799E+02
FUELWOOD            0.0000000E+00  0.0000000E+00  0.0000000E+00  0.0000000E+00  0.0000000E+00  0.0000000E+00  0.0000000E+00  0.0000000E+00  0.0000000E+00  0.0000000E+00  0.0000000E+00  0.0000000E+00  0.0000000E+00  0.0000000E+00  0.0000000E+00  0.5383600E+04  0.0000000E+00  0.0000000E+00  0.0000000E+00  0.5383600E+04
CROP_RESIDUE        0.0000000E+00  0.0000000E+00  0.0000000E+00  0.0000000E+00  0.0000000E+00  0.0000000E+00  0.0000000E+00  0.0000000E+00  0.0000000E+00  0.0000000E+00  0.0000000E+00  0.0000000E+00  0.0000000E+00  0.0000000E+00  0.0000000E+00  0.6396018E+04  0.0000000E+00  0.0000000E+00  0.0000000E+00  0.6396018E+04
ANIMAL_WASTE        0.0000000E+00  0.0000000E+00  0.0000000E+00  0.0000000E+00  0.0000000E+00  0.0000000E+00  0.0000000E+00  0.0000000E+00  0.0000000E+00  0.0000000E+00  0.0000000E+00  0.0000000E+00  0.0000000E+00  0.0000000E+00  0.0000000E+00  0.0000000E+00  0.0000000E+00  0.0000000E+00  0.0000000E+00  0.0000000E+00
OTHERS              0.0000000E+00  0.0000000E+00  0.0000000E+00  0.0000000E+00  0.0000000E+00  0.0000000E+00  0.0000000E+00  0.0000000E+00  0.0000000E+00  0.0000000E+00  0.0000000E+00  0.0000000E+00  0.0000000E+00  0.0000000E+00  0.0000000E+00  0.0000000E+00  0.0000000E+00  0.0000000E+00  0.0000000E+00  0.0000000E+00
SUB_TOTAL           0.2677052E+03  0.1657841E+02  0.0000000E+00  0.0000000E+00  0.0000000E+00  0.2264621E+02  0.4733938E+03  0.7378861E+04  0.1194930E+04  0.1590742E+04  0.2119799E+04  0.1911128E+05  0.2178092E+04  0.2586644E+02  0.3221215E-01  0.1220289E+05  0.1624109E+02  0.2921776E+02  0.2870786E+01  0.4663114E+05
  
Non-Combustion Sources [t/year]
  
Evaporative emissions from vehicles [t/year]
  
Sector
CAR_EVAP            0.8505033E+04
SUB_TOTAL           0.8505033E+04
  
Solvent Use [t/year]
  
Sector
DRY_CLEANING        0.1718748E+03
DEGREASING          0.8421503E+03
VEHICLE             0.1420454E+04
DOM                 0.0000000E+00
PAINT_PROD          0.1083402E+03
INK_PROD            0.0000000E+00
PRINTING            0.0000000E+00
OTHER_PROD          0.1150211E+05
OTHER_USAGE         0.4707903E+04
SUB_TOTAL           0.1875283E+05
  
Paint Use [t/year]
  
Sector
ARCHITECTURAL       0.3031574E+05
DOM                 0.1393122E+03
VEHICLE             0.4456020E+03
OTHER_USAGE         0.3169339E+04
SUB_TOTAL           0.3406999E+05
  
Industry [t/year]
  
Sector
OIL_REFINERY        0.2249787E+02
CHEMICAL_IND        0.0000000E+00
COKE_OVENS          0.0000000E+00
STEEL               0.1958543E+02
OTHERS              0.3473586E+03
SUB_TOTAL           0.3894419E+03
  
Others [t/year]
  
Sector
EXTRACT_PROC        0.1736604E+04
WASTE               0.0000000E+00
SUB_TOTAL           0.1736604E+04
  
Total [t/year]
  
TOTAL               0.1100850E+06
