Year       : 2007
Country    : CHN
Sub-Region : GANS
  
Combustion Sources [t/year]
  
Fuel Type           POWER_PLANTS   ENERGY         IRON_STEEL     CHEM_PETRCHEM  NON_FERR_MET   NON_MET_MINE   OTHERS         ROAD_CARS      ROAD_BUSES     ROAD_L_TRUCKS  ROAD_H_TRUCKS  ROAD_MC        ROAD_OTHERS    DOM_NAVI       RAILWAY_ETC    RESIDENT       COMM_PUB       AGR_FORE_FISH  OTHERS         SUB_TOTAL    
HARD_COAL           0.9434199E+03  0.1169144E+03  0.2969742E+03  0.1191231E+03  0.6489983E+02  0.1702340E+03  0.9020961E+02  0.0000000E+00  0.0000000E+00  0.0000000E+00  0.0000000E+00  0.0000000E+00  0.0000000E+00  0.0000000E+00  0.5240640E+02  0.1392000E+05  0.1380000E+03  0.2268000E+03  0.9300000E+02  0.1623198E+05
BROWN_COAL          0.0000000E+00  0.0000000E+00  0.0000000E+00  0.0000000E+00  0.0000000E+00  0.0000000E+00  0.0000000E+00  0.0000000E+00  0.0000000E+00  0.0000000E+00  0.0000000E+00  0.0000000E+00  0.0000000E+00  0.0000000E+00  0.0000000E+00  0.0000000E+00  0.0000000E+00  0.0000000E+00  0.0000000E+00  0.0000000E+00
DERIVED_COAL        0.0000000E+00  0.0000000E+00  0.4743641E+03  0.2242610E+02  0.2052414E+02  0.1156315E+02  0.1589698E+01  0.0000000E+00  0.0000000E+00  0.0000000E+00  0.0000000E+00  0.0000000E+00  0.0000000E+00  0.0000000E+00  0.0000000E+00  0.0000000E+00  0.0000000E+00  0.0000000E+00  0.0000000E+00  0.5304672E+03
NATURAL_GAS         0.1206861E+02  0.5157310E+02  0.9209480E-01  0.2495770E+02  0.4052172E+01  0.1049881E+02  0.3623094E+01  0.0000000E+00  0.0000000E+00  0.0000000E+00  0.0000000E+00  0.0000000E+00  0.0000000E+00  0.0000000E+00  0.0000000E+00  0.1401516E+02  0.8759475E+01  0.0000000E+00  0.4477065E+01  0.1341173E+03
COKE_OVEN_GAS       0.1744077E+02  0.2190641E+03  0.3911860E+00  0.1060114E+03  0.1721218E+02  0.4459522E+02  0.1290914E+02  0.0000000E+00  0.0000000E+00  0.0000000E+00  0.0000000E+00  0.0000000E+00  0.0000000E+00  0.0000000E+00  0.0000000E+00  0.1423028E+03  0.0000000E+00  0.0000000E+00  0.0000000E+00  0.5599268E+03
OTHER_GAS           0.1240300E+01  0.1320089E+02  0.2357302E-01  0.6388288E+01  0.1037213E+01  0.2687326E+01  0.7779098E+00  0.0000000E+00  0.0000000E+00  0.0000000E+00  0.0000000E+00  0.0000000E+00  0.0000000E+00  0.0000000E+00  0.0000000E+00  0.0000000E+00  0.0000000E+00  0.0000000E+00  0.0000000E+00  0.2535550E+02
MOTOR_GASOLINE      0.0000000E+00  0.0000000E+00  0.0000000E+00  0.0000000E+00  0.0000000E+00  0.0000000E+00  0.0000000E+00  0.1643800E+05  0.1601574E+04  0.3358638E+04  0.2654262E+04  0.9135534E+04  0.0000000E+00  0.0000000E+00  0.0000000E+00  0.0000000E+00  0.0000000E+00  0.3900000E+01  0.0000000E+00  0.3319191E+05
KEROSENE            0.0000000E+00  0.8137500E-01  0.3487500E-01  0.2325000E-01  0.1046250E+00  0.2325000E-01  0.1286250E+00  0.0000000E+00  0.0000000E+00  0.0000000E+00  0.0000000E+00  0.0000000E+00  0.0000000E+00  0.0000000E+00  0.0000000E+00  0.1200000E-01  0.1200000E-01  0.1200000E-01  0.2400000E-01  0.4560000E+00
OTHER_LF            0.2120400E+02  0.2225244E+02  0.4849890E+01  0.6693617E+01  0.7465477E+01  0.2852876E+01  0.1162570E+02  0.0000000E+00  0.0000000E+00  0.0000000E+00  0.0000000E+00  0.0000000E+00  0.0000000E+00  0.0000000E+00  0.0000000E+00  0.3248490E+03  0.2400000E-01  0.0000000E+00  0.0000000E+00  0.4018170E+03
DIESEL_OIL          0.3444944E+00  0.4105937E+01  0.1751562E+01  0.1000893E+01  0.3514499E+01  0.1853927E+01  0.1243898E+02  0.0000000E+00  0.1926954E+04  0.1328633E+04  0.7442483E+04  0.0000000E+00  0.1515458E+05  0.1326673E-01  0.1008802E+02  0.3444945E-01  0.8612359E+00  0.2790404E+02  0.1263146E+01  0.2591782E+05
CRUDE_OIL           0.0000000E+00  0.6888000E+01  0.0000000E+00  0.0000000E+00  0.0000000E+00  0.0000000E+00  0.0000000E+00  0.0000000E+00  0.0000000E+00  0.0000000E+00  0.0000000E+00  0.0000000E+00  0.0000000E+00  0.0000000E+00  0.0000000E+00  0.0000000E+00  0.0000000E+00  0.0000000E+00  0.0000000E+00  0.6888000E+01
HEAVY_FUEL_OIL      0.5820000E+01  0.3381815E+01  0.8852918E-02  0.1248262E+01  0.6595423E+01  0.8852918E-01  0.5311749E-01  0.0000000E+00  0.0000000E+00  0.0000000E+00  0.0000000E+00  0.0000000E+00  0.0000000E+00  0.0000000E+00  0.0000000E+00  0.0000000E+00  0.0000000E+00  0.0000000E+00  0.0000000E+00  0.1719600E+02
OTHER_HF            0.0000000E+00  0.9656723E+01  0.2527938E-01  0.3564391E+01  0.1883314E+02  0.2527938E+00  0.7996763E+00  0.0000000E+00  0.0000000E+00  0.0000000E+00  0.0000000E+00  0.0000000E+00  0.0000000E+00  0.1200000E-01  0.0000000E+00  0.0000000E+00  0.1200000E-01  0.0000000E+00  0.1200000E-01  0.3316800E+02
FUELWOOD            0.0000000E+00  0.0000000E+00  0.0000000E+00  0.0000000E+00  0.0000000E+00  0.0000000E+00  0.0000000E+00  0.0000000E+00  0.0000000E+00  0.0000000E+00  0.0000000E+00  0.0000000E+00  0.0000000E+00  0.0000000E+00  0.0000000E+00  0.1174470E+05  0.0000000E+00  0.0000000E+00  0.0000000E+00  0.1174470E+05
CROP_RESIDUE        0.0000000E+00  0.0000000E+00  0.0000000E+00  0.0000000E+00  0.0000000E+00  0.0000000E+00  0.0000000E+00  0.0000000E+00  0.0000000E+00  0.0000000E+00  0.0000000E+00  0.0000000E+00  0.0000000E+00  0.0000000E+00  0.0000000E+00  0.5655439E+05  0.0000000E+00  0.0000000E+00  0.0000000E+00  0.5655439E+05
ANIMAL_WASTE        0.0000000E+00  0.0000000E+00  0.0000000E+00  0.0000000E+00  0.0000000E+00  0.0000000E+00  0.0000000E+00  0.0000000E+00  0.0000000E+00  0.0000000E+00  0.0000000E+00  0.0000000E+00  0.0000000E+00  0.0000000E+00  0.0000000E+00  0.0000000E+00  0.0000000E+00  0.0000000E+00  0.0000000E+00  0.0000000E+00
OTHERS              0.0000000E+00  0.0000000E+00  0.0000000E+00  0.0000000E+00  0.0000000E+00  0.0000000E+00  0.0000000E+00  0.0000000E+00  0.0000000E+00  0.0000000E+00  0.0000000E+00  0.0000000E+00  0.0000000E+00  0.0000000E+00  0.0000000E+00  0.0000000E+00  0.0000000E+00  0.0000000E+00  0.0000000E+00  0.0000000E+00
SUB_TOTAL           0.1001538E+04  0.4471188E+03  0.7785156E+03  0.2914370E+03  0.1442387E+03  0.2446499E+03  0.1341556E+03  0.1643800E+05  0.3528528E+04  0.4687271E+04  0.1009675E+05  0.9135534E+04  0.1515458E+05  0.2526673E-01  0.6249442E+02  0.8270030E+05  0.1476687E+03  0.2586160E+03  0.9877621E+02  0.1453502E+06
  
Non-Combustion Sources [t/year]
  
Evaporative emissions from vehicles [t/year]
  
Sector
CAR_EVAP            0.1652995E+05
SUB_TOTAL           0.1652995E+05
  
Solvent Use [t/year]
  
Sector
DRY_CLEANING        0.5323034E+03
DEGREASING          0.1860430E+04
VEHICLE             0.4399205E+04
DOM                 0.4841106E+03
PAINT_PROD          0.2879570E+03
INK_PROD            0.1818100E+00
PRINTING            0.1475673E+03
OTHER_PROD          0.3839757E+05
OTHER_USAGE         0.5414333E+03
SUB_TOTAL           0.4665075E+05
  
Paint Use [t/year]
  
Sector
ARCHITECTURAL       0.0000000E+00
DOM                 0.3702771E+03
VEHICLE             0.1184363E+04
OTHER_USAGE         0.8423771E+04
SUB_TOTAL           0.9978411E+04
  
Industry [t/year]
  
Sector
OIL_REFINERY        0.2932953E+03
CHEMICAL_IND        0.3873105E+05
COKE_OVENS          0.4512876E+04
STEEL               0.1005607E+04
OTHERS              0.1263420E+05
SUB_TOTAL           0.5717703E+05
  
Others [t/year]
  
Sector
EXTRACT_PROC        0.5109468E+04
WASTE               0.0000000E+00
SUB_TOTAL           0.5109468E+04
  
Total [t/year]
  
TOTAL               0.2807958E+06
