Year       : 2007
Country    : CHN
Sub-Region : HEIL
  
Combustion Sources [t/year]
  
Fuel Type           POWER_PLANTS   ENERGY         IRON_STEEL     CHEM_PETRCHEM  NON_FERR_MET   NON_MET_MINE   OTHERS         ROAD_CARS      ROAD_BUSES     ROAD_L_TRUCKS  ROAD_H_TRUCKS  ROAD_MC        ROAD_OTHERS    DOM_NAVI       RAILWAY_ETC    RESIDENT       COMM_PUB       AGR_FORE_FISH  OTHERS         SUB_TOTAL    
HARD_COAL           0.1975320E+04  0.6780708E+03  0.3133153E+03  0.2129321E+03  0.7813019E+01  0.2121221E+03  0.6125500E+03  0.0000000E+00  0.0000000E+00  0.0000000E+00  0.0000000E+00  0.0000000E+00  0.0000000E+00  0.0000000E+00  0.1207872E+03  0.3139410E+04  0.0000000E+00  0.2680800E+03  0.0000000E+00  0.7540401E+04
BROWN_COAL          0.0000000E+00  0.0000000E+00  0.0000000E+00  0.0000000E+00  0.0000000E+00  0.0000000E+00  0.0000000E+00  0.0000000E+00  0.0000000E+00  0.0000000E+00  0.0000000E+00  0.0000000E+00  0.0000000E+00  0.0000000E+00  0.0000000E+00  0.0000000E+00  0.0000000E+00  0.0000000E+00  0.0000000E+00  0.0000000E+00
DERIVED_COAL        0.1932000E+01  0.2035594E+02  0.1911495E+03  0.1811285E+02  0.2311859E+01  0.5255716E+01  0.4570825E+01  0.0000000E+00  0.0000000E+00  0.0000000E+00  0.0000000E+00  0.0000000E+00  0.0000000E+00  0.0000000E+00  0.0000000E+00  0.0000000E+00  0.0000000E+00  0.0000000E+00  0.0000000E+00  0.2436887E+03
NATURAL_GAS         0.9460232E+02  0.3061082E+03  0.0000000E+00  0.4513536E+02  0.0000000E+00  0.4997685E+01  0.5622397E+01  0.0000000E+00  0.0000000E+00  0.0000000E+00  0.0000000E+00  0.0000000E+00  0.0000000E+00  0.0000000E+00  0.0000000E+00  0.0000000E+00  0.0000000E+00  0.0000000E+00  0.0000000E+00  0.4564660E+03
COKE_OVEN_GAS       0.1639953E+02  0.4893828E+02  0.5503698E+01  0.2974972E+00  0.0000000E+00  0.4462458E+00  0.1041240E+01  0.0000000E+00  0.0000000E+00  0.0000000E+00  0.0000000E+00  0.0000000E+00  0.0000000E+00  0.0000000E+00  0.0000000E+00  0.0000000E+00  0.0000000E+00  0.0000000E+00  0.0000000E+00  0.7262649E+02
OTHER_GAS           0.0000000E+00  0.3159130E+02  0.4269964E+02  0.1284199E+00  0.5714688E+01  0.8796766E+01  0.5406478E+02  0.0000000E+00  0.0000000E+00  0.0000000E+00  0.0000000E+00  0.0000000E+00  0.0000000E+00  0.0000000E+00  0.0000000E+00  0.0000000E+00  0.0000000E+00  0.0000000E+00  0.0000000E+00  0.1429956E+03
MOTOR_GASOLINE      0.0000000E+00  0.0000000E+00  0.0000000E+00  0.0000000E+00  0.0000000E+00  0.0000000E+00  0.0000000E+00  0.6514047E+05  0.4787855E+04  0.7191733E+04  0.6380520E+04  0.1371667E+05  0.0000000E+00  0.0000000E+00  0.0000000E+00  0.0000000E+00  0.0000000E+00  0.0000000E+00  0.0000000E+00  0.9721725E+05
KEROSENE            0.0000000E+00  0.1033585E+01  0.2490566E-01  0.1245283E-01  0.3486792E+00  0.3735848E-01  0.3163018E+01  0.0000000E+00  0.0000000E+00  0.0000000E+00  0.0000000E+00  0.0000000E+00  0.0000000E+00  0.0000000E+00  0.0000000E+00  0.0000000E+00  0.0000000E+00  0.0000000E+00  0.0000000E+00  0.4619999E+01
OTHER_LF            0.3630000E+02  0.1364456E+02  0.3690023E+00  0.2258195E+01  0.1553693E+00  0.4097326E+00  0.1197514E+02  0.0000000E+00  0.0000000E+00  0.0000000E+00  0.0000000E+00  0.0000000E+00  0.0000000E+00  0.0000000E+00  0.0000000E+00  0.6034119E+04  0.0000000E+00  0.0000000E+00  0.0000000E+00  0.6099231E+04
DIESEL_OIL          0.5856405E+00  0.4716326E+02  0.1180818E+01  0.1944876E+01  0.4167592E+00  0.1792066E+01  0.7501666E+01  0.0000000E+00  0.5859083E+04  0.2893610E+04  0.1819677E+05  0.0000000E+00  0.8393865E+04  0.7806151E+00  0.1297772E+02  0.8529681E+02  0.9741152E+02  0.1880594E+03  0.0000000E+00  0.3578844E+05
CRUDE_OIL           0.0000000E+00  0.2778671E+03  0.0000000E+00  0.4694072E+02  0.0000000E+00  0.0000000E+00  0.4417952E-01  0.0000000E+00  0.0000000E+00  0.0000000E+00  0.0000000E+00  0.0000000E+00  0.0000000E+00  0.0000000E+00  0.0000000E+00  0.0000000E+00  0.0000000E+00  0.0000000E+00  0.0000000E+00  0.3248520E+03
HEAVY_FUEL_OIL      0.2577600E+02  0.1837919E+02  0.1019349E+01  0.4370846E+01  0.3552280E+00  0.1544468E-01  0.3783949E+01  0.0000000E+00  0.0000000E+00  0.0000000E+00  0.0000000E+00  0.0000000E+00  0.0000000E+00  0.0000000E+00  0.0000000E+00  0.0000000E+00  0.0000000E+00  0.0000000E+00  0.0000000E+00  0.5370001E+02
OTHER_HF            0.3828000E+02  0.1855653E+03  0.8850654E+00  0.4939900E+00  0.0000000E+00  0.0000000E+00  0.4116582E+00  0.0000000E+00  0.0000000E+00  0.0000000E+00  0.0000000E+00  0.0000000E+00  0.0000000E+00  0.0000000E+00  0.0000000E+00  0.0000000E+00  0.0000000E+00  0.0000000E+00  0.0000000E+00  0.2256360E+03
FUELWOOD            0.0000000E+00  0.0000000E+00  0.0000000E+00  0.0000000E+00  0.0000000E+00  0.0000000E+00  0.0000000E+00  0.0000000E+00  0.0000000E+00  0.0000000E+00  0.0000000E+00  0.0000000E+00  0.0000000E+00  0.0000000E+00  0.0000000E+00  0.1087518E+05  0.0000000E+00  0.0000000E+00  0.0000000E+00  0.1087518E+05
CROP_RESIDUE        0.0000000E+00  0.0000000E+00  0.0000000E+00  0.0000000E+00  0.0000000E+00  0.0000000E+00  0.0000000E+00  0.0000000E+00  0.0000000E+00  0.0000000E+00  0.0000000E+00  0.0000000E+00  0.0000000E+00  0.0000000E+00  0.0000000E+00  0.1961834E+06  0.0000000E+00  0.0000000E+00  0.0000000E+00  0.1961834E+06
ANIMAL_WASTE        0.0000000E+00  0.0000000E+00  0.0000000E+00  0.0000000E+00  0.0000000E+00  0.0000000E+00  0.0000000E+00  0.0000000E+00  0.0000000E+00  0.0000000E+00  0.0000000E+00  0.0000000E+00  0.0000000E+00  0.0000000E+00  0.0000000E+00  0.0000000E+00  0.0000000E+00  0.0000000E+00  0.0000000E+00  0.0000000E+00
OTHERS              0.0000000E+00  0.0000000E+00  0.0000000E+00  0.0000000E+00  0.0000000E+00  0.0000000E+00  0.0000000E+00  0.0000000E+00  0.0000000E+00  0.0000000E+00  0.0000000E+00  0.0000000E+00  0.0000000E+00  0.0000000E+00  0.0000000E+00  0.0000000E+00  0.0000000E+00  0.0000000E+00  0.0000000E+00  0.0000000E+00
SUB_TOTAL           0.2189195E+04  0.1628718E+04  0.5561473E+03  0.3326273E+03  0.1711560E+02  0.2338731E+03  0.7047289E+03  0.6514047E+05  0.1064694E+05  0.1008534E+05  0.2457729E+05  0.1371667E+05  0.8393865E+04  0.7806151E+00  0.1337649E+03  0.2163174E+06  0.9741152E+02  0.4561394E+03  0.0000000E+00  0.3552285E+06
  
Non-Combustion Sources [t/year]
  
Evaporative emissions from vehicles [t/year]
  
Sector
CAR_EVAP            0.7368611E+05
SUB_TOTAL           0.7368611E+05
  
Solvent Use [t/year]
  
Sector
DRY_CLEANING        0.7778097E+03
DEGREASING          0.4863803E+04
VEHICLE             0.6428185E+04
DOM                 0.6809822E+05
PAINT_PROD          0.9408495E+02
INK_PROD            0.2557461E+02
PRINTING            0.2075779E+05
OTHER_PROD          0.1030020E+06
OTHER_USAGE         0.3485349E+05
SUB_TOTAL           0.2389009E+06
  
Paint Use [t/year]
  
Sector
ARCHITECTURAL       0.3377799E+03
DOM                 0.1209816E+03
VEHICLE             0.3869701E+03
OTHER_USAGE         0.2752321E+04
SUB_TOTAL           0.3598052E+04
  
Industry [t/year]
  
Sector
OIL_REFINERY        0.8969513E+04
CHEMICAL_IND        0.9795881E+05
COKE_OVENS          0.8543252E+04
STEEL               0.6827647E+03
OTHERS              0.6787499E+04
SUB_TOTAL           0.1229418E+06
  
Others [t/year]
  
Sector
EXTRACT_PROC        0.4533307E+05
WASTE               0.0000000E+00
SUB_TOTAL           0.4533307E+05
  
Total [t/year]
  
TOTAL               0.8396885E+06
