Year       : 2007
Country    : CHN
Sub-Region : CHON
  
Combustion Sources [t/year]
  
Fuel Type           POWER_PLANTS   ENERGY         IRON_STEEL     CHEM_PETRCHEM  NON_FERR_MET   NON_MET_MINE   OTHERS         ROAD_CARS      ROAD_BUSES     ROAD_L_TRUCKS  ROAD_H_TRUCKS  ROAD_MC        ROAD_OTHERS    DOM_NAVI       RAILWAY_ETC    RESIDENT       COMM_PUB       AGR_FORE_FISH  OTHERS         SUB_TOTAL    
HARD_COAL           0.7040040E+03  0.6764621E+03  0.5745022E+02  0.1462895E+03  0.2270868E+02  0.3020850E+03  0.1089082E+03  0.0000000E+00  0.0000000E+00  0.0000000E+00  0.0000000E+00  0.0000000E+00  0.0000000E+00  0.0000000E+00  0.2105280E+02  0.6690720E+04  0.7140000E+01  0.1476000E+04  0.6300000E+01  0.1021912E+05
BROWN_COAL          0.0000000E+00  0.0000000E+00  0.0000000E+00  0.0000000E+00  0.0000000E+00  0.0000000E+00  0.0000000E+00  0.0000000E+00  0.0000000E+00  0.0000000E+00  0.0000000E+00  0.0000000E+00  0.0000000E+00  0.0000000E+00  0.0000000E+00  0.0000000E+00  0.0000000E+00  0.0000000E+00  0.0000000E+00  0.0000000E+00
DERIVED_COAL        0.0000000E+00  0.4606835E-01  0.2753600E+03  0.3403008E+01  0.5791896E+00  0.1783792E-01  0.1995063E+02  0.0000000E+00  0.0000000E+00  0.0000000E+00  0.0000000E+00  0.0000000E+00  0.0000000E+00  0.0000000E+00  0.1920000E+01  0.3600000E+01  0.0000000E+00  0.1500000E+03  0.0000000E+00  0.4548767E+03
NATURAL_GAS         0.5644995E+01  0.6904756E+01  0.2588732E+02  0.3726396E+03  0.2245888E+02  0.9235390E+02  0.8396487E+02  0.0000000E+00  0.0000000E+00  0.0000000E+00  0.0000000E+00  0.0000000E+00  0.0000000E+00  0.0000000E+00  0.0000000E+00  0.1557240E+03  0.4885840E+02  0.1167930E+02  0.1167930E+01  0.8272840E+03
COKE_OVEN_GAS       0.7896070E+01  0.2463103E+00  0.9234664E+00  0.1329300E+02  0.8011656E+00  0.3294498E+01  0.2960520E+01  0.0000000E+00  0.0000000E+00  0.0000000E+00  0.0000000E+00  0.0000000E+00  0.0000000E+00  0.0000000E+00  0.0000000E+00  0.0000000E+00  0.0000000E+00  0.0000000E+00  0.0000000E+00  0.2941503E+02
OTHER_GAS           0.0000000E+00  0.6742543E+00  0.2527914E+01  0.3638850E+02  0.2193126E+01  0.9018422E+01  0.8104183E+01  0.0000000E+00  0.0000000E+00  0.0000000E+00  0.0000000E+00  0.0000000E+00  0.0000000E+00  0.0000000E+00  0.0000000E+00  0.0000000E+00  0.0000000E+00  0.0000000E+00  0.0000000E+00  0.5890640E+02
MOTOR_GASOLINE      0.0000000E+00  0.0000000E+00  0.0000000E+00  0.0000000E+00  0.0000000E+00  0.0000000E+00  0.0000000E+00  0.2436564E+05  0.1676509E+04  0.4519671E+04  0.3613774E+04  0.2171346E+05  0.0000000E+00  0.0000000E+00  0.0000000E+00  0.0000000E+00  0.0000000E+00  0.5448000E+01  0.0000000E+00  0.5589450E+05
KEROSENE            0.0000000E+00  0.2270322E-01  0.1181181E-01  0.1557011E+00  0.2301001E-02  0.7762045E-01  0.8938624E+00  0.0000000E+00  0.0000000E+00  0.0000000E+00  0.0000000E+00  0.0000000E+00  0.0000000E+00  0.0000000E+00  0.0000000E+00  0.2280000E+01  0.1200000E+00  0.0000000E+00  0.0000000E+00  0.3564000E+01
OTHER_LF            0.0000000E+00  0.9996641E-02  0.7108410E-02  0.4205879E-01  0.2377884E-02  0.8081436E-02  0.7583768E+00  0.0000000E+00  0.0000000E+00  0.0000000E+00  0.0000000E+00  0.0000000E+00  0.0000000E+00  0.0000000E+00  0.0000000E+00  0.2773260E+03  0.3960000E+01  0.1320000E+01  0.0000000E+00  0.2834340E+03
DIESEL_OIL          0.2216248E+01  0.1221026E+01  0.1182635E+02  0.1165589E+01  0.3252836E+00  0.7565099E+01  0.1205901E+02  0.0000000E+00  0.1900840E+04  0.1684862E+04  0.9548828E+04  0.0000000E+00  0.2335349E+04  0.5005012E+02  0.4417704E+01  0.3226764E+01  0.3766472E+01  0.6775056E+01  0.4937753E+00  0.1557499E+05
CRUDE_OIL           0.0000000E+00  0.6896412E-02  0.4842962E-01  0.1345028E-01  0.1767745E-02  0.3192516E-01  0.5353076E-01  0.0000000E+00  0.0000000E+00  0.0000000E+00  0.0000000E+00  0.0000000E+00  0.0000000E+00  0.0000000E+00  0.0000000E+00  0.0000000E+00  0.0000000E+00  0.0000000E+00  0.0000000E+00  0.1560000E+00
HEAVY_FUEL_OIL      0.7680000E+00  0.1045072E+00  0.7338950E+00  0.2038236E+00  0.2678814E-01  0.4837890E+00  0.8111969E+00  0.0000000E+00  0.0000000E+00  0.0000000E+00  0.0000000E+00  0.0000000E+00  0.0000000E+00  0.6276000E+01  0.0000000E+00  0.0000000E+00  0.0000000E+00  0.0000000E+00  0.0000000E+00  0.9408000E+01
OTHER_HF            0.0000000E+00  0.4641815E+00  0.3259686E+01  0.9053078E+00  0.1189828E+00  0.2148809E+01  0.3603031E+01  0.0000000E+00  0.0000000E+00  0.0000000E+00  0.0000000E+00  0.0000000E+00  0.0000000E+00  0.0000000E+00  0.0000000E+00  0.0000000E+00  0.0000000E+00  0.0000000E+00  0.0000000E+00  0.1050000E+02
FUELWOOD            0.0000000E+00  0.0000000E+00  0.0000000E+00  0.0000000E+00  0.0000000E+00  0.0000000E+00  0.0000000E+00  0.0000000E+00  0.0000000E+00  0.0000000E+00  0.0000000E+00  0.0000000E+00  0.0000000E+00  0.0000000E+00  0.0000000E+00  0.1585846E+05  0.0000000E+00  0.0000000E+00  0.0000000E+00  0.1585846E+05
CROP_RESIDUE        0.0000000E+00  0.0000000E+00  0.0000000E+00  0.0000000E+00  0.0000000E+00  0.0000000E+00  0.0000000E+00  0.0000000E+00  0.0000000E+00  0.0000000E+00  0.0000000E+00  0.0000000E+00  0.0000000E+00  0.0000000E+00  0.0000000E+00  0.6019071E+05  0.0000000E+00  0.0000000E+00  0.0000000E+00  0.6019071E+05
ANIMAL_WASTE        0.0000000E+00  0.0000000E+00  0.0000000E+00  0.0000000E+00  0.0000000E+00  0.0000000E+00  0.0000000E+00  0.0000000E+00  0.0000000E+00  0.0000000E+00  0.0000000E+00  0.0000000E+00  0.0000000E+00  0.0000000E+00  0.0000000E+00  0.0000000E+00  0.0000000E+00  0.0000000E+00  0.0000000E+00  0.0000000E+00
OTHERS              0.0000000E+00  0.0000000E+00  0.0000000E+00  0.0000000E+00  0.0000000E+00  0.0000000E+00  0.0000000E+00  0.0000000E+00  0.0000000E+00  0.0000000E+00  0.0000000E+00  0.0000000E+00  0.0000000E+00  0.0000000E+00  0.0000000E+00  0.0000000E+00  0.0000000E+00  0.0000000E+00  0.0000000E+00  0.0000000E+00
SUB_TOTAL           0.7205293E+03  0.6861628E+03  0.3780362E+03  0.5744995E+03  0.4921854E+02  0.4170850E+03  0.2420674E+03  0.2436564E+05  0.3577349E+04  0.6204533E+04  0.1316260E+05  0.2171346E+05  0.2335349E+04  0.5632612E+02  0.2739050E+02  0.8318205E+05  0.6384487E+02  0.1651222E+04  0.7961705E+01  0.1594153E+06
  
Non-Combustion Sources [t/year]
  
Evaporative emissions from vehicles [t/year]
  
Sector
CAR_EVAP            0.1605374E+05
SUB_TOTAL           0.1605374E+05
  
Solvent Use [t/year]
  
Sector
DRY_CLEANING        0.5727804E+03
DEGREASING          0.2838086E+04
VEHICLE             0.4733727E+04
DOM                 0.3574350E+05
PAINT_PROD          0.1109062E+04
INK_PROD            0.1342364E+02
PRINTING            0.1089538E+05
OTHER_PROD          0.3438581E+05
OTHER_USAGE         0.2014653E+04
SUB_TOTAL           0.9230642E+05
  
Paint Use [t/year]
  
Sector
ARCHITECTURAL       0.1182230E+04
DOM                 0.1426117E+04
VEHICLE             0.4561557E+04
OTHER_USAGE         0.3244402E+05
SUB_TOTAL           0.3961392E+05
  
Industry [t/year]
  
Sector
OIL_REFINERY        0.0000000E+00
CHEMICAL_IND        0.1312886E+05
COKE_OVENS          0.3537000E+04
STEEL               0.6339889E+03
OTHERS              0.4174947E+04
SUB_TOTAL           0.2147480E+05
  
Others [t/year]
  
Sector
EXTRACT_PROC        0.6421181E+04
WASTE               0.0000000E+00
SUB_TOTAL           0.6421181E+04
  
Total [t/year]
  
TOTAL               0.3352854E+06
