Year       : 2007
Country    : CHN
Sub-Region : SHAN
  
Combustion Sources [t/year]
  
Fuel Type           POWER_PLANTS   ENERGY         IRON_STEEL     CHEM_PETRCHEM  NON_FERR_MET   NON_MET_MINE   OTHERS         ROAD_CARS      ROAD_BUSES     ROAD_L_TRUCKS  ROAD_H_TRUCKS  ROAD_MC        ROAD_OTHERS    DOM_NAVI       RAILWAY_ETC    RESIDENT       COMM_PUB       AGR_FORE_FISH  OTHERS         SUB_TOTAL    
HARD_COAL           0.1218452E+04  0.6258827E+02  0.0000000E+00  0.0000000E+00  0.0000000E+00  0.3783851E+02  0.7264885E+03  0.0000000E+00  0.0000000E+00  0.0000000E+00  0.0000000E+00  0.0000000E+00  0.0000000E+00  0.0000000E+00  0.5683200E+01  0.1450800E+04  0.2530800E+03  0.1200000E+02  0.2820000E+03  0.4048930E+04
BROWN_COAL          0.0000000E+00  0.0000000E+00  0.0000000E+00  0.0000000E+00  0.0000000E+00  0.0000000E+00  0.0000000E+00  0.0000000E+00  0.0000000E+00  0.0000000E+00  0.0000000E+00  0.0000000E+00  0.0000000E+00  0.0000000E+00  0.0000000E+00  0.0000000E+00  0.0000000E+00  0.0000000E+00  0.0000000E+00  0.0000000E+00
DERIVED_COAL        0.0000000E+00  0.1483085E+02  0.0000000E+00  0.0000000E+00  0.0000000E+00  0.1772826E+01  0.6858764E+03  0.0000000E+00  0.0000000E+00  0.0000000E+00  0.0000000E+00  0.0000000E+00  0.0000000E+00  0.0000000E+00  0.0000000E+00  0.0000000E+00  0.6000000E+02  0.0000000E+00  0.6144000E+02  0.8239201E+03
NATURAL_GAS         0.1554377E+03  0.0000000E+00  0.0000000E+00  0.0000000E+00  0.0000000E+00  0.0000000E+00  0.2069183E+03  0.0000000E+00  0.0000000E+00  0.0000000E+00  0.0000000E+00  0.0000000E+00  0.0000000E+00  0.0000000E+00  0.0000000E+00  0.8954128E+02  0.1128999E+02  0.0000000E+00  0.3114480E+02  0.4943321E+03
COKE_OVEN_GAS       0.7722530E+01  0.0000000E+00  0.0000000E+00  0.0000000E+00  0.0000000E+00  0.0000000E+00  0.7882186E+03  0.0000000E+00  0.0000000E+00  0.0000000E+00  0.0000000E+00  0.0000000E+00  0.0000000E+00  0.0000000E+00  0.0000000E+00  0.1388320E+03  0.0000000E+00  0.0000000E+00  0.1388320E+02  0.9486563E+03
OTHER_GAS           0.1553045E+03  0.0000000E+00  0.0000000E+00  0.0000000E+00  0.0000000E+00  0.0000000E+00  0.3165120E+02  0.0000000E+00  0.0000000E+00  0.0000000E+00  0.0000000E+00  0.0000000E+00  0.0000000E+00  0.0000000E+00  0.0000000E+00  0.0000000E+00  0.3452400E+04  0.0000000E+00  0.2145420E+04  0.5784776E+04
MOTOR_GASOLINE      0.0000000E+00  0.0000000E+00  0.0000000E+00  0.0000000E+00  0.0000000E+00  0.0000000E+00  0.0000000E+00  0.5113847E+05  0.4638598E+04  0.2425398E+04  0.3502711E+04  0.3421275E+05  0.0000000E+00  0.0000000E+00  0.0000000E+00  0.0000000E+00  0.0000000E+00  0.1990800E+02  0.0000000E+00  0.9593783E+05
KEROSENE            0.0000000E+00  0.0000000E+00  0.0000000E+00  0.0000000E+00  0.0000000E+00  0.0000000E+00  0.1752000E+01  0.0000000E+00  0.0000000E+00  0.0000000E+00  0.0000000E+00  0.0000000E+00  0.0000000E+00  0.0000000E+00  0.0000000E+00  0.2400000E-01  0.1200000E+00  0.0000000E+00  0.3600000E-01  0.1932000E+01
OTHER_LF            0.7320000E+00  0.0000000E+00  0.0000000E+00  0.0000000E+00  0.0000000E+00  0.0000000E+00  0.1914720E+03  0.0000000E+00  0.0000000E+00  0.0000000E+00  0.0000000E+00  0.0000000E+00  0.0000000E+00  0.0000000E+00  0.0000000E+00  0.1871625E+04  0.8184000E+01  0.0000000E+00  0.1135200E+02  0.2083365E+04
DIESEL_OIL          0.3674606E+01  0.0000000E+00  0.0000000E+00  0.0000000E+00  0.0000000E+00  0.0000000E+00  0.1140736E+03  0.0000000E+00  0.5283786E+04  0.9083628E+03  0.9298493E+04  0.0000000E+00  0.4063270E+03  0.1263296E+03  0.3090023E+00  0.4179865E+02  0.6086068E+02  0.2495287E+02  0.8325281E+02  0.1635222E+05
CRUDE_OIL           0.0000000E+00  0.0000000E+00  0.0000000E+00  0.0000000E+00  0.0000000E+00  0.0000000E+00  0.0000000E+00  0.0000000E+00  0.0000000E+00  0.0000000E+00  0.0000000E+00  0.0000000E+00  0.0000000E+00  0.0000000E+00  0.0000000E+00  0.0000000E+00  0.0000000E+00  0.0000000E+00  0.0000000E+00  0.0000000E+00
HEAVY_FUEL_OIL      0.5835600E+02  0.5257237E+01  0.0000000E+00  0.0000000E+00  0.0000000E+00  0.0000000E+00  0.1167708E+03  0.0000000E+00  0.0000000E+00  0.0000000E+00  0.0000000E+00  0.0000000E+00  0.0000000E+00  0.8265000E+03  0.0000000E+00  0.0000000E+00  0.7200000E+01  0.0000000E+00  0.1956000E+01  0.1016040E+04
OTHER_HF            0.4405200E+02  0.4222135E+02  0.0000000E+00  0.0000000E+00  0.0000000E+00  0.0000000E+00  0.8587146E+03  0.0000000E+00  0.0000000E+00  0.0000000E+00  0.0000000E+00  0.0000000E+00  0.0000000E+00  0.3534000E+02  0.0000000E+00  0.1885200E+02  0.9816000E+01  0.2400000E+01  0.3494400E+02  0.1046340E+04
FUELWOOD            0.0000000E+00  0.0000000E+00  0.0000000E+00  0.0000000E+00  0.0000000E+00  0.0000000E+00  0.0000000E+00  0.0000000E+00  0.0000000E+00  0.0000000E+00  0.0000000E+00  0.0000000E+00  0.0000000E+00  0.0000000E+00  0.0000000E+00  0.3130000E+01  0.0000000E+00  0.0000000E+00  0.0000000E+00  0.3130000E+01
CROP_RESIDUE        0.0000000E+00  0.0000000E+00  0.0000000E+00  0.0000000E+00  0.0000000E+00  0.0000000E+00  0.0000000E+00  0.0000000E+00  0.0000000E+00  0.0000000E+00  0.0000000E+00  0.0000000E+00  0.0000000E+00  0.0000000E+00  0.0000000E+00  0.8270000E+01  0.0000000E+00  0.0000000E+00  0.0000000E+00  0.8270000E+01
ANIMAL_WASTE        0.0000000E+00  0.0000000E+00  0.0000000E+00  0.0000000E+00  0.0000000E+00  0.0000000E+00  0.0000000E+00  0.0000000E+00  0.0000000E+00  0.0000000E+00  0.0000000E+00  0.0000000E+00  0.0000000E+00  0.0000000E+00  0.0000000E+00  0.0000000E+00  0.0000000E+00  0.0000000E+00  0.0000000E+00  0.0000000E+00
OTHERS              0.0000000E+00  0.0000000E+00  0.0000000E+00  0.0000000E+00  0.0000000E+00  0.0000000E+00  0.0000000E+00  0.0000000E+00  0.0000000E+00  0.0000000E+00  0.0000000E+00  0.0000000E+00  0.0000000E+00  0.0000000E+00  0.0000000E+00  0.0000000E+00  0.0000000E+00  0.0000000E+00  0.0000000E+00  0.0000000E+00
SUB_TOTAL           0.1643731E+04  0.1248977E+03  0.0000000E+00  0.0000000E+00  0.0000000E+00  0.3961134E+02  0.3721936E+04  0.5113847E+05  0.9922384E+04  0.3333761E+04  0.1280120E+05  0.3421275E+05  0.4063270E+03  0.9881696E+03  0.5992202E+01  0.3622873E+04  0.3862951E+04  0.5926087E+02  0.2665429E+04  0.1285497E+06
  
Non-Combustion Sources [t/year]
  
Evaporative emissions from vehicles [t/year]
  
Sector
CAR_EVAP            0.5547283E+05
SUB_TOTAL           0.5547283E+05
  
Solvent Use [t/year]
  
Sector
DRY_CLEANING        0.3779211E+03
DEGREASING          0.8391248E+04
VEHICLE             0.3123319E+04
DOM                 0.6809821E+05
PAINT_PROD          0.9234580E+04
INK_PROD            0.2557461E+02
PRINTING            0.2075779E+05
OTHER_PROD          0.2198243E+06
OTHER_USAGE         0.1119843E+05
SUB_TOTAL           0.3410313E+06
  
Paint Use [t/year]
  
Sector
ARCHITECTURAL       0.2323926E+06
DOM                 0.1187453E+05
VEHICLE             0.3798171E+05
OTHER_USAGE         0.2701445E+06
SUB_TOTAL           0.5523933E+06
  
Industry [t/year]
  
Sector
OIL_REFINERY        0.1451326E+03
CHEMICAL_IND        0.2094151E+06
COKE_OVENS          0.9537748E+04
STEEL               0.3396385E+04
OTHERS              0.3705383E+04
SUB_TOTAL           0.2261998E+06
  
Others [t/year]
  
Sector
EXTRACT_PROC        0.9472794E+04
WASTE               0.0000000E+00
SUB_TOTAL           0.9472794E+04
  
Total [t/year]
  
TOTAL               0.1313120E+07
