Year       : 2007
Country    : CHN
Sub-Region : GUIZ
  
Combustion Sources [t/year]
  
Fuel Type           POWER_PLANTS   ENERGY         IRON_STEEL     CHEM_PETRCHEM  NON_FERR_MET   NON_MET_MINE   OTHERS         ROAD_CARS      ROAD_BUSES     ROAD_L_TRUCKS  ROAD_H_TRUCKS  ROAD_MC        ROAD_OTHERS    DOM_NAVI       RAILWAY_ETC    RESIDENT       COMM_PUB       AGR_FORE_FISH  OTHERS         SUB_TOTAL    
HARD_COAL           0.1825380E+04  0.1292678E+03  0.0000000E+00  0.0000000E+00  0.0000000E+00  0.3015897E+03  0.1609344E+04  0.0000000E+00  0.0000000E+00  0.0000000E+00  0.0000000E+00  0.0000000E+00  0.0000000E+00  0.0000000E+00  0.8496000E+01  0.3827559E+05  0.9420000E+03  0.1440000E+04  0.1308000E+04  0.4583967E+05
BROWN_COAL          0.0000000E+00  0.0000000E+00  0.0000000E+00  0.0000000E+00  0.0000000E+00  0.0000000E+00  0.0000000E+00  0.0000000E+00  0.0000000E+00  0.0000000E+00  0.0000000E+00  0.0000000E+00  0.0000000E+00  0.0000000E+00  0.0000000E+00  0.0000000E+00  0.0000000E+00  0.0000000E+00  0.0000000E+00  0.0000000E+00
DERIVED_COAL        0.0000000E+00  0.1391167E+02  0.0000000E+00  0.0000000E+00  0.0000000E+00  0.1370856E+01  0.3754279E+03  0.0000000E+00  0.0000000E+00  0.0000000E+00  0.0000000E+00  0.0000000E+00  0.0000000E+00  0.0000000E+00  0.1632000E+00  0.1002000E+02  0.3180000E+02  0.1818000E+03  0.3780000E+02  0.6522936E+03
NATURAL_GAS         0.0000000E+00  0.0000000E+00  0.0000000E+00  0.0000000E+00  0.0000000E+00  0.0000000E+00  0.9810610E+02  0.0000000E+00  0.0000000E+00  0.0000000E+00  0.0000000E+00  0.0000000E+00  0.0000000E+00  0.0000000E+00  0.0000000E+00  0.1946550E+01  0.0000000E+00  0.0000000E+00  0.0000000E+00  0.1000527E+03
COKE_OVEN_GAS       0.2767963E+02  0.0000000E+00  0.0000000E+00  0.0000000E+00  0.0000000E+00  0.0000000E+00  0.2020006E+03  0.0000000E+00  0.0000000E+00  0.0000000E+00  0.0000000E+00  0.0000000E+00  0.0000000E+00  0.0000000E+00  0.0000000E+00  0.3262552E+03  0.1041240E+03  0.0000000E+00  0.0000000E+00  0.6600594E+03
OTHER_GAS           0.0000000E+00  0.0000000E+00  0.0000000E+00  0.0000000E+00  0.0000000E+00  0.0000000E+00  0.0000000E+00  0.0000000E+00  0.0000000E+00  0.0000000E+00  0.0000000E+00  0.0000000E+00  0.0000000E+00  0.0000000E+00  0.0000000E+00  0.0000000E+00  0.0000000E+00  0.0000000E+00  0.0000000E+00  0.0000000E+00
MOTOR_GASOLINE      0.0000000E+00  0.0000000E+00  0.0000000E+00  0.0000000E+00  0.0000000E+00  0.0000000E+00  0.0000000E+00  0.2832605E+05  0.1809008E+04  0.4420347E+04  0.2876639E+04  0.1425745E+05  0.0000000E+00  0.0000000E+00  0.0000000E+00  0.0000000E+00  0.0000000E+00  0.2784000E+01  0.0000000E+00  0.5169228E+05
KEROSENE            0.0000000E+00  0.0000000E+00  0.0000000E+00  0.0000000E+00  0.0000000E+00  0.0000000E+00  0.1344000E+01  0.0000000E+00  0.0000000E+00  0.0000000E+00  0.0000000E+00  0.0000000E+00  0.0000000E+00  0.0000000E+00  0.0000000E+00  0.5760000E+00  0.3960000E+00  0.4800000E-01  0.3120000E+00  0.2676000E+01
OTHER_LF            0.0000000E+00  0.0000000E+00  0.0000000E+00  0.0000000E+00  0.0000000E+00  0.0000000E+00  0.4800000E-01  0.0000000E+00  0.0000000E+00  0.0000000E+00  0.0000000E+00  0.0000000E+00  0.0000000E+00  0.0000000E+00  0.0000000E+00  0.4830420E+03  0.5760000E+01  0.0000000E+00  0.8400000E-01  0.4889340E+03
DIESEL_OIL          0.0000000E+00  0.0000000E+00  0.0000000E+00  0.0000000E+00  0.0000000E+00  0.0000000E+00  0.2474618E+02  0.0000000E+00  0.2041517E+04  0.1640161E+04  0.7565672E+04  0.0000000E+00  0.5387153E+04  0.8421008E+00  0.1939150E+02  0.0000000E+00  0.6889888E+01  0.7027686E+01  0.3485135E+02  0.1672825E+05
CRUDE_OIL           0.0000000E+00  0.0000000E+00  0.0000000E+00  0.0000000E+00  0.0000000E+00  0.0000000E+00  0.0000000E+00  0.0000000E+00  0.0000000E+00  0.0000000E+00  0.0000000E+00  0.0000000E+00  0.0000000E+00  0.0000000E+00  0.0000000E+00  0.0000000E+00  0.0000000E+00  0.0000000E+00  0.0000000E+00  0.0000000E+00
HEAVY_FUEL_OIL      0.0000000E+00  0.8755566E+00  0.0000000E+00  0.0000000E+00  0.0000000E+00  0.0000000E+00  0.1746044E+02  0.0000000E+00  0.0000000E+00  0.0000000E+00  0.0000000E+00  0.0000000E+00  0.0000000E+00  0.2288400E+02  0.0000000E+00  0.0000000E+00  0.0000000E+00  0.0000000E+00  0.0000000E+00  0.4122000E+02
OTHER_HF            0.0000000E+00  0.2388299E+01  0.0000000E+00  0.0000000E+00  0.0000000E+00  0.0000000E+00  0.4762770E+02  0.0000000E+00  0.0000000E+00  0.0000000E+00  0.0000000E+00  0.0000000E+00  0.0000000E+00  0.0000000E+00  0.0000000E+00  0.0000000E+00  0.0000000E+00  0.0000000E+00  0.0000000E+00  0.5001600E+02
FUELWOOD            0.0000000E+00  0.0000000E+00  0.0000000E+00  0.0000000E+00  0.0000000E+00  0.0000000E+00  0.0000000E+00  0.0000000E+00  0.0000000E+00  0.0000000E+00  0.0000000E+00  0.0000000E+00  0.0000000E+00  0.0000000E+00  0.0000000E+00  0.5149163E+05  0.0000000E+00  0.0000000E+00  0.0000000E+00  0.5149163E+05
CROP_RESIDUE        0.0000000E+00  0.0000000E+00  0.0000000E+00  0.0000000E+00  0.0000000E+00  0.0000000E+00  0.0000000E+00  0.0000000E+00  0.0000000E+00  0.0000000E+00  0.0000000E+00  0.0000000E+00  0.0000000E+00  0.0000000E+00  0.0000000E+00  0.3035090E+05  0.0000000E+00  0.0000000E+00  0.0000000E+00  0.3035090E+05
ANIMAL_WASTE        0.0000000E+00  0.0000000E+00  0.0000000E+00  0.0000000E+00  0.0000000E+00  0.0000000E+00  0.0000000E+00  0.0000000E+00  0.0000000E+00  0.0000000E+00  0.0000000E+00  0.0000000E+00  0.0000000E+00  0.0000000E+00  0.0000000E+00  0.0000000E+00  0.0000000E+00  0.0000000E+00  0.0000000E+00  0.0000000E+00
OTHERS              0.0000000E+00  0.0000000E+00  0.0000000E+00  0.0000000E+00  0.0000000E+00  0.0000000E+00  0.0000000E+00  0.0000000E+00  0.0000000E+00  0.0000000E+00  0.0000000E+00  0.0000000E+00  0.0000000E+00  0.0000000E+00  0.0000000E+00  0.0000000E+00  0.0000000E+00  0.0000000E+00  0.0000000E+00  0.0000000E+00
SUB_TOTAL           0.1853060E+04  0.1464433E+03  0.0000000E+00  0.0000000E+00  0.0000000E+00  0.3029606E+03  0.2376105E+04  0.2832605E+05  0.3850525E+04  0.6060508E+04  0.1044231E+05  0.1425745E+05  0.5387153E+04  0.2372610E+02  0.2805070E+02  0.1209400E+06  0.1090970E+04  0.1631660E+04  0.1381047E+04  0.1980980E+06
  
Non-Combustion Sources [t/year]
  
Evaporative emissions from vehicles [t/year]
  
Sector
CAR_EVAP            0.1633005E+05
SUB_TOTAL           0.1633005E+05
  
Solvent Use [t/year]
  
Sector
DRY_CLEANING        0.7651988E+03
DEGREASING          0.1887624E+04
VEHICLE             0.6323963E+04
DOM                 0.0000000E+00
PAINT_PROD          0.9408496E+02
INK_PROD            0.0000000E+00
PRINTING            0.0000000E+00
OTHER_PROD          0.1759697E+05
OTHER_USAGE         0.6650211E+04
SUB_TOTAL           0.3331805E+05
  
Paint Use [t/year]
  
Sector
ARCHITECTURAL       0.8444495E+02
DOM                 0.1209816E+03
VEHICLE             0.3869701E+03
OTHER_USAGE         0.2752321E+04
SUB_TOTAL           0.3344718E+04
  
Industry [t/year]
  
Sector
OIL_REFINERY        0.0000000E+00
CHEMICAL_IND        0.3839336E+04
COKE_OVENS          0.1031300E+05
STEEL               0.5839966E+03
OTHERS              0.2614519E+04
SUB_TOTAL           0.1735085E+05
  
Others [t/year]
  
Sector
EXTRACT_PROC        0.5322568E+04
WASTE               0.0000000E+00
SUB_TOTAL           0.5322568E+04
  
Total [t/year]
  
TOTAL               0.2737642E+06
