Year       : 2007
Country    : CHN
Sub-Region : SICH
  
Combustion Sources [t/year]
  
Fuel Type           POWER_PLANTS   ENERGY         IRON_STEEL     CHEM_PETRCHEM  NON_FERR_MET   NON_MET_MINE   OTHERS         ROAD_CARS      ROAD_BUSES     ROAD_L_TRUCKS  ROAD_H_TRUCKS  ROAD_MC        ROAD_OTHERS    DOM_NAVI       RAILWAY_ETC    RESIDENT       COMM_PUB       AGR_FORE_FISH  OTHERS         SUB_TOTAL    
HARD_COAL           0.1363956E+04  0.8279290E+02  0.0000000E+00  0.0000000E+00  0.0000000E+00  0.3090803E+03  0.2123729E+04  0.0000000E+00  0.0000000E+00  0.0000000E+00  0.0000000E+00  0.0000000E+00  0.0000000E+00  0.0000000E+00  0.1217280E+02  0.2268015E+05  0.2950800E+03  0.1825200E+03  0.8448000E+02  0.2713396E+05
BROWN_COAL          0.0000000E+00  0.0000000E+00  0.0000000E+00  0.0000000E+00  0.0000000E+00  0.0000000E+00  0.0000000E+00  0.0000000E+00  0.0000000E+00  0.0000000E+00  0.0000000E+00  0.0000000E+00  0.0000000E+00  0.0000000E+00  0.0000000E+00  0.0000000E+00  0.0000000E+00  0.0000000E+00  0.0000000E+00  0.0000000E+00
DERIVED_COAL        0.0000000E+00  0.3776661E+02  0.0000000E+00  0.0000000E+00  0.0000000E+00  0.0000000E+00  0.1050903E+04  0.0000000E+00  0.0000000E+00  0.0000000E+00  0.0000000E+00  0.0000000E+00  0.0000000E+00  0.0000000E+00  0.1536000E+00  0.2040000E+01  0.4734000E+02  0.0000000E+00  0.1080000E+01  0.1139283E+04
NATURAL_GAS         0.3854169E+02  0.0000000E+00  0.0000000E+00  0.0000000E+00  0.0000000E+00  0.9799500E+02  0.6276788E+03  0.0000000E+00  0.0000000E+00  0.0000000E+00  0.0000000E+00  0.0000000E+00  0.0000000E+00  0.0000000E+00  0.0000000E+00  0.5423090E+03  0.8019785E+02  0.3893100E+00  0.2725170E+01  0.1389837E+04
COKE_OVEN_GAS       0.6941600E+01  0.0000000E+00  0.0000000E+00  0.0000000E+00  0.0000000E+00  0.0000000E+00  0.0000000E+00  0.0000000E+00  0.0000000E+00  0.0000000E+00  0.0000000E+00  0.0000000E+00  0.0000000E+00  0.0000000E+00  0.0000000E+00  0.0000000E+00  0.0000000E+00  0.0000000E+00  0.0000000E+00  0.6941600E+01
OTHER_GAS           0.3890460E+02  0.0000000E+00  0.0000000E+00  0.0000000E+00  0.0000000E+00  0.0000000E+00  0.0000000E+00  0.0000000E+00  0.0000000E+00  0.0000000E+00  0.0000000E+00  0.0000000E+00  0.0000000E+00  0.0000000E+00  0.0000000E+00  0.0000000E+00  0.0000000E+00  0.0000000E+00  0.0000000E+00  0.3890460E+02
MOTOR_GASOLINE      0.0000000E+00  0.0000000E+00  0.0000000E+00  0.0000000E+00  0.0000000E+00  0.0000000E+00  0.0000000E+00  0.1058410E+06  0.4195986E+04  0.1207891E+05  0.8485439E+04  0.7196756E+05  0.0000000E+00  0.0000000E+00  0.0000000E+00  0.0000000E+00  0.0000000E+00  0.5940000E+01  0.0000000E+00  0.2025748E+06
KEROSENE            0.0000000E+00  0.0000000E+00  0.0000000E+00  0.0000000E+00  0.0000000E+00  0.0000000E+00  0.5964000E+01  0.0000000E+00  0.0000000E+00  0.0000000E+00  0.0000000E+00  0.0000000E+00  0.0000000E+00  0.0000000E+00  0.0000000E+00  0.9360000E+00  0.3360000E+01  0.1560000E+00  0.2520000E+00  0.1066800E+02
OTHER_LF            0.0000000E+00  0.0000000E+00  0.0000000E+00  0.0000000E+00  0.0000000E+00  0.0000000E+00  0.9168000E+01  0.0000000E+00  0.0000000E+00  0.0000000E+00  0.0000000E+00  0.0000000E+00  0.0000000E+00  0.0000000E+00  0.0000000E+00  0.0000000E+00  0.0000000E+00  0.0000000E+00  0.0000000E+00  0.9168000E+01
DIESEL_OIL          0.0000000E+00  0.0000000E+00  0.0000000E+00  0.0000000E+00  0.0000000E+00  0.0000000E+00  0.5588847E+02  0.0000000E+00  0.4953277E+04  0.4688179E+04  0.2334441E+05  0.0000000E+00  0.6688594E+04  0.2055010E+01  0.1494367E+02  0.3203797E+01  0.5403968E+02  0.1173692E+03  0.1917685E+02  0.3994114E+05
CRUDE_OIL           0.0000000E+00  0.1481111E+00  0.0000000E+00  0.0000000E+00  0.0000000E+00  0.0000000E+00  0.2971889E+01  0.0000000E+00  0.0000000E+00  0.0000000E+00  0.0000000E+00  0.0000000E+00  0.0000000E+00  0.0000000E+00  0.0000000E+00  0.0000000E+00  0.0000000E+00  0.0000000E+00  0.0000000E+00  0.3120000E+01
HEAVY_FUEL_OIL      0.2568000E+01  0.1145013E+00  0.0000000E+00  0.0000000E+00  0.0000000E+00  0.0000000E+00  0.4661498E+01  0.0000000E+00  0.0000000E+00  0.0000000E+00  0.0000000E+00  0.0000000E+00  0.0000000E+00  0.0000000E+00  0.0000000E+00  0.0000000E+00  0.1152000E+01  0.8400000E-01  0.0000000E+00  0.8579999E+01
OTHER_HF            0.0000000E+00  0.5398079E+01  0.0000000E+00  0.0000000E+00  0.0000000E+00  0.0000000E+00  0.1083139E+03  0.0000000E+00  0.0000000E+00  0.0000000E+00  0.0000000E+00  0.0000000E+00  0.0000000E+00  0.0000000E+00  0.0000000E+00  0.0000000E+00  0.0000000E+00  0.0000000E+00  0.0000000E+00  0.1137120E+03
FUELWOOD            0.0000000E+00  0.0000000E+00  0.0000000E+00  0.0000000E+00  0.0000000E+00  0.0000000E+00  0.0000000E+00  0.0000000E+00  0.0000000E+00  0.0000000E+00  0.0000000E+00  0.0000000E+00  0.0000000E+00  0.0000000E+00  0.0000000E+00  0.4239178E+05  0.0000000E+00  0.0000000E+00  0.0000000E+00  0.4239178E+05
CROP_RESIDUE        0.0000000E+00  0.0000000E+00  0.0000000E+00  0.0000000E+00  0.0000000E+00  0.0000000E+00  0.0000000E+00  0.0000000E+00  0.0000000E+00  0.0000000E+00  0.0000000E+00  0.0000000E+00  0.0000000E+00  0.0000000E+00  0.0000000E+00  0.3255601E+06  0.0000000E+00  0.0000000E+00  0.0000000E+00  0.3255601E+06
ANIMAL_WASTE        0.0000000E+00  0.0000000E+00  0.0000000E+00  0.0000000E+00  0.0000000E+00  0.0000000E+00  0.0000000E+00  0.0000000E+00  0.0000000E+00  0.0000000E+00  0.0000000E+00  0.0000000E+00  0.0000000E+00  0.0000000E+00  0.0000000E+00  0.0000000E+00  0.0000000E+00  0.0000000E+00  0.0000000E+00  0.0000000E+00
OTHERS              0.0000000E+00  0.0000000E+00  0.0000000E+00  0.0000000E+00  0.0000000E+00  0.0000000E+00  0.0000000E+00  0.0000000E+00  0.0000000E+00  0.0000000E+00  0.0000000E+00  0.0000000E+00  0.0000000E+00  0.0000000E+00  0.0000000E+00  0.0000000E+00  0.0000000E+00  0.0000000E+00  0.0000000E+00  0.0000000E+00
SUB_TOTAL           0.1450912E+04  0.1262202E+03  0.0000000E+00  0.0000000E+00  0.0000000E+00  0.4070753E+03  0.3989279E+04  0.1058410E+06  0.9149263E+04  0.1676709E+05  0.3182985E+05  0.7196756E+05  0.6688594E+04  0.2055010E+01  0.2727007E+02  0.3911805E+06  0.4811695E+03  0.3064585E+03  0.1077140E+03  0.6403220E+06
  
Non-Combustion Sources [t/year]
  
Evaporative emissions from vehicles [t/year]
  
Sector
CAR_EVAP            0.6376425E+05
SUB_TOTAL           0.6376425E+05
  
Solvent Use [t/year]
  
Sector
DRY_CLEANING        0.1653049E+04
DEGREASING          0.7232231E+04
VEHICLE             0.1366158E+05
DOM                 0.3219335E+05
PAINT_PROD          0.5987225E+03
INK_PROD            0.1209037E+02
PRINTING            0.9813222E+04
OTHER_PROD          0.8991055E+05
OTHER_USAGE         0.7119537E+04
SUB_TOTAL           0.1621943E+06
  
Paint Use [t/year]
  
Sector
ARCHITECTURAL       0.2026679E+04
DOM                 0.7698832E+03
VEHICLE             0.2462538E+04
OTHER_USAGE         0.1751477E+05
SUB_TOTAL           0.2277387E+05
  
Industry [t/year]
  
Sector
OIL_REFINERY        0.7210653E+02
CHEMICAL_IND        0.4778902E+04
COKE_OVENS          0.1298150E+05
STEEL               0.2511139E+04
OTHERS              0.2452488E+05
SUB_TOTAL           0.4486853E+05
  
Others [t/year]
  
Sector
EXTRACT_PROC        0.1440836E+05
WASTE               0.0000000E+00
SUB_TOTAL           0.1440836E+05
  
Total [t/year]
  
TOTAL               0.9483314E+06
