Year       : 2007
Country    : CHN
Sub-Region : SHAA
  
Combustion Sources [t/year]
  
Fuel Type           POWER_PLANTS   ENERGY         IRON_STEEL     CHEM_PETRCHEM  NON_FERR_MET   NON_MET_MINE   OTHERS         ROAD_CARS      ROAD_BUSES     ROAD_L_TRUCKS  ROAD_H_TRUCKS  ROAD_MC        ROAD_OTHERS    DOM_NAVI       RAILWAY_ETC    RESIDENT       COMM_PUB       AGR_FORE_FISH  OTHERS         SUB_TOTAL    
HARD_COAL           0.1407932E+04  0.8512606E+03  0.1777960E+02  0.2429532E+03  0.7795582E+02  0.1913593E+03  0.1359042E+03  0.0000000E+00  0.0000000E+00  0.0000000E+00  0.0000000E+00  0.0000000E+00  0.0000000E+00  0.0000000E+00  0.2476800E+02  0.1122900E+04  0.1188000E+04  0.1297200E+03  0.0000000E+00  0.5390533E+04
BROWN_COAL          0.0000000E+00  0.0000000E+00  0.0000000E+00  0.0000000E+00  0.0000000E+00  0.0000000E+00  0.0000000E+00  0.0000000E+00  0.0000000E+00  0.0000000E+00  0.0000000E+00  0.0000000E+00  0.0000000E+00  0.0000000E+00  0.0000000E+00  0.0000000E+00  0.0000000E+00  0.0000000E+00  0.0000000E+00  0.0000000E+00
DERIVED_COAL        0.1412000E+01  0.2819984E-01  0.2281837E+03  0.1348140E+03  0.1418451E+02  0.4981970E+00  0.4803373E+01  0.0000000E+00  0.0000000E+00  0.0000000E+00  0.0000000E+00  0.0000000E+00  0.0000000E+00  0.0000000E+00  0.0000000E+00  0.0000000E+00  0.0000000E+00  0.0000000E+00  0.0000000E+00  0.3839240E+03
NATURAL_GAS         0.4146151E+02  0.0000000E+00  0.0000000E+00  0.0000000E+00  0.0000000E+00  0.0000000E+00  0.4072183E+03  0.0000000E+00  0.0000000E+00  0.0000000E+00  0.0000000E+00  0.0000000E+00  0.0000000E+00  0.0000000E+00  0.0000000E+00  0.2489638E+03  0.1070603E+03  0.0000000E+00  0.0000000E+00  0.8047039E+03
COKE_OVEN_GAS       0.5379740E+01  0.0000000E+00  0.0000000E+00  0.0000000E+00  0.0000000E+00  0.0000000E+00  0.0000000E+00  0.0000000E+00  0.0000000E+00  0.0000000E+00  0.0000000E+00  0.0000000E+00  0.0000000E+00  0.0000000E+00  0.0000000E+00  0.0000000E+00  0.0000000E+00  0.0000000E+00  0.0000000E+00  0.5379740E+01
OTHER_GAS           0.2323600E+02  0.0000000E+00  0.0000000E+00  0.0000000E+00  0.0000000E+00  0.0000000E+00  0.1469520E+02  0.0000000E+00  0.0000000E+00  0.0000000E+00  0.0000000E+00  0.0000000E+00  0.0000000E+00  0.0000000E+00  0.0000000E+00  0.0000000E+00  0.3288000E+02  0.1644000E+02  0.0000000E+00  0.8725120E+02
MOTOR_GASOLINE      0.0000000E+00  0.0000000E+00  0.0000000E+00  0.0000000E+00  0.0000000E+00  0.0000000E+00  0.0000000E+00  0.4390116E+05  0.2569290E+04  0.3443722E+04  0.3642514E+04  0.4741046E+05  0.0000000E+00  0.0000000E+00  0.0000000E+00  0.0000000E+00  0.0000000E+00  0.6504000E+01  0.0000000E+00  0.1009737E+06
KEROSENE            0.0000000E+00  0.8914198E+00  0.3777202E-01  0.2618860E+00  0.8561658E-01  0.5791710E-01  0.6093886E+00  0.0000000E+00  0.0000000E+00  0.0000000E+00  0.0000000E+00  0.0000000E+00  0.0000000E+00  0.0000000E+00  0.0000000E+00  0.0000000E+00  0.0000000E+00  0.0000000E+00  0.0000000E+00  0.1944000E+01
OTHER_LF            0.2760000E+00  0.1826861E+01  0.7740932E-01  0.5367045E+00  0.1754612E+00  0.1186943E+00  0.1248871E+01  0.0000000E+00  0.0000000E+00  0.0000000E+00  0.0000000E+00  0.0000000E+00  0.0000000E+00  0.0000000E+00  0.0000000E+00  0.3059700E+04  0.3600000E+00  0.0000000E+00  0.0000000E+00  0.3064320E+04
DIESEL_OIL          0.1389460E+01  0.4179316E+02  0.8183278E+00  0.1145659E+01  0.2373151E+01  0.2162723E+01  0.5436616E+01  0.0000000E+00  0.2995900E+04  0.1320262E+04  0.9898402E+04  0.0000000E+00  0.1647315E+05  0.7680584E-01  0.3064553E+02  0.5741573E+01  0.2066966E+02  0.3215281E+02  0.1802854E+01  0.3083392E+05
CRUDE_OIL           0.0000000E+00  0.1873371E+01  0.4052852E-01  0.9631482E-01  0.1130030E+00  0.9917568E-01  0.2856068E+00  0.0000000E+00  0.0000000E+00  0.0000000E+00  0.0000000E+00  0.0000000E+00  0.0000000E+00  0.0000000E+00  0.0000000E+00  0.0000000E+00  0.0000000E+00  0.0000000E+00  0.0000000E+00  0.2508000E+01
HEAVY_FUEL_OIL      0.1200000E-01  0.8425687E+00  0.1822814E-01  0.4331863E-01  0.5082433E-01  0.4460533E-01  0.1284548E+00  0.0000000E+00  0.0000000E+00  0.0000000E+00  0.0000000E+00  0.0000000E+00  0.0000000E+00  0.2160000E+00  0.0000000E+00  0.0000000E+00  0.0000000E+00  0.0000000E+00  0.0000000E+00  0.1356000E+01
OTHER_HF            0.0000000E+00  0.6086215E+01  0.1316693E+00  0.3129079E+00  0.3671246E+00  0.3222023E+00  0.9278806E+00  0.0000000E+00  0.0000000E+00  0.0000000E+00  0.0000000E+00  0.0000000E+00  0.0000000E+00  0.0000000E+00  0.0000000E+00  0.0000000E+00  0.0000000E+00  0.0000000E+00  0.0000000E+00  0.8148000E+01
FUELWOOD            0.0000000E+00  0.0000000E+00  0.0000000E+00  0.0000000E+00  0.0000000E+00  0.0000000E+00  0.0000000E+00  0.0000000E+00  0.0000000E+00  0.0000000E+00  0.0000000E+00  0.0000000E+00  0.0000000E+00  0.0000000E+00  0.0000000E+00  0.2273444E+05  0.0000000E+00  0.0000000E+00  0.0000000E+00  0.2273444E+05
CROP_RESIDUE        0.0000000E+00  0.0000000E+00  0.0000000E+00  0.0000000E+00  0.0000000E+00  0.0000000E+00  0.0000000E+00  0.0000000E+00  0.0000000E+00  0.0000000E+00  0.0000000E+00  0.0000000E+00  0.0000000E+00  0.0000000E+00  0.0000000E+00  0.9409192E+05  0.0000000E+00  0.0000000E+00  0.0000000E+00  0.9409192E+05
ANIMAL_WASTE        0.0000000E+00  0.0000000E+00  0.0000000E+00  0.0000000E+00  0.0000000E+00  0.0000000E+00  0.0000000E+00  0.0000000E+00  0.0000000E+00  0.0000000E+00  0.0000000E+00  0.0000000E+00  0.0000000E+00  0.0000000E+00  0.0000000E+00  0.0000000E+00  0.0000000E+00  0.0000000E+00  0.0000000E+00  0.0000000E+00
OTHERS              0.0000000E+00  0.0000000E+00  0.0000000E+00  0.0000000E+00  0.0000000E+00  0.0000000E+00  0.0000000E+00  0.0000000E+00  0.0000000E+00  0.0000000E+00  0.0000000E+00  0.0000000E+00  0.0000000E+00  0.0000000E+00  0.0000000E+00  0.0000000E+00  0.0000000E+00  0.0000000E+00  0.0000000E+00  0.0000000E+00
SUB_TOTAL           0.1481099E+04  0.9046024E+03  0.2470872E+03  0.3801640E+03  0.9530551E+02  0.1946628E+03  0.5712579E+03  0.4390116E+05  0.5565190E+04  0.4763984E+04  0.1354092E+05  0.4741046E+05  0.1647315E+05  0.2928058E+00  0.5541353E+02  0.1212637E+06  0.1348970E+04  0.1848168E+03  0.1802854E+01  0.2583840E+06
  
Non-Combustion Sources [t/year]
  
Evaporative emissions from vehicles [t/year]
  
Sector
CAR_EVAP            0.5513572E+05
SUB_TOTAL           0.5513572E+05
  
Solvent Use [t/year]
  
Sector
DRY_CLEANING        0.7623510E+03
DEGREASING          0.3762848E+04
VEHICLE             0.6300428E+04
DOM                 0.0000000E+00
PAINT_PROD          0.1012126E+04
INK_PROD            0.0000000E+00
PRINTING            0.0000000E+00
OTHER_PROD          0.3022272E+05
OTHER_USAGE         0.2548233E+04
SUB_TOTAL           0.4460870E+05
  
Paint Use [t/year]
  
Sector
ARCHITECTURAL       0.1688899E+03
DOM                 0.1301470E+04
VEHICLE             0.4162862E+04
OTHER_USAGE         0.2960830E+05
SUB_TOTAL           0.3524152E+05
  
Industry [t/year]
  
Sector
OIL_REFINERY        0.4782106E+04
CHEMICAL_IND        0.0000000E+00
COKE_OVENS          0.1600000E+05
STEEL               0.7410497E+03
OTHERS              0.1867765E+05
SUB_TOTAL           0.4020080E+05
  
Others [t/year]
  
Sector
EXTRACT_PROC        0.2919160E+05
WASTE               0.0000000E+00
SUB_TOTAL           0.2919160E+05
  
Total [t/year]
  
TOTAL               0.4627624E+06
