Year       : 2007
Country    : CHN
Sub-Region : HEBE
  
Combustion Sources [t/year]
  
Fuel Type           POWER_PLANTS   ENERGY         IRON_STEEL     CHEM_PETRCHEM  NON_FERR_MET   NON_MET_MINE   OTHERS         ROAD_CARS      ROAD_BUSES     ROAD_L_TRUCKS  ROAD_H_TRUCKS  ROAD_MC        ROAD_OTHERS    DOM_NAVI       RAILWAY_ETC    RESIDENT       COMM_PUB       AGR_FORE_FISH  OTHERS         SUB_TOTAL    
HARD_COAL           0.3583328E+04  0.5133803E+03  0.0000000E+00  0.0000000E+00  0.0000000E+00  0.1217957E+04  0.4776830E+04  0.0000000E+00  0.0000000E+00  0.0000000E+00  0.0000000E+00  0.0000000E+00  0.0000000E+00  0.0000000E+00  0.4216320E+02  0.3468297E+05  0.2738400E+03  0.1299600E+03  0.1258020E+04  0.4647845E+05
BROWN_COAL          0.0000000E+00  0.0000000E+00  0.0000000E+00  0.0000000E+00  0.0000000E+00  0.0000000E+00  0.0000000E+00  0.0000000E+00  0.0000000E+00  0.0000000E+00  0.0000000E+00  0.0000000E+00  0.0000000E+00  0.0000000E+00  0.0000000E+00  0.0000000E+00  0.0000000E+00  0.0000000E+00  0.0000000E+00  0.0000000E+00
DERIVED_COAL        0.8000000E-02  0.1857150E+03  0.0000000E+00  0.0000000E+00  0.0000000E+00  0.3762351E+02  0.4842889E+04  0.0000000E+00  0.0000000E+00  0.0000000E+00  0.0000000E+00  0.0000000E+00  0.0000000E+00  0.0000000E+00  0.3936000E+00  0.0000000E+00  0.1344000E+02  0.2580000E+01  0.1812000E+02  0.5100769E+04
NATURAL_GAS         0.0000000E+00  0.0000000E+00  0.0000000E+00  0.0000000E+00  0.0000000E+00  0.0000000E+00  0.2092542E+03  0.0000000E+00  0.0000000E+00  0.0000000E+00  0.0000000E+00  0.0000000E+00  0.0000000E+00  0.0000000E+00  0.0000000E+00  0.6812925E+01  0.3893100E+01  0.0000000E+00  0.7786200E+01  0.2277464E+03
COKE_OVEN_GAS       0.4850443E+02  0.0000000E+00  0.0000000E+00  0.0000000E+00  0.0000000E+00  0.0000000E+00  0.7177614E+03  0.0000000E+00  0.0000000E+00  0.0000000E+00  0.0000000E+00  0.0000000E+00  0.0000000E+00  0.0000000E+00  0.0000000E+00  0.4935478E+04  0.1041240E+02  0.0000000E+00  0.3852588E+03  0.6097415E+04
OTHER_GAS           0.2318890E+03  0.0000000E+00  0.0000000E+00  0.0000000E+00  0.0000000E+00  0.0000000E+00  0.1497089E+04  0.0000000E+00  0.0000000E+00  0.0000000E+00  0.0000000E+00  0.0000000E+00  0.0000000E+00  0.0000000E+00  0.0000000E+00  0.0000000E+00  0.0000000E+00  0.0000000E+00  0.0000000E+00  0.1728978E+04
MOTOR_GASOLINE      0.0000000E+00  0.0000000E+00  0.0000000E+00  0.0000000E+00  0.0000000E+00  0.0000000E+00  0.0000000E+00  0.1477331E+06  0.3786248E+04  0.1838494E+05  0.1195471E+05  0.1870135E+06  0.0000000E+00  0.0000000E+00  0.0000000E+00  0.0000000E+00  0.0000000E+00  0.9936000E+01  0.0000000E+00  0.3688824E+06
KEROSENE            0.0000000E+00  0.0000000E+00  0.0000000E+00  0.0000000E+00  0.0000000E+00  0.0000000E+00  0.1740000E+01  0.0000000E+00  0.0000000E+00  0.0000000E+00  0.0000000E+00  0.0000000E+00  0.0000000E+00  0.0000000E+00  0.0000000E+00  0.1716000E+01  0.4800000E-01  0.1200000E+00  0.5400000E+00  0.4164000E+01
OTHER_LF            0.4740000E+01  0.0000000E+00  0.0000000E+00  0.0000000E+00  0.0000000E+00  0.0000000E+00  0.3859200E+02  0.0000000E+00  0.0000000E+00  0.0000000E+00  0.0000000E+00  0.0000000E+00  0.0000000E+00  0.0000000E+00  0.0000000E+00  0.2284359E+04  0.1044000E+01  0.1920000E+00  0.2100000E+01  0.2331027E+04
DIESEL_OIL          0.2928203E+01  0.0000000E+00  0.0000000E+00  0.0000000E+00  0.0000000E+00  0.0000000E+00  0.1652655E+03  0.0000000E+00  0.4457902E+04  0.7117076E+04  0.3280276E+05  0.0000000E+00  0.1011897E+06  0.1065739E+03  0.5041878E+02  0.2089933E+02  0.9818090E+01  0.2750214E+02  0.7751124E+01  0.1459586E+06
CRUDE_OIL           0.0000000E+00  0.2059523E+01  0.0000000E+00  0.0000000E+00  0.0000000E+00  0.0000000E+00  0.4117648E+02  0.0000000E+00  0.0000000E+00  0.0000000E+00  0.0000000E+00  0.0000000E+00  0.0000000E+00  0.0000000E+00  0.0000000E+00  0.0000000E+00  0.0000000E+00  0.0000000E+00  0.0000000E+00  0.4323600E+02
HEAVY_FUEL_OIL      0.2400000E+00  0.2553397E+01  0.0000000E+00  0.0000000E+00  0.0000000E+00  0.0000000E+00  0.5142260E+02  0.0000000E+00  0.0000000E+00  0.0000000E+00  0.0000000E+00  0.0000000E+00  0.0000000E+00  0.5040000E+00  0.0000000E+00  0.0000000E+00  0.1524000E+01  0.5160000E+00  0.4080000E+00  0.5716800E+02
OTHER_HF            0.0000000E+00  0.2773469E+01  0.0000000E+00  0.0000000E+00  0.0000000E+00  0.0000000E+00  0.1731945E+03  0.0000000E+00  0.0000000E+00  0.0000000E+00  0.0000000E+00  0.0000000E+00  0.0000000E+00  0.0000000E+00  0.0000000E+00  0.0000000E+00  0.0000000E+00  0.0000000E+00  0.0000000E+00  0.1759680E+03
FUELWOOD            0.0000000E+00  0.0000000E+00  0.0000000E+00  0.0000000E+00  0.0000000E+00  0.0000000E+00  0.0000000E+00  0.0000000E+00  0.0000000E+00  0.0000000E+00  0.0000000E+00  0.0000000E+00  0.0000000E+00  0.0000000E+00  0.0000000E+00  0.2793212E+05  0.0000000E+00  0.0000000E+00  0.0000000E+00  0.2793212E+05
CROP_RESIDUE        0.0000000E+00  0.0000000E+00  0.0000000E+00  0.0000000E+00  0.0000000E+00  0.0000000E+00  0.0000000E+00  0.0000000E+00  0.0000000E+00  0.0000000E+00  0.0000000E+00  0.0000000E+00  0.0000000E+00  0.0000000E+00  0.0000000E+00  0.1514684E+06  0.0000000E+00  0.0000000E+00  0.0000000E+00  0.1514684E+06
ANIMAL_WASTE        0.0000000E+00  0.0000000E+00  0.0000000E+00  0.0000000E+00  0.0000000E+00  0.0000000E+00  0.0000000E+00  0.0000000E+00  0.0000000E+00  0.0000000E+00  0.0000000E+00  0.0000000E+00  0.0000000E+00  0.0000000E+00  0.0000000E+00  0.0000000E+00  0.0000000E+00  0.0000000E+00  0.0000000E+00  0.0000000E+00
OTHERS              0.0000000E+00  0.0000000E+00  0.0000000E+00  0.0000000E+00  0.0000000E+00  0.0000000E+00  0.0000000E+00  0.0000000E+00  0.0000000E+00  0.0000000E+00  0.0000000E+00  0.0000000E+00  0.0000000E+00  0.0000000E+00  0.0000000E+00  0.0000000E+00  0.0000000E+00  0.0000000E+00  0.0000000E+00  0.0000000E+00
SUB_TOTAL           0.3871638E+04  0.7064817E+03  0.0000000E+00  0.0000000E+00  0.0000000E+00  0.1255581E+04  0.1251521E+05  0.1477331E+06  0.8244150E+04  0.2550202E+05  0.4475747E+05  0.1870135E+06  0.1011897E+06  0.1070779E+03  0.9297558E+02  0.2213328E+06  0.3140196E+03  0.1708061E+03  0.1679984E+04  0.7564865E+06
  
Non-Combustion Sources [t/year]
  
Evaporative emissions from vehicles [t/year]
  
Sector
CAR_EVAP            0.4718136E+05
SUB_TOTAL           0.4718136E+05
  
Solvent Use [t/year]
  
Sector
DRY_CLEANING        0.1412221E+04
DEGREASING          0.9438118E+04
VEHICLE             0.1167126E+05
DOM                 0.8350907E+05
PAINT_PROD          0.2967953E+04
INK_PROD            0.3136223E+02
PRINTING            0.2545535E+05
OTHER_PROD          0.9783020E+05
OTHER_USAGE         0.6867184E+04
SUB_TOTAL           0.2391827E+06
  
Paint Use [t/year]
  
Sector
ARCHITECTURAL       0.9272057E+05
DOM                 0.3816421E+04
VEHICLE             0.1220715E+05
OTHER_USAGE         0.8682322E+05
SUB_TOTAL           0.1955674E+06
  
Industry [t/year]
  
Sector
OIL_REFINERY        0.1392947E+04
CHEMICAL_IND        0.1463656E+05
COKE_OVENS          0.4818538E+05
STEEL               0.1760947E+05
OTHERS              0.5901354E+05
SUB_TOTAL           0.1408379E+06
  
Others [t/year]
  
Sector
EXTRACT_PROC        0.1733293E+05
WASTE               0.0000000E+00
SUB_TOTAL           0.1733293E+05
  
Total [t/year]
  
TOTAL               0.1396589E+07
