Year       : 2007
Country    : CHN
Sub-Region : GUAX
  
Combustion Sources [t/year]
  
Fuel Type           POWER_PLANTS   ENERGY         IRON_STEEL     CHEM_PETRCHEM  NON_FERR_MET   NON_MET_MINE   OTHERS         ROAD_CARS      ROAD_BUSES     ROAD_L_TRUCKS  ROAD_H_TRUCKS  ROAD_MC        ROAD_OTHERS    DOM_NAVI       RAILWAY_ETC    RESIDENT       COMM_PUB       AGR_FORE_FISH  OTHERS         SUB_TOTAL    
HARD_COAL           0.7712400E+03  0.8872925E+02  0.0000000E+00  0.0000000E+00  0.0000000E+00  0.6239776E+03  0.1289584E+04  0.0000000E+00  0.0000000E+00  0.0000000E+00  0.0000000E+00  0.0000000E+00  0.0000000E+00  0.0000000E+00  0.1861440E+02  0.6486000E+03  0.2473800E+03  0.1941000E+03  0.1373400E+03  0.4019565E+04
BROWN_COAL          0.0000000E+00  0.0000000E+00  0.0000000E+00  0.0000000E+00  0.0000000E+00  0.0000000E+00  0.0000000E+00  0.0000000E+00  0.0000000E+00  0.0000000E+00  0.0000000E+00  0.0000000E+00  0.0000000E+00  0.0000000E+00  0.0000000E+00  0.0000000E+00  0.0000000E+00  0.0000000E+00  0.0000000E+00  0.0000000E+00
DERIVED_COAL        0.6760000E+00  0.1764302E+02  0.0000000E+00  0.0000000E+00  0.0000000E+00  0.1492841E+01  0.4836354E+03  0.0000000E+00  0.0000000E+00  0.0000000E+00  0.0000000E+00  0.0000000E+00  0.0000000E+00  0.0000000E+00  0.0000000E+00  0.0000000E+00  0.0000000E+00  0.0000000E+00  0.0000000E+00  0.5034473E+03
NATURAL_GAS         0.0000000E+00  0.0000000E+00  0.0000000E+00  0.0000000E+00  0.0000000E+00  0.0000000E+00  0.1148465E+02  0.0000000E+00  0.0000000E+00  0.0000000E+00  0.0000000E+00  0.0000000E+00  0.0000000E+00  0.0000000E+00  0.0000000E+00  0.1459912E+02  0.0000000E+00  0.0000000E+00  0.0000000E+00  0.2608377E+02
COKE_OVEN_GAS       0.8329920E+01  0.0000000E+00  0.0000000E+00  0.0000000E+00  0.0000000E+00  0.0000000E+00  0.3279906E+03  0.0000000E+00  0.0000000E+00  0.0000000E+00  0.0000000E+00  0.0000000E+00  0.0000000E+00  0.0000000E+00  0.0000000E+00  0.0000000E+00  0.0000000E+00  0.0000000E+00  0.0000000E+00  0.3363205E+03
OTHER_GAS           0.4830890E+02  0.0000000E+00  0.0000000E+00  0.0000000E+00  0.0000000E+00  0.0000000E+00  0.4731980E+03  0.0000000E+00  0.0000000E+00  0.0000000E+00  0.0000000E+00  0.0000000E+00  0.0000000E+00  0.0000000E+00  0.0000000E+00  0.0000000E+00  0.0000000E+00  0.0000000E+00  0.0000000E+00  0.5215069E+03
MOTOR_GASOLINE      0.0000000E+00  0.0000000E+00  0.0000000E+00  0.0000000E+00  0.0000000E+00  0.0000000E+00  0.0000000E+00  0.2998472E+05  0.1701753E+04  0.3864988E+04  0.3191360E+04  0.1182299E+06  0.0000000E+00  0.0000000E+00  0.0000000E+00  0.0000000E+00  0.0000000E+00  0.8748000E+01  0.0000000E+00  0.1569815E+06
KEROSENE            0.0000000E+00  0.0000000E+00  0.0000000E+00  0.0000000E+00  0.0000000E+00  0.0000000E+00  0.3240000E+00  0.0000000E+00  0.0000000E+00  0.0000000E+00  0.0000000E+00  0.0000000E+00  0.0000000E+00  0.0000000E+00  0.0000000E+00  0.0000000E+00  0.0000000E+00  0.0000000E+00  0.0000000E+00  0.3240000E+00
OTHER_LF            0.9720000E+00  0.0000000E+00  0.0000000E+00  0.0000000E+00  0.0000000E+00  0.0000000E+00  0.7800000E+01  0.0000000E+00  0.0000000E+00  0.0000000E+00  0.0000000E+00  0.0000000E+00  0.0000000E+00  0.0000000E+00  0.0000000E+00  0.4559604E+04  0.1627200E+02  0.5868000E+01  0.1068000E+01  0.4591584E+04
DIESEL_OIL          0.2480359E+01  0.0000000E+00  0.0000000E+00  0.0000000E+00  0.0000000E+00  0.0000000E+00  0.4050105E+02  0.0000000E+00  0.1901531E+04  0.1419949E+04  0.8310604E+04  0.0000000E+00  0.2160663E+05  0.2357101E+02  0.3235326E+02  0.0000000E+00  0.1745438E+02  0.1575487E+02  0.2784662E+02  0.3339868E+05
CRUDE_OIL           0.0000000E+00  0.0000000E+00  0.0000000E+00  0.0000000E+00  0.0000000E+00  0.0000000E+00  0.0000000E+00  0.0000000E+00  0.0000000E+00  0.0000000E+00  0.0000000E+00  0.0000000E+00  0.0000000E+00  0.0000000E+00  0.0000000E+00  0.0000000E+00  0.0000000E+00  0.0000000E+00  0.0000000E+00  0.0000000E+00
HEAVY_FUEL_OIL      0.4920000E+00  0.1172159E+01  0.0000000E+00  0.0000000E+00  0.0000000E+00  0.0000000E+00  0.2335584E+02  0.0000000E+00  0.0000000E+00  0.0000000E+00  0.0000000E+00  0.0000000E+00  0.0000000E+00  0.0000000E+00  0.0000000E+00  0.0000000E+00  0.0000000E+00  0.0000000E+00  0.0000000E+00  0.2502000E+02
OTHER_HF            0.0000000E+00  0.5734631E+00  0.0000000E+00  0.0000000E+00  0.0000000E+00  0.0000000E+00  0.1142654E+02  0.0000000E+00  0.0000000E+00  0.0000000E+00  0.0000000E+00  0.0000000E+00  0.0000000E+00  0.0000000E+00  0.0000000E+00  0.0000000E+00  0.0000000E+00  0.0000000E+00  0.0000000E+00  0.1200000E+02
FUELWOOD            0.0000000E+00  0.0000000E+00  0.0000000E+00  0.0000000E+00  0.0000000E+00  0.0000000E+00  0.0000000E+00  0.0000000E+00  0.0000000E+00  0.0000000E+00  0.0000000E+00  0.0000000E+00  0.0000000E+00  0.0000000E+00  0.0000000E+00  0.5366573E+05  0.0000000E+00  0.0000000E+00  0.0000000E+00  0.5366573E+05
CROP_RESIDUE        0.0000000E+00  0.0000000E+00  0.0000000E+00  0.0000000E+00  0.0000000E+00  0.0000000E+00  0.0000000E+00  0.0000000E+00  0.0000000E+00  0.0000000E+00  0.0000000E+00  0.0000000E+00  0.0000000E+00  0.0000000E+00  0.0000000E+00  0.1909816E+06  0.0000000E+00  0.0000000E+00  0.0000000E+00  0.1909816E+06
ANIMAL_WASTE        0.0000000E+00  0.0000000E+00  0.0000000E+00  0.0000000E+00  0.0000000E+00  0.0000000E+00  0.0000000E+00  0.0000000E+00  0.0000000E+00  0.0000000E+00  0.0000000E+00  0.0000000E+00  0.0000000E+00  0.0000000E+00  0.0000000E+00  0.0000000E+00  0.0000000E+00  0.0000000E+00  0.0000000E+00  0.0000000E+00
OTHERS              0.0000000E+00  0.0000000E+00  0.0000000E+00  0.0000000E+00  0.0000000E+00  0.0000000E+00  0.0000000E+00  0.0000000E+00  0.0000000E+00  0.0000000E+00  0.0000000E+00  0.0000000E+00  0.0000000E+00  0.0000000E+00  0.0000000E+00  0.0000000E+00  0.0000000E+00  0.0000000E+00  0.0000000E+00  0.0000000E+00
SUB_TOTAL           0.8324992E+03  0.1081179E+03  0.0000000E+00  0.0000000E+00  0.0000000E+00  0.6254704E+03  0.2669300E+04  0.2998472E+05  0.3603284E+04  0.5284937E+04  0.1150196E+05  0.1182299E+06  0.2160663E+05  0.2357101E+02  0.5096766E+02  0.2498701E+06  0.2811064E+03  0.2244709E+03  0.1662546E+03  0.4450633E+06
  
Non-Combustion Sources [t/year]
  
Evaporative emissions from vehicles [t/year]
  
Sector
CAR_EVAP            0.3731436E+05
SUB_TOTAL           0.3731436E+05
  
Solvent Use [t/year]
  
Sector
DRY_CLEANING        0.9698213E+03
DEGREASING          0.4100086E+04
VEHICLE             0.8015060E+04
DOM                 0.8939908E+05
PAINT_PROD          0.3905951E+03
INK_PROD            0.3357425E+02
PRINTING            0.2725075E+05
OTHER_PROD          0.3289090E+05
OTHER_USAGE         0.4077558E+05
SUB_TOTAL           0.2038254E+06
  
Paint Use [t/year]
  
Sector
ARCHITECTURAL       0.6164482E+04
DOM                 0.5022571E+03
VEHICLE             0.1606513E+04
OTHER_USAGE         0.1142630E+05
SUB_TOTAL           0.1969955E+05
  
Industry [t/year]
  
Sector
OIL_REFINERY        0.6078224E+01
CHEMICAL_IND        0.2286377E+04
COKE_OVENS          0.3204000E+04
STEEL               0.1340017E+04
OTHERS              0.7949445E+04
SUB_TOTAL           0.1478592E+05
  
Others [t/year]
  
Sector
EXTRACT_PROC        0.1223778E+05
WASTE               0.0000000E+00
SUB_TOTAL           0.1223778E+05
  
Total [t/year]
  
TOTAL               0.7329264E+06
