Year       : 2007
Country    : CHN
Sub-Region : NINX
  
Combustion Sources [t/year]
  
Fuel Type           POWER_PLANTS   ENERGY         IRON_STEEL     CHEM_PETRCHEM  NON_FERR_MET   NON_MET_MINE   OTHERS         ROAD_CARS      ROAD_BUSES     ROAD_L_TRUCKS  ROAD_H_TRUCKS  ROAD_MC        ROAD_OTHERS    DOM_NAVI       RAILWAY_ETC    RESIDENT       COMM_PUB       AGR_FORE_FISH  OTHERS         SUB_TOTAL    
HARD_COAL           0.9550881E+03  0.4562192E+03  0.4332925E+02  0.1698293E+03  0.1981821E+02  0.8036838E+02  0.6680686E+02  0.0000000E+00  0.0000000E+00  0.0000000E+00  0.0000000E+00  0.0000000E+00  0.0000000E+00  0.0000000E+00  0.1281600E+02  0.3730500E+04  0.2400000E+02  0.2700000E+02  0.2400000E+02  0.5609775E+04
BROWN_COAL          0.0000000E+00  0.0000000E+00  0.0000000E+00  0.0000000E+00  0.0000000E+00  0.0000000E+00  0.0000000E+00  0.0000000E+00  0.0000000E+00  0.0000000E+00  0.0000000E+00  0.0000000E+00  0.0000000E+00  0.0000000E+00  0.0000000E+00  0.0000000E+00  0.0000000E+00  0.0000000E+00  0.0000000E+00  0.0000000E+00
DERIVED_COAL        0.0000000E+00  0.3798482E+01  0.4552789E+02  0.1884876E+02  0.6142326E+00  0.2449764E+01  0.1560665E+00  0.0000000E+00  0.0000000E+00  0.0000000E+00  0.0000000E+00  0.0000000E+00  0.0000000E+00  0.0000000E+00  0.0000000E+00  0.0000000E+00  0.0000000E+00  0.0000000E+00  0.0000000E+00  0.7139520E+02
NATURAL_GAS         0.5450340E+01  0.0000000E+00  0.2174333E-02  0.1548850E+02  0.1171000E+01  0.1072671E+00  0.3606978E+00  0.0000000E+00  0.0000000E+00  0.0000000E+00  0.0000000E+00  0.0000000E+00  0.0000000E+00  0.0000000E+00  0.0000000E+00  0.2919825E+02  0.0000000E+00  0.0000000E+00  0.0000000E+00  0.5177823E+02
COKE_OVEN_GAS       0.0000000E+00  0.0000000E+00  0.3427146E+02  0.2405306E+00  0.4115146E+02  0.0000000E+00  0.0000000E+00  0.0000000E+00  0.0000000E+00  0.0000000E+00  0.0000000E+00  0.0000000E+00  0.0000000E+00  0.0000000E+00  0.0000000E+00  0.0000000E+00  0.0000000E+00  0.0000000E+00  0.0000000E+00  0.7566345E+02
OTHER_GAS           0.0000000E+00  0.3841542E+00  0.1810457E+00  0.0000000E+00  0.0000000E+00  0.0000000E+00  0.0000000E+00  0.0000000E+00  0.0000000E+00  0.0000000E+00  0.0000000E+00  0.0000000E+00  0.0000000E+00  0.0000000E+00  0.0000000E+00  0.0000000E+00  0.0000000E+00  0.0000000E+00  0.0000000E+00  0.5651999E+00
MOTOR_GASOLINE      0.0000000E+00  0.0000000E+00  0.0000000E+00  0.0000000E+00  0.0000000E+00  0.0000000E+00  0.0000000E+00  0.9019577E+04  0.6498234E+03  0.1983062E+04  0.1272551E+04  0.8073488E+04  0.0000000E+00  0.0000000E+00  0.0000000E+00  0.0000000E+00  0.0000000E+00  0.1440000E+01  0.0000000E+00  0.2099994E+05
KEROSENE            0.0000000E+00  0.0000000E+00  0.0000000E+00  0.0000000E+00  0.0000000E+00  0.0000000E+00  0.0000000E+00  0.0000000E+00  0.0000000E+00  0.0000000E+00  0.0000000E+00  0.0000000E+00  0.0000000E+00  0.0000000E+00  0.0000000E+00  0.0000000E+00  0.0000000E+00  0.0000000E+00  0.0000000E+00  0.0000000E+00
OTHER_LF            0.0000000E+00  0.6926346E+00  0.7669272E+00  0.8012164E+00  0.5611942E+00  0.5074750E+00  0.2922553E+01  0.0000000E+00  0.0000000E+00  0.0000000E+00  0.0000000E+00  0.0000000E+00  0.0000000E+00  0.0000000E+00  0.0000000E+00  0.1835820E+03  0.0000000E+00  0.0000000E+00  0.0000000E+00  0.1898340E+03
DIESEL_OIL          0.0000000E+00  0.3549223E+01  0.2623640E+00  0.3060671E+01  0.4538388E+00  0.1257557E+01  0.2221987E+01  0.0000000E+00  0.7708065E+03  0.7733999E+03  0.3517832E+04  0.0000000E+00  0.1287635E+05  0.0000000E+00  0.1162109E+02  0.0000000E+00  0.2296630E+01  0.4937753E+01  0.2296630E+01  0.1797035E+05
CRUDE_OIL           0.0000000E+00  0.0000000E+00  0.0000000E+00  0.0000000E+00  0.0000000E+00  0.0000000E+00  0.0000000E+00  0.0000000E+00  0.0000000E+00  0.0000000E+00  0.0000000E+00  0.0000000E+00  0.0000000E+00  0.0000000E+00  0.0000000E+00  0.0000000E+00  0.0000000E+00  0.0000000E+00  0.0000000E+00  0.0000000E+00
HEAVY_FUEL_OIL      0.0000000E+00  0.1565117E+00  0.5770016E-03  0.3824078E+00  0.0000000E+00  0.2019505E-02  0.9448404E-01  0.0000000E+00  0.0000000E+00  0.0000000E+00  0.0000000E+00  0.0000000E+00  0.0000000E+00  0.0000000E+00  0.0000000E+00  0.0000000E+00  0.0000000E+00  0.0000000E+00  0.0000000E+00  0.6360000E+00
OTHER_HF            0.0000000E+00  0.1072802E+01  0.1590067E+02  0.1368574E+02  0.5494460E+01  0.1419166E+01  0.4431607E+00  0.0000000E+00  0.0000000E+00  0.0000000E+00  0.0000000E+00  0.0000000E+00  0.0000000E+00  0.0000000E+00  0.0000000E+00  0.0000000E+00  0.0000000E+00  0.0000000E+00  0.0000000E+00  0.3801600E+02
FUELWOOD            0.0000000E+00  0.0000000E+00  0.0000000E+00  0.0000000E+00  0.0000000E+00  0.0000000E+00  0.0000000E+00  0.0000000E+00  0.0000000E+00  0.0000000E+00  0.0000000E+00  0.0000000E+00  0.0000000E+00  0.0000000E+00  0.0000000E+00  0.4391390E+03  0.0000000E+00  0.0000000E+00  0.0000000E+00  0.4391390E+03
CROP_RESIDUE        0.0000000E+00  0.0000000E+00  0.0000000E+00  0.0000000E+00  0.0000000E+00  0.0000000E+00  0.0000000E+00  0.0000000E+00  0.0000000E+00  0.0000000E+00  0.0000000E+00  0.0000000E+00  0.0000000E+00  0.0000000E+00  0.0000000E+00  0.1170867E+05  0.0000000E+00  0.0000000E+00  0.0000000E+00  0.1170867E+05
ANIMAL_WASTE        0.0000000E+00  0.0000000E+00  0.0000000E+00  0.0000000E+00  0.0000000E+00  0.0000000E+00  0.0000000E+00  0.0000000E+00  0.0000000E+00  0.0000000E+00  0.0000000E+00  0.0000000E+00  0.0000000E+00  0.0000000E+00  0.0000000E+00  0.0000000E+00  0.0000000E+00  0.0000000E+00  0.0000000E+00  0.0000000E+00
OTHERS              0.0000000E+00  0.0000000E+00  0.0000000E+00  0.0000000E+00  0.0000000E+00  0.0000000E+00  0.0000000E+00  0.0000000E+00  0.0000000E+00  0.0000000E+00  0.0000000E+00  0.0000000E+00  0.0000000E+00  0.0000000E+00  0.0000000E+00  0.0000000E+00  0.0000000E+00  0.0000000E+00  0.0000000E+00  0.0000000E+00
SUB_TOTAL           0.9605384E+03  0.4658730E+03  0.1402424E+03  0.2223371E+03  0.6926440E+02  0.8611163E+02  0.7300581E+02  0.9019577E+04  0.1420630E+04  0.2756462E+04  0.4790383E+04  0.8073488E+04  0.1287635E+05  0.0000000E+00  0.2443709E+02  0.1609109E+05  0.2629663E+02  0.3337775E+02  0.2629663E+02  0.5715576E+05
  
Non-Combustion Sources [t/year]
  
Evaporative emissions from vehicles [t/year]
  
Sector
CAR_EVAP            0.3519594E+04
SUB_TOTAL           0.3519594E+04
  
Solvent Use [t/year]
  
Sector
DRY_CLEANING        0.1240753E+03
DEGREASING          0.6121576E+03
VEHICLE             0.1025417E+04
DOM                 0.0000000E+00
PAINT_PROD          0.1425530E+02
INK_PROD            0.0000000E+00
PRINTING            0.0000000E+00
OTHER_PROD          0.4944618E+04
OTHER_USAGE         0.1728686E+02
SUB_TOTAL           0.6737810E+04
  
Paint Use [t/year]
  
Sector
ARCHITECTURAL       0.0000000E+00
DOM                 0.1833056E+02
VEHICLE             0.5863185E+02
OTHER_USAGE         0.4170184E+03
SUB_TOTAL           0.4939808E+03
  
Industry [t/year]
  
Sector
OIL_REFINERY        0.0000000E+00
CHEMICAL_IND        0.2623711E+03
COKE_OVENS          0.2879500E+04
STEEL               0.5113069E+02
OTHERS              0.3022375E+04
SUB_TOTAL           0.6215377E+04
  
Others [t/year]
  
Sector
EXTRACT_PROC        0.2181102E+04
WASTE               0.0000000E+00
SUB_TOTAL           0.2181102E+04
  
Total [t/year]
  
TOTAL               0.7630362E+05
