Year       : 2007
Country    : CHN
Sub-Region : SHNX
  
Combustion Sources [t/year]
  
Fuel Type           POWER_PLANTS   ENERGY         IRON_STEEL     CHEM_PETRCHEM  NON_FERR_MET   NON_MET_MINE   OTHERS         ROAD_CARS      ROAD_BUSES     ROAD_L_TRUCKS  ROAD_H_TRUCKS  ROAD_MC        ROAD_OTHERS    DOM_NAVI       RAILWAY_ETC    RESIDENT       COMM_PUB       AGR_FORE_FISH  OTHERS         SUB_TOTAL    
HARD_COAL           0.3425144E+04  0.2157066E+04  0.2579486E+03  0.1835983E+03  0.1705827E+03  0.1149248E+03  0.9559528E+02  0.0000000E+00  0.0000000E+00  0.0000000E+00  0.0000000E+00  0.0000000E+00  0.0000000E+00  0.0000000E+00  0.5242560E+02  0.2774412E+05  0.3912000E+03  0.6021000E+03  0.2204400E+03  0.3541515E+05
BROWN_COAL          0.0000000E+00  0.0000000E+00  0.0000000E+00  0.0000000E+00  0.0000000E+00  0.0000000E+00  0.0000000E+00  0.0000000E+00  0.0000000E+00  0.0000000E+00  0.0000000E+00  0.0000000E+00  0.0000000E+00  0.0000000E+00  0.0000000E+00  0.0000000E+00  0.0000000E+00  0.0000000E+00  0.0000000E+00  0.0000000E+00
DERIVED_COAL        0.0000000E+00  0.1024887E+03  0.1968423E+04  0.2371227E+03  0.2444686E+02  0.1962801E+02  0.5559988E+02  0.0000000E+00  0.0000000E+00  0.0000000E+00  0.0000000E+00  0.0000000E+00  0.0000000E+00  0.0000000E+00  0.0000000E+00  0.1020000E+03  0.2790000E+03  0.3000000E+02  0.0000000E+00  0.2818709E+04
NATURAL_GAS         0.1051137E+02  0.0000000E+00  0.0000000E+00  0.0000000E+00  0.0000000E+00  0.0000000E+00  0.8409095E+02  0.0000000E+00  0.0000000E+00  0.0000000E+00  0.0000000E+00  0.0000000E+00  0.0000000E+00  0.0000000E+00  0.0000000E+00  0.2257999E+02  0.4282410E+01  0.0000000E+00  0.2335860E+01  0.1238006E+03
COKE_OVEN_GAS       0.2209164E+03  0.0000000E+00  0.0000000E+00  0.0000000E+00  0.0000000E+00  0.0000000E+00  0.4777904E+04  0.0000000E+00  0.0000000E+00  0.0000000E+00  0.0000000E+00  0.0000000E+00  0.0000000E+00  0.0000000E+00  0.0000000E+00  0.3762348E+04  0.1318904E+04  0.0000000E+00  0.0000000E+00  0.1008007E+05
OTHER_GAS           0.1142960E+03  0.0000000E+00  0.0000000E+00  0.0000000E+00  0.0000000E+00  0.0000000E+00  0.3514916E+03  0.0000000E+00  0.0000000E+00  0.0000000E+00  0.0000000E+00  0.0000000E+00  0.0000000E+00  0.0000000E+00  0.0000000E+00  0.0000000E+00  0.0000000E+00  0.0000000E+00  0.0000000E+00  0.4657876E+03
MOTOR_GASOLINE      0.0000000E+00  0.0000000E+00  0.0000000E+00  0.0000000E+00  0.0000000E+00  0.0000000E+00  0.0000000E+00  0.7310119E+05  0.2467435E+04  0.7222473E+04  0.6313399E+04  0.5851170E+05  0.0000000E+00  0.0000000E+00  0.0000000E+00  0.0000000E+00  0.0000000E+00  0.1413600E+02  0.0000000E+00  0.1476303E+06
KEROSENE            0.0000000E+00  0.1409781E+01  0.4731679E+00  0.3062628E+00  0.7940146E-01  0.1020876E+00  0.3292994E+00  0.0000000E+00  0.0000000E+00  0.0000000E+00  0.0000000E+00  0.0000000E+00  0.0000000E+00  0.0000000E+00  0.0000000E+00  0.4320000E+00  0.2520000E+00  0.4800000E-01  0.2880000E+00  0.3720000E+01
OTHER_LF            0.0000000E+00  0.9208029E+00  0.3090511E+00  0.2000365E+00  0.5186131E-01  0.6667884E-01  0.2635693E+00  0.0000000E+00  0.0000000E+00  0.0000000E+00  0.0000000E+00  0.0000000E+00  0.0000000E+00  0.0000000E+00  0.0000000E+00  0.3157350E+03  0.4200000E+00  0.0000000E+00  0.7200000E-01  0.3180390E+03
DIESEL_OIL          0.0000000E+00  0.4191754E+02  0.1602672E+02  0.6172451E+01  0.3081304E+01  0.3770413E+01  0.1159540E+02  0.0000000E+00  0.2904633E+04  0.2795433E+04  0.1732043E+05  0.0000000E+00  0.1626553E+05  0.0000000E+00  0.3675964E+02  0.0000000E+00  0.4478428E+01  0.4168382E+02  0.7487011E+01  0.3945900E+05
CRUDE_OIL           0.0000000E+00  0.0000000E+00  0.0000000E+00  0.0000000E+00  0.0000000E+00  0.0000000E+00  0.0000000E+00  0.0000000E+00  0.0000000E+00  0.0000000E+00  0.0000000E+00  0.0000000E+00  0.0000000E+00  0.0000000E+00  0.0000000E+00  0.0000000E+00  0.0000000E+00  0.0000000E+00  0.0000000E+00  0.0000000E+00
HEAVY_FUEL_OIL      0.0000000E+00  0.9154918E+01  0.3610086E+01  0.1183546E+01  0.7133702E+00  0.8646911E+00  0.1741390E+01  0.0000000E+00  0.0000000E+00  0.0000000E+00  0.0000000E+00  0.0000000E+00  0.0000000E+00  0.0000000E+00  0.0000000E+00  0.0000000E+00  0.0000000E+00  0.0000000E+00  0.0000000E+00  0.1726800E+02
OTHER_HF            0.0000000E+00  0.3845746E+01  0.1516505E+01  0.4971773E+00  0.2996686E+00  0.3632346E+00  0.2576695E+00  0.0000000E+00  0.0000000E+00  0.0000000E+00  0.0000000E+00  0.0000000E+00  0.0000000E+00  0.0000000E+00  0.0000000E+00  0.0000000E+00  0.0000000E+00  0.0000000E+00  0.0000000E+00  0.6780001E+01
FUELWOOD            0.0000000E+00  0.0000000E+00  0.0000000E+00  0.0000000E+00  0.0000000E+00  0.0000000E+00  0.0000000E+00  0.0000000E+00  0.0000000E+00  0.0000000E+00  0.0000000E+00  0.0000000E+00  0.0000000E+00  0.0000000E+00  0.0000000E+00  0.7221536E+04  0.0000000E+00  0.0000000E+00  0.0000000E+00  0.7221536E+04
CROP_RESIDUE        0.0000000E+00  0.0000000E+00  0.0000000E+00  0.0000000E+00  0.0000000E+00  0.0000000E+00  0.0000000E+00  0.0000000E+00  0.0000000E+00  0.0000000E+00  0.0000000E+00  0.0000000E+00  0.0000000E+00  0.0000000E+00  0.0000000E+00  0.9575750E+05  0.0000000E+00  0.0000000E+00  0.0000000E+00  0.9575750E+05
ANIMAL_WASTE        0.0000000E+00  0.0000000E+00  0.0000000E+00  0.0000000E+00  0.0000000E+00  0.0000000E+00  0.0000000E+00  0.0000000E+00  0.0000000E+00  0.0000000E+00  0.0000000E+00  0.0000000E+00  0.0000000E+00  0.0000000E+00  0.0000000E+00  0.0000000E+00  0.0000000E+00  0.0000000E+00  0.0000000E+00  0.0000000E+00
OTHERS              0.0000000E+00  0.0000000E+00  0.0000000E+00  0.0000000E+00  0.0000000E+00  0.0000000E+00  0.0000000E+00  0.0000000E+00  0.0000000E+00  0.0000000E+00  0.0000000E+00  0.0000000E+00  0.0000000E+00  0.0000000E+00  0.0000000E+00  0.0000000E+00  0.0000000E+00  0.0000000E+00  0.0000000E+00  0.0000000E+00
SUB_TOTAL           0.3770868E+04  0.2316803E+04  0.2248307E+04  0.4290805E+03  0.1992552E+03  0.1397199E+03  0.5378869E+04  0.7310119E+05  0.5372068E+04  0.1001791E+05  0.2363383E+05  0.5851170E+05  0.1626553E+05  0.0000000E+00  0.8918524E+02  0.1349263E+06  0.1998537E+04  0.6879678E+03  0.2306229E+03  0.3393177E+06
  
Non-Combustion Sources [t/year]
  
Evaporative emissions from vehicles [t/year]
  
Sector
CAR_EVAP            0.2208173E+05
SUB_TOTAL           0.2208173E+05
  
Solvent Use [t/year]
  
Sector
DRY_CLEANING        0.6901435E+03
DEGREASING          0.3947046E+04
VEHICLE             0.5703670E+04
DOM                 0.5647957E+04
PAINT_PROD          0.4846801E+03
INK_PROD            0.2121117E+01
PRINTING            0.1721618E+04
OTHER_PROD          0.3539240E+05
OTHER_USAGE         0.1176872E+04
SUB_TOTAL           0.5476651E+05
  
Paint Use [t/year]
  
Sector
ARCHITECTURAL       0.1520010E+05
DOM                 0.6232388E+03
VEHICLE             0.1993483E+04
OTHER_USAGE         0.1417863E+05
SUB_TOTAL           0.3199545E+05
  
Industry [t/year]
  
Sector
OIL_REFINERY        0.0000000E+00
CHEMICAL_IND        0.2010887E+05
COKE_OVENS          0.1237161E+06
STEEL               0.4671385E+04
OTHERS              0.1049302E+05
SUB_TOTAL           0.1589894E+06
  
Others [t/year]
  
Sector
EXTRACT_PROC        0.6737984E+04
WASTE               0.0000000E+00
SUB_TOTAL           0.6737984E+04
  
Total [t/year]
  
TOTAL               0.6138887E+06
