Year       : 2007
Country    : CHN
Sub-Region : XING
  
Combustion Sources [t/year]
  
Fuel Type           POWER_PLANTS   ENERGY         IRON_STEEL     CHEM_PETRCHEM  NON_FERR_MET   NON_MET_MINE   OTHERS         ROAD_CARS      ROAD_BUSES     ROAD_L_TRUCKS  ROAD_H_TRUCKS  ROAD_MC        ROAD_OTHERS    DOM_NAVI       RAILWAY_ETC    RESIDENT       COMM_PUB       AGR_FORE_FISH  OTHERS         SUB_TOTAL    
HARD_COAL           0.9925999E+03  0.5302027E+03  0.1911295E+03  0.1111188E+03  0.3064404E+02  0.2273167E+03  0.2297994E+03  0.0000000E+00  0.0000000E+00  0.0000000E+00  0.0000000E+00  0.0000000E+00  0.0000000E+00  0.0000000E+00  0.5280000E+02  0.7323000E+04  0.2220000E+03  0.6093000E+03  0.2400000E+03  0.1075991E+05
BROWN_COAL          0.0000000E+00  0.0000000E+00  0.0000000E+00  0.0000000E+00  0.0000000E+00  0.0000000E+00  0.0000000E+00  0.0000000E+00  0.0000000E+00  0.0000000E+00  0.0000000E+00  0.0000000E+00  0.0000000E+00  0.0000000E+00  0.0000000E+00  0.0000000E+00  0.0000000E+00  0.0000000E+00  0.0000000E+00  0.0000000E+00
DERIVED_COAL        0.0000000E+00  0.4678232E+00  0.2230737E+03  0.4367325E+02  0.3528168E+01  0.2738715E+01  0.4044723E+01  0.0000000E+00  0.0000000E+00  0.0000000E+00  0.0000000E+00  0.0000000E+00  0.0000000E+00  0.0000000E+00  0.0000000E+00  0.0000000E+00  0.0000000E+00  0.0000000E+00  0.0000000E+00  0.2775264E+03
NATURAL_GAS         0.2627842E+03  0.7758275E+03  0.6094485E+00  0.1581518E+03  0.0000000E+00  0.1218897E+01  0.1066534E+01  0.0000000E+00  0.0000000E+00  0.0000000E+00  0.0000000E+00  0.0000000E+00  0.0000000E+00  0.0000000E+00  0.0000000E+00  0.5255685E+02  0.2180136E+02  0.0000000E+00  0.1012206E+02  0.1284139E+04
COKE_OVEN_GAS       0.2568392E+02  0.9168625E+02  0.7202376E-01  0.1869016E+02  0.0000000E+00  0.1440476E+00  0.1260416E+00  0.0000000E+00  0.0000000E+00  0.0000000E+00  0.0000000E+00  0.0000000E+00  0.0000000E+00  0.0000000E+00  0.0000000E+00  0.5553280E+02  0.0000000E+00  0.0000000E+00  0.0000000E+00  0.1919352E+03
OTHER_GAS           0.5777600E+01  0.1118104E+03  0.8783218E-01  0.2279244E+02  0.0000000E+00  0.1756644E+00  0.1537063E+00  0.0000000E+00  0.0000000E+00  0.0000000E+00  0.0000000E+00  0.0000000E+00  0.0000000E+00  0.0000000E+00  0.0000000E+00  0.0000000E+00  0.0000000E+00  0.0000000E+00  0.0000000E+00  0.1407976E+03
MOTOR_GASOLINE      0.0000000E+00  0.0000000E+00  0.0000000E+00  0.0000000E+00  0.0000000E+00  0.0000000E+00  0.0000000E+00  0.3041015E+05  0.2270560E+04  0.4929443E+04  0.3206743E+04  0.1802136E+05  0.0000000E+00  0.0000000E+00  0.0000000E+00  0.0000000E+00  0.0000000E+00  0.1389600E+02  0.0000000E+00  0.5885215E+05
KEROSENE            0.0000000E+00  0.4114285E-01  0.1371428E-01  0.2742857E-01  0.0000000E+00  0.0000000E+00  0.1371428E-01  0.0000000E+00  0.0000000E+00  0.0000000E+00  0.0000000E+00  0.0000000E+00  0.0000000E+00  0.0000000E+00  0.0000000E+00  0.5040000E+00  0.5760000E+00  0.5760000E+00  0.8400000E+00  0.2592000E+01
OTHER_LF            0.2222400E+02  0.4019232E+02  0.6876079E+01  0.8758818E+01  0.1964595E+01  0.3110608E+01  0.1293358E+02  0.0000000E+00  0.0000000E+00  0.0000000E+00  0.0000000E+00  0.0000000E+00  0.0000000E+00  0.0000000E+00  0.0000000E+00  0.9459030E+03  0.4560000E+01  0.0000000E+00  0.2484000E+01  0.1049007E+04
DIESEL_OIL          0.4440532E+02  0.2631759E+02  0.8747046E+01  0.4633488E+01  0.4587612E+01  0.1127023E+02  0.2053135E+02  0.0000000E+00  0.2729464E+04  0.1948320E+04  0.8983765E+04  0.0000000E+00  0.1213339E+05  0.0000000E+00  0.1296434E+02  0.7027685E+01  0.2641123E+02  0.6901370E+02  0.3020068E+02  0.2606105E+05
CRUDE_OIL           0.1080000E+00  0.9436800E+02  0.0000000E+00  0.0000000E+00  0.0000000E+00  0.0000000E+00  0.0000000E+00  0.0000000E+00  0.0000000E+00  0.0000000E+00  0.0000000E+00  0.0000000E+00  0.0000000E+00  0.0000000E+00  0.0000000E+00  0.0000000E+00  0.0000000E+00  0.0000000E+00  0.0000000E+00  0.9447600E+02
HEAVY_FUEL_OIL      0.1560000E+00  0.2646053E+02  0.0000000E+00  0.0000000E+00  0.2387056E-01  0.0000000E+00  0.7161168E-01  0.0000000E+00  0.0000000E+00  0.0000000E+00  0.0000000E+00  0.0000000E+00  0.0000000E+00  0.0000000E+00  0.0000000E+00  0.0000000E+00  0.0000000E+00  0.0000000E+00  0.0000000E+00  0.2671201E+02
OTHER_HF            0.0000000E+00  0.2186670E+03  0.0000000E+00  0.0000000E+00  0.1972638E+00  0.0000000E+00  0.5991791E+01  0.0000000E+00  0.0000000E+00  0.0000000E+00  0.0000000E+00  0.0000000E+00  0.0000000E+00  0.1080000E+02  0.0000000E+00  0.1920000E+00  0.2400000E+00  0.0000000E+00  0.3600000E+00  0.2364481E+03
FUELWOOD            0.0000000E+00  0.0000000E+00  0.0000000E+00  0.0000000E+00  0.0000000E+00  0.0000000E+00  0.0000000E+00  0.0000000E+00  0.0000000E+00  0.0000000E+00  0.0000000E+00  0.0000000E+00  0.0000000E+00  0.0000000E+00  0.0000000E+00  0.1245114E+05  0.0000000E+00  0.0000000E+00  0.0000000E+00  0.1245114E+05
CROP_RESIDUE        0.0000000E+00  0.0000000E+00  0.0000000E+00  0.0000000E+00  0.0000000E+00  0.0000000E+00  0.0000000E+00  0.0000000E+00  0.0000000E+00  0.0000000E+00  0.0000000E+00  0.0000000E+00  0.0000000E+00  0.0000000E+00  0.0000000E+00  0.4495572E+05  0.0000000E+00  0.0000000E+00  0.0000000E+00  0.4495572E+05
ANIMAL_WASTE        0.0000000E+00  0.0000000E+00  0.0000000E+00  0.0000000E+00  0.0000000E+00  0.0000000E+00  0.0000000E+00  0.0000000E+00  0.0000000E+00  0.0000000E+00  0.0000000E+00  0.0000000E+00  0.0000000E+00  0.0000000E+00  0.0000000E+00  0.0000000E+00  0.0000000E+00  0.0000000E+00  0.0000000E+00  0.0000000E+00
OTHERS              0.0000000E+00  0.0000000E+00  0.0000000E+00  0.0000000E+00  0.0000000E+00  0.0000000E+00  0.0000000E+00  0.0000000E+00  0.0000000E+00  0.0000000E+00  0.0000000E+00  0.0000000E+00  0.0000000E+00  0.0000000E+00  0.0000000E+00  0.0000000E+00  0.0000000E+00  0.0000000E+00  0.0000000E+00  0.0000000E+00
SUB_TOTAL           0.1353739E+04  0.1916041E+04  0.4306093E+03  0.3678462E+03  0.4094555E+02  0.2459749E+03  0.2747325E+03  0.3041015E+05  0.5000024E+04  0.6877763E+04  0.1219051E+05  0.1802136E+05  0.1213339E+05  0.1080000E+02  0.6576434E+02  0.6579158E+05  0.2755886E+03  0.6927857E+03  0.2840067E+03  0.1563836E+06
  
Non-Combustion Sources [t/year]
  
Evaporative emissions from vehicles [t/year]
  
Sector
CAR_EVAP            0.2213072E+05
SUB_TOTAL           0.2213072E+05
  
Solvent Use [t/year]
  
Sector
DRY_CLEANING        0.4261275E+03
DEGREASING          0.2425471E+04
VEHICLE             0.3521717E+04
DOM                 0.0000000E+00
PAINT_PROD          0.5188928E+03
INK_PROD            0.0000000E+00
PRINTING            0.0000000E+00
OTHER_PROD          0.2717425E+05
OTHER_USAGE         0.3264773E+04
SUB_TOTAL           0.3733123E+05
  
Paint Use [t/year]
  
Sector
ARCHITECTURAL       0.1773345E+04
DOM                 0.6672321E+03
VEHICLE             0.2134200E+04
OTHER_USAGE         0.1517946E+05
SUB_TOTAL           0.1975424E+05
  
Industry [t/year]
  
Sector
OIL_REFINERY        0.5665492E+04
CHEMICAL_IND        0.1274374E+04
COKE_OVENS          0.5071000E+04
STEEL               0.7339122E+03
OTHERS              0.2025956E+05
SUB_TOTAL           0.3300434E+05
  
Others [t/year]
  
Sector
EXTRACT_PROC        0.2710309E+05
WASTE               0.0000000E+00
SUB_TOTAL           0.2710309E+05
  
Total [t/year]
  
TOTAL               0.2957072E+06
