Year       : 2007
Country    : CHN
Sub-Region : ANHU
  
Combustion Sources [t/year]
  
Fuel Type           POWER_PLANTS   ENERGY         IRON_STEEL     CHEM_PETRCHEM  NON_FERR_MET   NON_MET_MINE   OTHERS         ROAD_CARS      ROAD_BUSES     ROAD_L_TRUCKS  ROAD_H_TRUCKS  ROAD_MC        ROAD_OTHERS    DOM_NAVI       RAILWAY_ETC    RESIDENT       COMM_PUB       AGR_FORE_FISH  OTHERS         SUB_TOTAL    
HARD_COAL           0.1680204E+04  0.1237268E+04  0.4836018E+03  0.7116803E+03  0.1221896E+02  0.6526339E+03  0.2386161E+03  0.0000000E+00  0.0000000E+00  0.0000000E+00  0.0000000E+00  0.0000000E+00  0.0000000E+00  0.0000000E+00  0.1465920E+02  0.0000000E+00  0.3840000E+03  0.2220600E+03  0.1650000E+03  0.5801942E+04
BROWN_COAL          0.0000000E+00  0.0000000E+00  0.0000000E+00  0.0000000E+00  0.0000000E+00  0.0000000E+00  0.0000000E+00  0.0000000E+00  0.0000000E+00  0.0000000E+00  0.0000000E+00  0.0000000E+00  0.0000000E+00  0.0000000E+00  0.0000000E+00  0.0000000E+00  0.0000000E+00  0.0000000E+00  0.0000000E+00  0.0000000E+00
DERIVED_COAL        0.0000000E+00  0.1833626E-01  0.7744500E+03  0.1462564E+02  0.3734415E+01  0.1131285E+01  0.1056827E+02  0.0000000E+00  0.0000000E+00  0.0000000E+00  0.0000000E+00  0.0000000E+00  0.0000000E+00  0.0000000E+00  0.0000000E+00  0.0000000E+00  0.0000000E+00  0.0000000E+00  0.0000000E+00  0.8045279E+03
NATURAL_GAS         0.0000000E+00  0.0000000E+00  0.0000000E+00  0.0000000E+00  0.0000000E+00  0.0000000E+00  0.4126686E+02  0.0000000E+00  0.0000000E+00  0.0000000E+00  0.0000000E+00  0.0000000E+00  0.0000000E+00  0.0000000E+00  0.0000000E+00  0.2472119E+02  0.7786200E+01  0.0000000E+00  0.0000000E+00  0.7377425E+02
COKE_OVEN_GAS       0.1865555E+02  0.0000000E+00  0.0000000E+00  0.0000000E+00  0.0000000E+00  0.0000000E+00  0.6827064E+03  0.0000000E+00  0.0000000E+00  0.0000000E+00  0.0000000E+00  0.0000000E+00  0.0000000E+00  0.0000000E+00  0.0000000E+00  0.3401384E+03  0.0000000E+00  0.0000000E+00  0.0000000E+00  0.1041500E+04
OTHER_GAS           0.6955100E+02  0.0000000E+00  0.0000000E+00  0.0000000E+00  0.0000000E+00  0.0000000E+00  0.2009600E+01  0.0000000E+00  0.0000000E+00  0.0000000E+00  0.0000000E+00  0.0000000E+00  0.0000000E+00  0.0000000E+00  0.0000000E+00  0.0000000E+00  0.0000000E+00  0.0000000E+00  0.0000000E+00  0.7156060E+02
MOTOR_GASOLINE      0.0000000E+00  0.0000000E+00  0.0000000E+00  0.0000000E+00  0.0000000E+00  0.0000000E+00  0.0000000E+00  0.3719533E+05  0.3831011E+04  0.6992668E+04  0.6194065E+04  0.6164316E+05  0.0000000E+00  0.0000000E+00  0.0000000E+00  0.0000000E+00  0.0000000E+00  0.1347600E+02  0.0000000E+00  0.1158697E+06
KEROSENE            0.0000000E+00  0.3190390E-01  0.9709882E-02  0.5243336E-01  0.9016320E-02  0.4591387E-01  0.4630227E+00  0.0000000E+00  0.0000000E+00  0.0000000E+00  0.0000000E+00  0.0000000E+00  0.0000000E+00  0.0000000E+00  0.0000000E+00  0.0000000E+00  0.0000000E+00  0.0000000E+00  0.0000000E+00  0.6120000E+00
OTHER_LF            0.6060000E+01  0.1529236E+01  0.1199060E+01  0.3027642E+01  0.3217676E+00  0.7876017E+00  0.8578694E+01  0.0000000E+00  0.0000000E+00  0.0000000E+00  0.0000000E+00  0.0000000E+00  0.0000000E+00  0.0000000E+00  0.0000000E+00  0.2363130E+04  0.0000000E+00  0.0000000E+00  0.0000000E+00  0.2384634E+04
DIESEL_OIL          0.4593258E-01  0.4390980E+01  0.6589267E+01  0.2475232E+01  0.1682387E+01  0.1014185E+02  0.1845959E+02  0.0000000E+00  0.4374696E+04  0.2625400E+04  0.1648391E+05  0.0000000E+00  0.3052008E+03  0.1469023E+02  0.2043506E+02  0.0000000E+00  0.1722472E+01  0.6055063E+02  0.0000000E+00  0.2393039E+05
CRUDE_OIL           0.0000000E+00  0.4300816E+01  0.0000000E+00  0.6600610E-02  0.0000000E+00  0.1645369E-03  0.4189952E-03  0.0000000E+00  0.0000000E+00  0.0000000E+00  0.0000000E+00  0.0000000E+00  0.0000000E+00  0.0000000E+00  0.0000000E+00  0.0000000E+00  0.0000000E+00  0.0000000E+00  0.0000000E+00  0.4308000E+01
HEAVY_FUEL_OIL      0.0000000E+00  0.1809682E+01  0.3753016E+00  0.1376575E+01  0.6834521E+01  0.3996073E+01  0.1495849E+01  0.0000000E+00  0.0000000E+00  0.0000000E+00  0.0000000E+00  0.0000000E+00  0.0000000E+00  0.0000000E+00  0.0000000E+00  0.0000000E+00  0.0000000E+00  0.0000000E+00  0.0000000E+00  0.1588800E+02
OTHER_HF            0.0000000E+00  0.1148410E+02  0.2381634E+01  0.8735640E+01  0.4337132E+02  0.2535877E+02  0.9492539E+01  0.0000000E+00  0.0000000E+00  0.0000000E+00  0.0000000E+00  0.0000000E+00  0.0000000E+00  0.0000000E+00  0.0000000E+00  0.0000000E+00  0.0000000E+00  0.0000000E+00  0.0000000E+00  0.1008240E+03
FUELWOOD            0.0000000E+00  0.0000000E+00  0.0000000E+00  0.0000000E+00  0.0000000E+00  0.0000000E+00  0.0000000E+00  0.0000000E+00  0.0000000E+00  0.0000000E+00  0.0000000E+00  0.0000000E+00  0.0000000E+00  0.0000000E+00  0.0000000E+00  0.2572359E+05  0.0000000E+00  0.0000000E+00  0.0000000E+00  0.2572359E+05
CROP_RESIDUE        0.0000000E+00  0.0000000E+00  0.0000000E+00  0.0000000E+00  0.0000000E+00  0.0000000E+00  0.0000000E+00  0.0000000E+00  0.0000000E+00  0.0000000E+00  0.0000000E+00  0.0000000E+00  0.0000000E+00  0.0000000E+00  0.0000000E+00  0.2464046E+06  0.0000000E+00  0.0000000E+00  0.0000000E+00  0.2464046E+06
ANIMAL_WASTE        0.0000000E+00  0.0000000E+00  0.0000000E+00  0.0000000E+00  0.0000000E+00  0.0000000E+00  0.0000000E+00  0.0000000E+00  0.0000000E+00  0.0000000E+00  0.0000000E+00  0.0000000E+00  0.0000000E+00  0.0000000E+00  0.0000000E+00  0.0000000E+00  0.0000000E+00  0.0000000E+00  0.0000000E+00  0.0000000E+00
OTHERS              0.0000000E+00  0.0000000E+00  0.0000000E+00  0.0000000E+00  0.0000000E+00  0.0000000E+00  0.0000000E+00  0.0000000E+00  0.0000000E+00  0.0000000E+00  0.0000000E+00  0.0000000E+00  0.0000000E+00  0.0000000E+00  0.0000000E+00  0.0000000E+00  0.0000000E+00  0.0000000E+00  0.0000000E+00  0.0000000E+00
SUB_TOTAL           0.1774516E+04  0.1260833E+04  0.1268607E+04  0.7419801E+03  0.6817239E+02  0.6940956E+03  0.1013657E+04  0.3719533E+05  0.8205707E+04  0.9618068E+04  0.2267797E+05  0.6164316E+05  0.3052008E+03  0.1469023E+02  0.3509426E+02  0.2748562E+06  0.3935087E+03  0.2960866E+03  0.1650000E+03  0.4222279E+06
  
Non-Combustion Sources [t/year]
  
Evaporative emissions from vehicles [t/year]
  
Sector
CAR_EVAP            0.2031802E+05
SUB_TOTAL           0.2031802E+05
  
Solvent Use [t/year]
  
Sector
DRY_CLEANING        0.1244414E+04
DEGREASING          0.5069769E+04
VEHICLE             0.1028442E+05
DOM                 0.1129591E+05
PAINT_PROD          0.9579559E+03
INK_PROD            0.4242234E+01
PRINTING            0.3443236E+04
OTHER_PROD          0.5117617E+05
OTHER_USAGE         0.2579304E+05
SUB_TOTAL           0.1092691E+06
  
Paint Use [t/year]
  
Sector
ARCHITECTURAL       0.3208908E+04
DOM                 0.1231813E+04
VEHICLE             0.3940061E+04
OTHER_USAGE         0.2802363E+05
SUB_TOTAL           0.3640442E+05
  
Industry [t/year]
  
Sector
OIL_REFINERY        0.0000000E+00
CHEMICAL_IND        0.1301493E+05
COKE_OVENS          0.7535749E+04
STEEL               0.2781001E+04
OTHERS              0.5301665E+05
SUB_TOTAL           0.7634833E+05
  
Others [t/year]
  
Sector
EXTRACT_PROC        0.6887808E+04
WASTE               0.0000000E+00
SUB_TOTAL           0.6887808E+04
  
Total [t/year]
  
TOTAL               0.6714556E+06
