Year       : 2007
Country    : CHN
Sub-Region : HUBE
  
Combustion Sources [t/year]
  
Fuel Type           POWER_PLANTS   ENERGY         IRON_STEEL     CHEM_PETRCHEM  NON_FERR_MET   NON_MET_MINE   OTHERS         ROAD_CARS      ROAD_BUSES     ROAD_L_TRUCKS  ROAD_H_TRUCKS  ROAD_MC        ROAD_OTHERS    DOM_NAVI       RAILWAY_ETC    RESIDENT       COMM_PUB       AGR_FORE_FISH  OTHERS         SUB_TOTAL    
HARD_COAL           0.1622072E+04  0.2863785E+02  0.6088762E+03  0.1549109E+04  0.1115383E+03  0.1140209E+04  0.9495016E+03  0.0000000E+00  0.0000000E+00  0.0000000E+00  0.0000000E+00  0.0000000E+00  0.0000000E+00  0.0000000E+00  0.1329600E+03  0.1418637E+05  0.8752200E+03  0.5320800E+03  0.3414000E+03  0.2207797E+05
BROWN_COAL          0.0000000E+00  0.0000000E+00  0.0000000E+00  0.0000000E+00  0.0000000E+00  0.0000000E+00  0.0000000E+00  0.0000000E+00  0.0000000E+00  0.0000000E+00  0.0000000E+00  0.0000000E+00  0.0000000E+00  0.0000000E+00  0.0000000E+00  0.0000000E+00  0.0000000E+00  0.0000000E+00  0.0000000E+00  0.0000000E+00
DERIVED_COAL        0.0000000E+00  0.5755315E+01  0.1223651E+03  0.3113227E+03  0.2241572E+02  0.2291464E+03  0.1732443E+03  0.0000000E+00  0.0000000E+00  0.0000000E+00  0.0000000E+00  0.0000000E+00  0.0000000E+00  0.0000000E+00  0.0000000E+00  0.0000000E+00  0.0000000E+00  0.0000000E+00  0.0000000E+00  0.8642495E+03
NATURAL_GAS         0.3503790E+01  0.0000000E+00  0.0000000E+00  0.0000000E+00  0.0000000E+00  0.0000000E+00  0.1023886E+03  0.0000000E+00  0.0000000E+00  0.0000000E+00  0.0000000E+00  0.0000000E+00  0.0000000E+00  0.0000000E+00  0.0000000E+00  0.6131632E+02  0.0000000E+00  0.7786200E+00  0.0000000E+00  0.1679873E+03
COKE_OVEN_GAS       0.1679000E+03  0.0000000E+00  0.0000000E+00  0.0000000E+00  0.0000000E+00  0.0000000E+00  0.2870352E+03  0.0000000E+00  0.0000000E+00  0.0000000E+00  0.0000000E+00  0.0000000E+00  0.0000000E+00  0.0000000E+00  0.0000000E+00  0.0000000E+00  0.0000000E+00  0.0000000E+00  0.0000000E+00  0.4549352E+03
OTHER_GAS           0.1615530E+02  0.0000000E+00  0.0000000E+00  0.0000000E+00  0.0000000E+00  0.0000000E+00  0.7259680E+02  0.0000000E+00  0.0000000E+00  0.0000000E+00  0.0000000E+00  0.0000000E+00  0.0000000E+00  0.0000000E+00  0.0000000E+00  0.0000000E+00  0.0000000E+00  0.0000000E+00  0.0000000E+00  0.8875210E+02
MOTOR_GASOLINE      0.0000000E+00  0.0000000E+00  0.0000000E+00  0.0000000E+00  0.0000000E+00  0.0000000E+00  0.0000000E+00  0.4347923E+05  0.3680233E+04  0.6721259E+04  0.5028147E+04  0.1105466E+07  0.0000000E+00  0.0000000E+00  0.0000000E+00  0.0000000E+00  0.0000000E+00  0.2054400E+02  0.0000000E+00  0.1164395E+07
KEROSENE            0.0000000E+00  0.9269532E+00  0.6952148E+00  0.1402956E+01  0.2129486E+00  0.8016893E+00  0.4384236E+01  0.0000000E+00  0.0000000E+00  0.0000000E+00  0.0000000E+00  0.0000000E+00  0.0000000E+00  0.0000000E+00  0.0000000E+00  0.5760000E+01  0.0000000E+00  0.0000000E+00  0.0000000E+00  0.1418400E+02
OTHER_LF            0.1167600E+02  0.4175250E+01  0.3131437E+01  0.6319300E+01  0.9591790E+00  0.3611028E+01  0.1974780E+02  0.0000000E+00  0.0000000E+00  0.0000000E+00  0.0000000E+00  0.0000000E+00  0.0000000E+00  0.0000000E+00  0.0000000E+00  0.3334422E+04  0.9360000E+01  0.0000000E+00  0.0000000E+00  0.3393402E+04
DIESEL_OIL          0.3008584E+01  0.2605483E+02  0.2649944E+02  0.1533944E+02  0.4979760E+01  0.1653992E+02  0.1362305E+03  0.0000000E+00  0.4193988E+04  0.2518375E+04  0.1335395E+05  0.0000000E+00  0.6801769E+03  0.2843843E+02  0.1996114E+02  0.9002787E+01  0.2560741E+02  0.1540004E+03  0.0000000E+00  0.2121215E+05
CRUDE_OIL           0.0000000E+00  0.1571272E+01  0.1513474E+01  0.1218056E+01  0.3125419E+00  0.1070349E+01  0.5786307E+01  0.0000000E+00  0.0000000E+00  0.0000000E+00  0.0000000E+00  0.0000000E+00  0.0000000E+00  0.0000000E+00  0.0000000E+00  0.0000000E+00  0.0000000E+00  0.0000000E+00  0.0000000E+00  0.1147200E+02
HEAVY_FUEL_OIL      0.8040000E+01  0.1433867E+02  0.1381123E+02  0.1111541E+02  0.2852108E+01  0.9767494E+01  0.5280308E+02  0.0000000E+00  0.0000000E+00  0.0000000E+00  0.0000000E+00  0.0000000E+00  0.0000000E+00  0.3552000E+02  0.0000000E+00  0.0000000E+00  0.0000000E+00  0.0000000E+00  0.0000000E+00  0.1482480E+03
OTHER_HF            0.1028400E+02  0.2959613E+02  0.2850744E+02  0.2294304E+02  0.5886968E+01  0.2016085E+02  0.1089896E+03  0.0000000E+00  0.0000000E+00  0.0000000E+00  0.0000000E+00  0.0000000E+00  0.0000000E+00  0.0000000E+00  0.0000000E+00  0.0000000E+00  0.0000000E+00  0.0000000E+00  0.0000000E+00  0.2263680E+03
FUELWOOD            0.0000000E+00  0.0000000E+00  0.0000000E+00  0.0000000E+00  0.0000000E+00  0.0000000E+00  0.0000000E+00  0.0000000E+00  0.0000000E+00  0.0000000E+00  0.0000000E+00  0.0000000E+00  0.0000000E+00  0.0000000E+00  0.0000000E+00  0.3105367E+05  0.0000000E+00  0.0000000E+00  0.0000000E+00  0.3105367E+05
CROP_RESIDUE        0.0000000E+00  0.0000000E+00  0.0000000E+00  0.0000000E+00  0.0000000E+00  0.0000000E+00  0.0000000E+00  0.0000000E+00  0.0000000E+00  0.0000000E+00  0.0000000E+00  0.0000000E+00  0.0000000E+00  0.0000000E+00  0.0000000E+00  0.1327318E+06  0.0000000E+00  0.0000000E+00  0.0000000E+00  0.1327318E+06
ANIMAL_WASTE        0.0000000E+00  0.0000000E+00  0.0000000E+00  0.0000000E+00  0.0000000E+00  0.0000000E+00  0.0000000E+00  0.0000000E+00  0.0000000E+00  0.0000000E+00  0.0000000E+00  0.0000000E+00  0.0000000E+00  0.0000000E+00  0.0000000E+00  0.0000000E+00  0.0000000E+00  0.0000000E+00  0.0000000E+00  0.0000000E+00
OTHERS              0.0000000E+00  0.0000000E+00  0.0000000E+00  0.0000000E+00  0.0000000E+00  0.0000000E+00  0.0000000E+00  0.0000000E+00  0.0000000E+00  0.0000000E+00  0.0000000E+00  0.0000000E+00  0.0000000E+00  0.0000000E+00  0.0000000E+00  0.0000000E+00  0.0000000E+00  0.0000000E+00  0.0000000E+00  0.0000000E+00
SUB_TOTAL           0.1842640E+04  0.1110563E+03  0.8053995E+03  0.1918770E+04  0.1491575E+03  0.1421307E+04  0.1912708E+04  0.4347923E+05  0.7874221E+04  0.9239634E+04  0.1838210E+05  0.1105466E+07  0.6801769E+03  0.6395843E+02  0.1529211E+03  0.1813823E+06  0.9101874E+03  0.7074030E+03  0.3414000E+03  0.1376841E+07
  
Non-Combustion Sources [t/year]
  
Evaporative emissions from vehicles [t/year]
  
Sector
CAR_EVAP            0.1048020E+06
SUB_TOTAL           0.1048020E+06
  
Solvent Use [t/year]
  
Sector
DRY_CLEANING        0.1159189E+04
DEGREASING          0.6354736E+04
VEHICLE             0.9580082E+04
DOM                 0.5567271E+04
PAINT_PROD          0.1129020E+04
INK_PROD            0.2090815E+01
PRINTING            0.1697023E+04
OTHER_PROD          0.6480928E+05
OTHER_USAGE         0.1331273E+05
SUB_TOTAL           0.1036114E+06
  
Paint Use [t/year]
  
Sector
ARCHITECTURAL       0.1553787E+05
DOM                 0.1451780E+04
VEHICLE             0.4643642E+04
OTHER_USAGE         0.3302785E+05
SUB_TOTAL           0.5466115E+05
  
Industry [t/year]
  
Sector
OIL_REFINERY        0.2143538E+03
CHEMICAL_IND        0.7331228E+04
COKE_OVENS          0.8751376E+04
STEEL               0.2980646E+04
OTHERS              0.2182619E+05
SUB_TOTAL           0.4110379E+05
  
Others [t/year]
  
Sector
EXTRACT_PROC        0.2230420E+05
WASTE               0.0000000E+00
SUB_TOTAL           0.2230420E+05
  
Total [t/year]
  
TOTAL               0.1703323E+07
