Year       : 2007
Country    : CHN
Sub-Region : WHOL
  
Combustion Sources [t/year]
  
Fuel Type           POWER_PLANTS   ENERGY         IRON_STEEL     CHEM_PETRCHEM  NON_FERR_MET   NON_MET_MINE   OTHERS         ROAD_CARS      ROAD_BUSES     ROAD_L_TRUCKS  ROAD_H_TRUCKS  ROAD_MC        ROAD_OTHERS    DOM_NAVI       RAILWAY_ETC    RESIDENT       COMM_PUB       AGR_FORE_FISH  OTHERS         SUB_TOTAL    
HARD_COAL           0.6203075E+05  0.1821953E+05  0.6063347E+04  0.7558826E+04  0.1728184E+04  0.1677733E+05  0.2797121E+05  0.0000000E+00  0.0000000E+00  0.0000000E+00  0.0000000E+00  0.0000000E+00  0.0000000E+00  0.0000000E+00  0.1101274E+04  0.3068816E+06  0.1215906E+05  0.1532719E+05  0.1063230E+05  0.4864506E+06
BROWN_COAL          0.0000000E+00  0.0000000E+00  0.0000000E+00  0.0000000E+00  0.0000000E+00  0.0000000E+00  0.0000000E+00  0.0000000E+00  0.0000000E+00  0.0000000E+00  0.0000000E+00  0.0000000E+00  0.0000000E+00  0.0000000E+00  0.0000000E+00  0.0000000E+00  0.0000000E+00  0.0000000E+00  0.0000000E+00  0.0000000E+00
DERIVED_COAL        0.2009760E+03  0.1452653E+04  0.1020471E+05  0.1543653E+04  0.3591377E+03  0.8405609E+03  0.1275637E+05  0.0000000E+00  0.0000000E+00  0.0000000E+00  0.0000000E+00  0.0000000E+00  0.0000000E+00  0.0000000E+00  0.3292800E+01  0.1318800E+03  0.5906400E+03  0.4027200E+03  0.1217400E+03  0.2860833E+05
NATURAL_GAS         0.2910381E+04  0.1327511E+04  0.4496585E+03  0.9737608E+03  0.7134557E+02  0.2895167E+03  0.3291380E+04  0.0000000E+00  0.0000000E+00  0.0000000E+00  0.0000000E+00  0.0000000E+00  0.0000000E+00  0.0000000E+00  0.0000000E+00  0.2203495E+04  0.5792933E+03  0.1354188E+02  0.4397257E+03  0.1254961E+05
COKE_OVEN_GAS       0.9910003E+03  0.1094017E+04  0.1098955E+04  0.1673950E+04  0.9549827E+02  0.1809097E+03  0.1039134E+05  0.0000000E+00  0.0000000E+00  0.0000000E+00  0.0000000E+00  0.0000000E+00  0.0000000E+00  0.0000000E+00  0.0000000E+00  0.1355348E+05  0.2498976E+04  0.0000000E+00  0.9544700E+03  0.3253259E+05
OTHER_GAS           0.1437304E+04  0.1590257E+04  0.1070295E+04  0.2460174E+04  0.8129846E+02  0.2539819E+03  0.6266647E+04  0.0000000E+00  0.0000000E+00  0.0000000E+00  0.0000000E+00  0.0000000E+00  0.0000000E+00  0.0000000E+00  0.0000000E+00  0.2670802E+04  0.1444652E+05  0.1644000E+02  0.3789420E+04  0.3408314E+05
MOTOR_GASOLINE      0.0000000E+00  0.0000000E+00  0.0000000E+00  0.0000000E+00  0.0000000E+00  0.0000000E+00  0.0000000E+00  0.2137865E+07  0.1134847E+06  0.2468738E+06  0.1463584E+06  0.3936427E+07  0.0000000E+00  0.0000000E+00  0.0000000E+00  0.0000000E+00  0.0000000E+00  0.3479400E+03  0.0000000E+00  0.6581357E+07
KEROSENE            0.3310619E+00  0.7104879E+01  0.2778176E+01  0.7158194E+01  0.3275326E+01  0.3511563E+01  0.5820014E+02  0.0000000E+00  0.0000000E+00  0.0000000E+00  0.0000000E+00  0.0000000E+00  0.0000000E+00  0.0000000E+00  0.0000000E+00  0.1869024E+02  0.7596000E+01  0.1128000E+01  0.5556825E+01  0.1153304E+03
OTHER_LF            0.2112840E+03  0.1539141E+03  0.7649581E+02  0.1124220E+03  0.3156910E+02  0.5046147E+02  0.1141690E+04  0.0000000E+00  0.0000000E+00  0.0000000E+00  0.0000000E+00  0.0000000E+00  0.0000000E+00  0.0000000E+00  0.0000000E+00  0.1004109E+06  0.2978521E+03  0.7754422E+01  0.4536000E+02  0.1025397E+06
DIESEL_OIL          0.1964957E+03  0.3675746E+03  0.1807189E+03  0.8947881E+02  0.8419893E+02  0.1786546E+03  0.2406685E+04  0.5173676E+03  0.1341467E+06  0.9098190E+05  0.3955567E+06  0.0000000E+00  0.5853638E+06  0.1513663E+04  0.7172616E+03  0.3102516E+03  0.8254429E+03  0.2140940E+04  0.5016871E+03  0.1216079E+07
CRUDE_OIL           0.1981200E+02  0.6044398E+03  0.1804026E+01  0.1851664E+03  0.7196417E+00  0.3338572E+01  0.2504035E+03  0.0000000E+00  0.0000000E+00  0.0000000E+00  0.0000000E+00  0.0000000E+00  0.0000000E+00  0.0000000E+00  0.0000000E+00  0.0000000E+00  0.0000000E+00  0.0000000E+00  0.1320000E+02  0.1078884E+04
HEAVY_FUEL_OIL      0.9731693E+03  0.2878000E+03  0.4678514E+02  0.1107096E+03  0.5454693E+02  0.1502255E+03  0.1756197E+04  0.0000000E+00  0.0000000E+00  0.0000000E+00  0.0000000E+00  0.0000000E+00  0.0000000E+00  0.1517640E+04  0.0000000E+00  0.0000000E+00  0.2973600E+02  0.1087200E+02  0.9348000E+01  0.4947029E+04
OTHER_HF            0.2313120E+03  0.7485950E+03  0.8214038E+02  0.2684208E+03  0.1085272E+03  0.1379034E+03  0.2854701E+04  0.0000000E+00  0.0000000E+00  0.0000000E+00  0.0000000E+00  0.0000000E+00  0.0000000E+00  0.5866800E+02  0.0000000E+00  0.2487600E+02  0.1440000E+02  0.2428800E+02  0.3588000E+02  0.4589712E+04
FUELWOOD            0.0000000E+00  0.0000000E+00  0.0000000E+00  0.0000000E+00  0.0000000E+00  0.0000000E+00  0.0000000E+00  0.0000000E+00  0.0000000E+00  0.0000000E+00  0.0000000E+00  0.0000000E+00  0.0000000E+00  0.0000000E+00  0.0000000E+00  0.5682890E+06  0.0000000E+00  0.0000000E+00  0.4611701E+00  0.5682895E+06
CROP_RESIDUE        0.0000000E+00  0.0000000E+00  0.0000000E+00  0.0000000E+00  0.0000000E+00  0.0000000E+00  0.0000000E+00  0.0000000E+00  0.0000000E+00  0.0000000E+00  0.0000000E+00  0.0000000E+00  0.0000000E+00  0.0000000E+00  0.0000000E+00  0.2809785E+07  0.0000000E+00  0.0000000E+00  0.0000000E+00  0.2809785E+07
ANIMAL_WASTE        0.0000000E+00  0.0000000E+00  0.0000000E+00  0.0000000E+00  0.0000000E+00  0.0000000E+00  0.0000000E+00  0.0000000E+00  0.0000000E+00  0.0000000E+00  0.0000000E+00  0.0000000E+00  0.0000000E+00  0.0000000E+00  0.0000000E+00  0.0000000E+00  0.0000000E+00  0.0000000E+00  0.0000000E+00  0.0000000E+00
OTHERS              0.0000000E+00  0.0000000E+00  0.0000000E+00  0.0000000E+00  0.0000000E+00  0.0000000E+00  0.0000000E+00  0.0000000E+00  0.0000000E+00  0.0000000E+00  0.0000000E+00  0.0000000E+00  0.0000000E+00  0.0000000E+00  0.0000000E+00  0.0000000E+00  0.0000000E+00  0.0000000E+00  0.3000341E+01  0.3000341E+01
SUB_TOTAL           0.6920282E+05  0.2585340E+05  0.1927769E+05  0.1498372E+05  0.2618301E+04  0.1886640E+05  0.6914482E+05  0.2138383E+07  0.2476314E+06  0.3378557E+06  0.5419150E+06  0.3936427E+07  0.5853638E+06  0.3089971E+04  0.1821828E+04  0.3804280E+07  0.3144951E+05  0.1829281E+05  0.1655215E+05  0.1188301E+08
  
Non-Combustion Sources [t/year]
  
Evaporative emissions from vehicles [t/year]
  
Sector
CAR_EVAP            0.1453608E+07
SUB_TOTAL           0.1453608E+07
  
Solvent Use [t/year]
  
Sector
DRY_CLEANING        0.2642580E+05
DEGREASING          0.1897500E+06
VEHICLE             0.2183952E+06
DOM                 0.1190993E+07
PAINT_PROD          0.7100564E+05
INK_PROD            0.4472829E+03
PRINTING            0.3630400E+06
OTHER_PROD          0.4030572E+07
OTHER_USAGE         0.4829610E+06
SUB_TOTAL           0.6573590E+07
  
Paint Use [t/year]
  
Sector
ARCHITECTURAL       0.1127762E+07
DOM                 0.9130450E+05
VEHICLE             0.2920452E+06
OTHER_USAGE         0.2077168E+07
SUB_TOTAL           0.3588280E+07
  
Industry [t/year]
  
Sector
OIL_REFINERY        0.6020253E+05
CHEMICAL_IND        0.1134448E+07
COKE_OVENS          0.4176929E+06
STEEL               0.8586710E+05
OTHERS              0.6307371E+06
SUB_TOTAL           0.2328947E+07
  
Others [t/year]
  
Sector
EXTRACT_PROC        0.9400374E+06
WASTE               0.0000000E+00
SUB_TOTAL           0.9400374E+06
  
Total [t/year]
  
TOTAL               0.2676747E+08
