Year       : 2007
Country    : CHN
Sub-Region : JILI
  
Combustion Sources [t/year]
  
Fuel Type           POWER_PLANTS   ENERGY         IRON_STEEL     CHEM_PETRCHEM  NON_FERR_MET   NON_MET_MINE   OTHERS         ROAD_CARS      ROAD_BUSES     ROAD_L_TRUCKS  ROAD_H_TRUCKS  ROAD_MC        ROAD_OTHERS    DOM_NAVI       RAILWAY_ETC    RESIDENT       COMM_PUB       AGR_FORE_FISH  OTHERS         SUB_TOTAL    
HARD_COAL           0.1570616E+04  0.6401982E+03  0.8888210E+02  0.3086967E+03  0.2716937E+02  0.4347412E+03  0.8192980E+03  0.0000000E+00  0.0000000E+00  0.0000000E+00  0.0000000E+00  0.0000000E+00  0.0000000E+00  0.0000000E+00  0.8602560E+02  0.4790820E+04  0.1040280E+04  0.4602600E+03  0.1588560E+04  0.1185555E+05
BROWN_COAL          0.0000000E+00  0.0000000E+00  0.0000000E+00  0.0000000E+00  0.0000000E+00  0.0000000E+00  0.0000000E+00  0.0000000E+00  0.0000000E+00  0.0000000E+00  0.0000000E+00  0.0000000E+00  0.0000000E+00  0.0000000E+00  0.0000000E+00  0.0000000E+00  0.0000000E+00  0.0000000E+00  0.0000000E+00  0.0000000E+00
DERIVED_COAL        0.1640000E+00  0.2381405E+00  0.3686165E+03  0.7239636E+00  0.1746755E+00  0.1822272E+02  0.9185676E+01  0.0000000E+00  0.0000000E+00  0.0000000E+00  0.0000000E+00  0.0000000E+00  0.0000000E+00  0.0000000E+00  0.0000000E+00  0.0000000E+00  0.0000000E+00  0.0000000E+00  0.0000000E+00  0.3973257E+03
NATURAL_GAS         0.1304188E+02  0.6378945E+02  0.2621485E+01  0.6291565E+01  0.8738285E+00  0.5767265E+01  0.2499150E+02  0.0000000E+00  0.0000000E+00  0.0000000E+00  0.0000000E+00  0.0000000E+00  0.0000000E+00  0.0000000E+00  0.0000000E+00  0.7591545E+01  0.9732750E+00  0.0000000E+00  0.0000000E+00  0.1259418E+03
COKE_OVEN_GAS       0.1249488E+02  0.0000000E+00  0.2173384E+03  0.2004578E+02  0.0000000E+00  0.1055041E+01  0.3516804E+00  0.0000000E+00  0.0000000E+00  0.0000000E+00  0.0000000E+00  0.0000000E+00  0.0000000E+00  0.0000000E+00  0.0000000E+00  0.1214780E+04  0.1041240E+02  0.0000000E+00  0.0000000E+00  0.1476478E+04
OTHER_GAS           0.1422420E+02  0.1706672E+03  0.7013720E+01  0.1683293E+02  0.2337906E+01  0.1543018E+02  0.6686413E+02  0.0000000E+00  0.0000000E+00  0.0000000E+00  0.0000000E+00  0.0000000E+00  0.0000000E+00  0.0000000E+00  0.0000000E+00  0.0000000E+00  0.0000000E+00  0.0000000E+00  0.0000000E+00  0.2933703E+03
MOTOR_GASOLINE      0.0000000E+00  0.0000000E+00  0.0000000E+00  0.0000000E+00  0.0000000E+00  0.0000000E+00  0.0000000E+00  0.4742744E+05  0.2332005E+04  0.5058126E+04  0.3429331E+04  0.3804744E+05  0.0000000E+00  0.0000000E+00  0.0000000E+00  0.0000000E+00  0.0000000E+00  0.9396000E+01  0.0000000E+00  0.9630374E+05
KEROSENE            0.0000000E+00  0.1919999E+00  0.1200000E-01  0.8400001E-01  0.4800000E-01  0.1320000E+00  0.1284000E+01  0.0000000E+00  0.0000000E+00  0.0000000E+00  0.0000000E+00  0.0000000E+00  0.0000000E+00  0.0000000E+00  0.0000000E+00  0.0000000E+00  0.0000000E+00  0.0000000E+00  0.0000000E+00  0.1752000E+01
OTHER_LF            0.0000000E+00  0.4472391E+01  0.0000000E+00  0.3163519E+02  0.0000000E+00  0.9140476E+01  0.1575944E+01  0.0000000E+00  0.0000000E+00  0.0000000E+00  0.0000000E+00  0.0000000E+00  0.0000000E+00  0.0000000E+00  0.0000000E+00  0.2826642E+04  0.6240000E+00  0.0000000E+00  0.0000000E+00  0.2874090E+04
DIESEL_OIL          0.4593260E+00  0.2954406E+02  0.5139673E+01  0.6312730E+01  0.1753536E+01  0.5321074E+01  0.2879711E+02  0.0000000E+00  0.2817290E+04  0.2009136E+04  0.9655197E+04  0.0000000E+00  0.3054020E+05  0.5776896E-01  0.2768288E+02  0.3069444E+02  0.3581593E+02  0.9664216E+02  0.3723984E+02  0.4532728E+05
CRUDE_OIL           0.0000000E+00  0.2749789E+02  0.0000000E+00  0.1205296E+03  0.0000000E+00  0.1390207E+01  0.3032076E-01  0.0000000E+00  0.0000000E+00  0.0000000E+00  0.0000000E+00  0.0000000E+00  0.0000000E+00  0.0000000E+00  0.0000000E+00  0.0000000E+00  0.0000000E+00  0.0000000E+00  0.0000000E+00  0.1494480E+03
HEAVY_FUEL_OIL      0.8040000E+00  0.4965898E+00  0.2586404E-01  0.1829105E+02  0.0000000E+00  0.2069124E-01  0.1138018E+00  0.0000000E+00  0.0000000E+00  0.0000000E+00  0.0000000E+00  0.0000000E+00  0.0000000E+00  0.0000000E+00  0.0000000E+00  0.0000000E+00  0.0000000E+00  0.0000000E+00  0.0000000E+00  0.1975200E+02
OTHER_HF            0.1032000E+01  0.5119406E+00  0.6648581E-02  0.6159908E+02  0.0000000E+00  0.5983721E-01  0.6648579E-01  0.0000000E+00  0.0000000E+00  0.0000000E+00  0.0000000E+00  0.0000000E+00  0.0000000E+00  0.0000000E+00  0.0000000E+00  0.0000000E+00  0.0000000E+00  0.0000000E+00  0.0000000E+00  0.6327599E+02
FUELWOOD            0.0000000E+00  0.0000000E+00  0.0000000E+00  0.0000000E+00  0.0000000E+00  0.0000000E+00  0.0000000E+00  0.0000000E+00  0.0000000E+00  0.0000000E+00  0.0000000E+00  0.0000000E+00  0.0000000E+00  0.0000000E+00  0.0000000E+00  0.9535858E+04  0.0000000E+00  0.0000000E+00  0.0000000E+00  0.9535858E+04
CROP_RESIDUE        0.0000000E+00  0.0000000E+00  0.0000000E+00  0.0000000E+00  0.0000000E+00  0.0000000E+00  0.0000000E+00  0.0000000E+00  0.0000000E+00  0.0000000E+00  0.0000000E+00  0.0000000E+00  0.0000000E+00  0.0000000E+00  0.0000000E+00  0.1072561E+06  0.0000000E+00  0.0000000E+00  0.0000000E+00  0.1072561E+06
ANIMAL_WASTE        0.0000000E+00  0.0000000E+00  0.0000000E+00  0.0000000E+00  0.0000000E+00  0.0000000E+00  0.0000000E+00  0.0000000E+00  0.0000000E+00  0.0000000E+00  0.0000000E+00  0.0000000E+00  0.0000000E+00  0.0000000E+00  0.0000000E+00  0.0000000E+00  0.0000000E+00  0.0000000E+00  0.0000000E+00  0.0000000E+00
OTHERS              0.0000000E+00  0.0000000E+00  0.0000000E+00  0.0000000E+00  0.0000000E+00  0.0000000E+00  0.0000000E+00  0.0000000E+00  0.0000000E+00  0.0000000E+00  0.0000000E+00  0.0000000E+00  0.0000000E+00  0.0000000E+00  0.0000000E+00  0.0000000E+00  0.0000000E+00  0.0000000E+00  0.0000000E+00  0.0000000E+00
SUB_TOTAL           0.1612836E+04  0.9376079E+03  0.6896564E+03  0.5910426E+03  0.3235732E+02  0.4912807E+03  0.9525586E+03  0.4742744E+05  0.5149295E+04  0.7067262E+04  0.1308453E+05  0.3804744E+05  0.3054020E+05  0.5776896E-01  0.1137085E+03  0.1256625E+06  0.1088106E+04  0.5662982E+03  0.1625800E+04  0.2756800E+06
  
Non-Combustion Sources [t/year]
  
Evaporative emissions from vehicles [t/year]
  
Sector
CAR_EVAP            0.3842746E+05
SUB_TOTAL           0.3842746E+05
  
Solvent Use [t/year]
  
Sector
DRY_CLEANING        0.5552878E+03
DEGREASING          0.3638173E+04
VEHICLE             0.4589160E+04
DOM                 0.4034255E+03
PAINT_PROD          0.2851060E+03
INK_PROD            0.1515084E+00
PRINTING            0.1229727E+03
OTHER_PROD          0.9829970E+05
OTHER_USAGE         0.2786689E+05
SUB_TOTAL           0.1357609E+06
  
Paint Use [t/year]
  
Sector
ARCHITECTURAL       0.6080037E+04
DOM                 0.3666111E+03
VEHICLE             0.1172637E+04
OTHER_USAGE         0.8340368E+04
SUB_TOTAL           0.1595965E+05
  
Industry [t/year]
  
Sector
OIL_REFINERY        0.1316801E+04
CHEMICAL_IND        0.6765391E+05
COKE_OVENS          0.3620375E+04
STEEL               0.9965575E+03
OTHERS              0.1917008E+04
SUB_TOTAL           0.7550465E+05
  
Others [t/year]
  
Sector
EXTRACT_PROC        0.1423665E+05
WASTE               0.0000000E+00
SUB_TOTAL           0.1423665E+05
  
Total [t/year]
  
TOTAL               0.5555692E+06
