Year       : 2007
Country    : CHN
Sub-Region : JINU
  
Combustion Sources [t/year]
  
Fuel Type           POWER_PLANTS   ENERGY         IRON_STEEL     CHEM_PETRCHEM  NON_FERR_MET   NON_MET_MINE   OTHERS         ROAD_CARS      ROAD_BUSES     ROAD_L_TRUCKS  ROAD_H_TRUCKS  ROAD_MC        ROAD_OTHERS    DOM_NAVI       RAILWAY_ETC    RESIDENT       COMM_PUB       AGR_FORE_FISH  OTHERS         SUB_TOTAL    
HARD_COAL           0.5131844E+04  0.4871728E+03  0.0000000E+00  0.0000000E+00  0.0000000E+00  0.1025693E+04  0.3121151E+04  0.0000000E+00  0.0000000E+00  0.0000000E+00  0.0000000E+00  0.0000000E+00  0.0000000E+00  0.0000000E+00  0.4060800E+02  0.1644060E+04  0.2400000E+03  0.3780600E+03  0.0000000E+00  0.1206859E+05
BROWN_COAL          0.0000000E+00  0.0000000E+00  0.0000000E+00  0.0000000E+00  0.0000000E+00  0.0000000E+00  0.0000000E+00  0.0000000E+00  0.0000000E+00  0.0000000E+00  0.0000000E+00  0.0000000E+00  0.0000000E+00  0.0000000E+00  0.0000000E+00  0.0000000E+00  0.0000000E+00  0.0000000E+00  0.0000000E+00  0.0000000E+00
DERIVED_COAL        0.0000000E+00  0.6875867E+02  0.0000000E+00  0.0000000E+00  0.0000000E+00  0.1376068E+02  0.1765817E+04  0.0000000E+00  0.0000000E+00  0.0000000E+00  0.0000000E+00  0.0000000E+00  0.0000000E+00  0.0000000E+00  0.0000000E+00  0.0000000E+00  0.0000000E+00  0.0000000E+00  0.0000000E+00  0.1848336E+04
NATURAL_GAS         0.4321341E+03  0.0000000E+00  0.0000000E+00  0.0000000E+00  0.0000000E+00  0.0000000E+00  0.3517416E+03  0.0000000E+00  0.0000000E+00  0.0000000E+00  0.0000000E+00  0.0000000E+00  0.0000000E+00  0.0000000E+00  0.0000000E+00  0.6715597E+02  0.5839650E+01  0.0000000E+00  0.0000000E+00  0.8568713E+03
COKE_OVEN_GAS       0.9119526E+02  0.0000000E+00  0.0000000E+00  0.0000000E+00  0.0000000E+00  0.0000000E+00  0.4963244E+03  0.0000000E+00  0.0000000E+00  0.0000000E+00  0.0000000E+00  0.0000000E+00  0.0000000E+00  0.0000000E+00  0.0000000E+00  0.0000000E+00  0.4859120E+02  0.0000000E+00  0.0000000E+00  0.6361109E+03
OTHER_GAS           0.1469834E+03  0.0000000E+00  0.0000000E+00  0.0000000E+00  0.0000000E+00  0.0000000E+00  0.8594808E+03  0.0000000E+00  0.0000000E+00  0.0000000E+00  0.0000000E+00  0.0000000E+00  0.0000000E+00  0.0000000E+00  0.0000000E+00  0.0000000E+00  0.0000000E+00  0.0000000E+00  0.0000000E+00  0.1006464E+04
MOTOR_GASOLINE      0.0000000E+00  0.0000000E+00  0.0000000E+00  0.0000000E+00  0.0000000E+00  0.0000000E+00  0.0000000E+00  0.1943549E+06  0.9759672E+04  0.8737808E+04  0.8545034E+04  0.5172006E+06  0.0000000E+00  0.0000000E+00  0.0000000E+00  0.0000000E+00  0.0000000E+00  0.1887600E+02  0.0000000E+00  0.7386169E+06
KEROSENE            0.0000000E+00  0.0000000E+00  0.0000000E+00  0.0000000E+00  0.0000000E+00  0.0000000E+00  0.5328000E+01  0.0000000E+00  0.0000000E+00  0.0000000E+00  0.0000000E+00  0.0000000E+00  0.0000000E+00  0.0000000E+00  0.0000000E+00  0.0000000E+00  0.3600000E-01  0.1200000E-01  0.1800000E+00  0.5556000E+01
OTHER_LF            0.3144000E+01  0.0000000E+00  0.0000000E+00  0.0000000E+00  0.0000000E+00  0.0000000E+00  0.1200120E+03  0.0000000E+00  0.0000000E+00  0.0000000E+00  0.0000000E+00  0.0000000E+00  0.0000000E+00  0.0000000E+00  0.0000000E+00  0.4434612E+04  0.7848000E+01  0.0000000E+00  0.0000000E+00  0.4565616E+04
DIESEL_OIL          0.6889888E+01  0.0000000E+00  0.0000000E+00  0.0000000E+00  0.0000000E+00  0.0000000E+00  0.1604770E+03  0.0000000E+00  0.1115218E+05  0.3282805E+04  0.2275561E+05  0.0000000E+00  0.2580123E+05  0.1319936E+03  0.1414680E+02  0.0000000E+00  0.7969303E+01  0.1400944E+03  0.4363596E+01  0.6345776E+05
CRUDE_OIL           0.0000000E+00  0.8802715E+00  0.0000000E+00  0.0000000E+00  0.0000000E+00  0.0000000E+00  0.1761173E+02  0.0000000E+00  0.0000000E+00  0.0000000E+00  0.0000000E+00  0.0000000E+00  0.0000000E+00  0.0000000E+00  0.0000000E+00  0.0000000E+00  0.0000000E+00  0.0000000E+00  0.0000000E+00  0.1849200E+02
HEAVY_FUEL_OIL      0.6130766E+02  0.1148180E+02  0.0000000E+00  0.0000000E+00  0.0000000E+00  0.0000000E+00  0.2325622E+03  0.0000000E+00  0.0000000E+00  0.0000000E+00  0.0000000E+00  0.0000000E+00  0.0000000E+00  0.3306000E+02  0.0000000E+00  0.0000000E+00  0.0000000E+00  0.4824000E+01  0.0000000E+00  0.3432357E+03
OTHER_HF            0.5376000E+01  0.9964606E+01  0.0000000E+00  0.0000000E+00  0.0000000E+00  0.0000000E+00  0.3049634E+03  0.0000000E+00  0.0000000E+00  0.0000000E+00  0.0000000E+00  0.0000000E+00  0.0000000E+00  0.0000000E+00  0.0000000E+00  0.0000000E+00  0.0000000E+00  0.0000000E+00  0.0000000E+00  0.3203040E+03
FUELWOOD            0.0000000E+00  0.0000000E+00  0.0000000E+00  0.0000000E+00  0.0000000E+00  0.0000000E+00  0.0000000E+00  0.0000000E+00  0.0000000E+00  0.0000000E+00  0.0000000E+00  0.0000000E+00  0.0000000E+00  0.0000000E+00  0.0000000E+00  0.5674690E+04  0.0000000E+00  0.0000000E+00  0.0000000E+00  0.5674690E+04
CROP_RESIDUE        0.0000000E+00  0.0000000E+00  0.0000000E+00  0.0000000E+00  0.0000000E+00  0.0000000E+00  0.0000000E+00  0.0000000E+00  0.0000000E+00  0.0000000E+00  0.0000000E+00  0.0000000E+00  0.0000000E+00  0.0000000E+00  0.0000000E+00  0.1750809E+06  0.0000000E+00  0.0000000E+00  0.0000000E+00  0.1750809E+06
ANIMAL_WASTE        0.0000000E+00  0.0000000E+00  0.0000000E+00  0.0000000E+00  0.0000000E+00  0.0000000E+00  0.0000000E+00  0.0000000E+00  0.0000000E+00  0.0000000E+00  0.0000000E+00  0.0000000E+00  0.0000000E+00  0.0000000E+00  0.0000000E+00  0.0000000E+00  0.0000000E+00  0.0000000E+00  0.0000000E+00  0.0000000E+00
OTHERS              0.0000000E+00  0.0000000E+00  0.0000000E+00  0.0000000E+00  0.0000000E+00  0.0000000E+00  0.0000000E+00  0.0000000E+00  0.0000000E+00  0.0000000E+00  0.0000000E+00  0.0000000E+00  0.0000000E+00  0.0000000E+00  0.0000000E+00  0.0000000E+00  0.0000000E+00  0.0000000E+00  0.0000000E+00  0.0000000E+00
SUB_TOTAL           0.5878874E+04  0.5782581E+03  0.0000000E+00  0.0000000E+00  0.0000000E+00  0.1039454E+04  0.7435469E+04  0.1943549E+06  0.2091185E+05  0.1202061E+05  0.3130064E+05  0.5172006E+06  0.2580123E+05  0.1650536E+03  0.5475480E+02  0.1869014E+06  0.3102842E+03  0.5418664E+03  0.4543596E+01  0.1004500E+07
  
Non-Combustion Sources [t/year]
  
Evaporative emissions from vehicles [t/year]
  
Sector
CAR_EVAP            0.9108222E+05
SUB_TOTAL           0.9108222E+05
  
Solvent Use [t/year]
  
Sector
DRY_CLEANING        0.1550941E+04
DEGREASING          0.1772114E+05
VEHICLE             0.1281771E+05
DOM                 0.2512534E+06
PAINT_PROD          0.1068862E+05
INK_PROD            0.9435940E+02
PRINTING            0.7658740E+05
OTHER_PROD          0.9054011E+06
OTHER_USAGE         0.1704831E+05
SUB_TOTAL           0.1293163E+07
  
Paint Use [t/year]
  
Sector
ARCHITECTURAL       0.1126496E+06
DOM                 0.1374425E+05
VEHICLE             0.4396216E+05
OTHER_USAGE         0.3126803E+06
SUB_TOTAL           0.4830363E+06
  
Industry [t/year]
  
Sector
OIL_REFINERY        0.4130660E+03
CHEMICAL_IND        0.1554388E+06
COKE_OVENS          0.1374450E+05
STEEL               0.8885094E+04
OTHERS              0.5657912E+05
SUB_TOTAL           0.2350606E+06
  
Others [t/year]
  
Sector
EXTRACT_PROC        0.2074571E+05
WASTE               0.0000000E+00
SUB_TOTAL           0.2074571E+05
  
Total [t/year]
  
TOTAL               0.3127588E+07
