Year       : 2007
Country    : CHN
Sub-Region : LIAO
  
Combustion Sources [t/year]
  
Fuel Type           POWER_PLANTS   ENERGY         IRON_STEEL     CHEM_PETRCHEM  NON_FERR_MET   NON_MET_MINE   OTHERS         ROAD_CARS      ROAD_BUSES     ROAD_L_TRUCKS  ROAD_H_TRUCKS  ROAD_MC        ROAD_OTHERS    DOM_NAVI       RAILWAY_ETC    RESIDENT       COMM_PUB       AGR_FORE_FISH  OTHERS         SUB_TOTAL    
HARD_COAL           0.3140456E+04  0.7060919E+03  0.1321611E+04  0.3427924E+03  0.1000115E+03  0.3971856E+03  0.3665000E+03  0.0000000E+00  0.0000000E+00  0.0000000E+00  0.0000000E+00  0.0000000E+00  0.0000000E+00  0.0000000E+00  0.8135040E+02  0.1108281E+05  0.1825200E+03  0.7320600E+03  0.3118200E+03  0.1876521E+05
BROWN_COAL          0.0000000E+00  0.0000000E+00  0.0000000E+00  0.0000000E+00  0.0000000E+00  0.0000000E+00  0.0000000E+00  0.0000000E+00  0.0000000E+00  0.0000000E+00  0.0000000E+00  0.0000000E+00  0.0000000E+00  0.0000000E+00  0.0000000E+00  0.0000000E+00  0.0000000E+00  0.0000000E+00  0.0000000E+00  0.0000000E+00
DERIVED_COAL        0.2448000E+01  0.2589017E+00  0.1452508E+04  0.1186750E+02  0.2668787E+02  0.4789682E+02  0.6750339E+02  0.0000000E+00  0.0000000E+00  0.0000000E+00  0.0000000E+00  0.0000000E+00  0.0000000E+00  0.0000000E+00  0.1920000E-01  0.0000000E+00  0.0000000E+00  0.0000000E+00  0.0000000E+00  0.1609190E+04
NATURAL_GAS         0.9732750E+00  0.4906606E+02  0.2749392E+01  0.7634850E+02  0.0000000E+00  0.5075800E+01  0.6133260E+01  0.0000000E+00  0.0000000E+00  0.0000000E+00  0.0000000E+00  0.0000000E+00  0.0000000E+00  0.0000000E+00  0.0000000E+00  0.0000000E+00  0.5450340E+01  0.0000000E+00  0.0000000E+00  0.1457966E+03
COKE_OVEN_GAS       0.8052256E+02  0.5648799E+03  0.3165274E+02  0.8789724E+03  0.0000000E+00  0.5843584E+02  0.7060997E+02  0.0000000E+00  0.0000000E+00  0.0000000E+00  0.0000000E+00  0.0000000E+00  0.0000000E+00  0.0000000E+00  0.0000000E+00  0.0000000E+00  0.0000000E+00  0.0000000E+00  0.0000000E+00  0.1685073E+04
OTHER_GAS           0.1875051E+03  0.1049896E+04  0.5883034E+02  0.1633673E+04  0.0000000E+00  0.1086099E+03  0.1312369E+03  0.0000000E+00  0.0000000E+00  0.0000000E+00  0.0000000E+00  0.0000000E+00  0.0000000E+00  0.0000000E+00  0.0000000E+00  0.0000000E+00  0.9699600E+03  0.0000000E+00  0.1644000E+04  0.5783711E+04
MOTOR_GASOLINE      0.0000000E+00  0.0000000E+00  0.0000000E+00  0.0000000E+00  0.0000000E+00  0.0000000E+00  0.0000000E+00  0.7155452E+05  0.6264602E+04  0.9868046E+04  0.4934705E+04  0.3794263E+05  0.0000000E+00  0.0000000E+00  0.0000000E+00  0.0000000E+00  0.0000000E+00  0.4819200E+02  0.0000000E+00  0.1306127E+06
KEROSENE            0.0000000E+00  0.3750697E+00  0.1406512E+00  0.9025118E+00  0.1289303E+00  0.5157210E+00  0.4489116E+01  0.0000000E+00  0.0000000E+00  0.0000000E+00  0.0000000E+00  0.0000000E+00  0.0000000E+00  0.0000000E+00  0.0000000E+00  0.0000000E+00  0.0000000E+00  0.0000000E+00  0.0000000E+00  0.6552000E+01
OTHER_LF            0.5104800E+02  0.1222810E+02  0.4047538E+02  0.1627935E+02  0.1059273E+02  0.1482983E+02  0.8732262E+02  0.0000000E+00  0.0000000E+00  0.0000000E+00  0.0000000E+00  0.0000000E+00  0.0000000E+00  0.0000000E+00  0.0000000E+00  0.4219131E+04  0.3103200E+02  0.0000000E+00  0.3852000E+01  0.4486791E+04
DIESEL_OIL          0.1274629E+01  0.2798788E+02  0.4384343E+02  0.6831689E+01  0.6437329E+01  0.1572796E+02  0.5449275E+02  0.0000000E+00  0.7406845E+04  0.3836088E+04  0.1359724E+05  0.0000000E+00  0.9557060E+04  0.2021220E+03  0.5606098E+02  0.0000000E+00  0.6889888E+01  0.6289319E+02  0.1619124E+01  0.3488341E+05
CRUDE_OIL           0.1008000E+01  0.1255222E+03  0.0000000E+00  0.1454472E+02  0.0000000E+00  0.1962108E-01  0.1435687E-02  0.0000000E+00  0.0000000E+00  0.0000000E+00  0.0000000E+00  0.0000000E+00  0.0000000E+00  0.0000000E+00  0.0000000E+00  0.0000000E+00  0.0000000E+00  0.0000000E+00  0.1320000E+02  0.1542960E+03
HEAVY_FUEL_OIL      0.6038400E+02  0.8718296E+02  0.3508728E+01  0.2370302E+02  0.3517223E+01  0.2347363E+02  0.7102410E+01  0.0000000E+00  0.0000000E+00  0.0000000E+00  0.0000000E+00  0.0000000E+00  0.0000000E+00  0.5125200E+02  0.0000000E+00  0.0000000E+00  0.0000000E+00  0.0000000E+00  0.5784000E+01  0.2659080E+03
OTHER_HF            0.1200000E-01  0.2713283E+02  0.1091976E+01  0.7376784E+01  0.1094620E+01  0.7305396E+01  0.2210392E+01  0.0000000E+00  0.0000000E+00  0.0000000E+00  0.0000000E+00  0.0000000E+00  0.0000000E+00  0.8400000E+00  0.0000000E+00  0.0000000E+00  0.0000000E+00  0.0000000E+00  0.0000000E+00  0.4706400E+02
FUELWOOD            0.0000000E+00  0.0000000E+00  0.0000000E+00  0.0000000E+00  0.0000000E+00  0.0000000E+00  0.0000000E+00  0.0000000E+00  0.0000000E+00  0.0000000E+00  0.0000000E+00  0.0000000E+00  0.0000000E+00  0.0000000E+00  0.0000000E+00  0.2535488E+05  0.0000000E+00  0.0000000E+00  0.0000000E+00  0.2535488E+05
CROP_RESIDUE        0.0000000E+00  0.0000000E+00  0.0000000E+00  0.0000000E+00  0.0000000E+00  0.0000000E+00  0.0000000E+00  0.0000000E+00  0.0000000E+00  0.0000000E+00  0.0000000E+00  0.0000000E+00  0.0000000E+00  0.0000000E+00  0.0000000E+00  0.1125150E+06  0.0000000E+00  0.0000000E+00  0.0000000E+00  0.1125150E+06
ANIMAL_WASTE        0.0000000E+00  0.0000000E+00  0.0000000E+00  0.0000000E+00  0.0000000E+00  0.0000000E+00  0.0000000E+00  0.0000000E+00  0.0000000E+00  0.0000000E+00  0.0000000E+00  0.0000000E+00  0.0000000E+00  0.0000000E+00  0.0000000E+00  0.0000000E+00  0.0000000E+00  0.0000000E+00  0.0000000E+00  0.0000000E+00
OTHERS              0.0000000E+00  0.0000000E+00  0.0000000E+00  0.0000000E+00  0.0000000E+00  0.0000000E+00  0.0000000E+00  0.0000000E+00  0.0000000E+00  0.0000000E+00  0.0000000E+00  0.0000000E+00  0.0000000E+00  0.0000000E+00  0.0000000E+00  0.0000000E+00  0.0000000E+00  0.0000000E+00  0.0000000E+00  0.0000000E+00
SUB_TOTAL           0.3525632E+04  0.2650622E+04  0.2956412E+04  0.3013292E+04  0.1484702E+03  0.6790761E+03  0.7976022E+03  0.7155452E+05  0.1367145E+05  0.1370413E+05  0.1853195E+05  0.3794263E+05  0.9557060E+04  0.2542140E+03  0.1374306E+03  0.1531718E+06  0.1195852E+04  0.8431452E+03  0.1980275E+04  0.3363156E+06
  
Non-Combustion Sources [t/year]
  
Evaporative emissions from vehicles [t/year]
  
Sector
CAR_EVAP            0.7858141E+05
SUB_TOTAL           0.7858141E+05
  
Solvent Use [t/year]
  
Sector
DRY_CLEANING        0.8742223E+03
DEGREASING          0.7588972E+04
VEHICLE             0.7224985E+04
DOM                 0.3872885E+04
PAINT_PROD          0.1000722E+04
INK_PROD            0.1454480E+01
PRINTING            0.1180538E+04
OTHER_PROD          0.1429728E+06
OTHER_USAGE         0.1543300E+05
SUB_TOTAL           0.1801496E+06
  
Paint Use [t/year]
  
Sector
ARCHITECTURAL       0.9880060E+04
DOM                 0.1286805E+04
VEHICLE             0.4115956E+04
OTHER_USAGE         0.2927469E+05
SUB_TOTAL           0.4455751E+05
  
Industry [t/year]
  
Sector
OIL_REFINERY        0.2936680E+04
CHEMICAL_IND        0.1433083E+06
COKE_OVENS          0.2093887E+05
STEEL               0.7043669E+04
OTHERS              0.9615030E+04
SUB_TOTAL           0.1838426E+06
  
Others [t/year]
  
Sector
EXTRACT_PROC        0.2963762E+05
WASTE               0.0000000E+00
SUB_TOTAL           0.2963762E+05
  
Total [t/year]
  
TOTAL               0.8530843E+06
