Year       : 2007
Country    : CHN
Sub-Region : LIAO
  
Combustion Sources [t/year]
  
Fuel Type           POWER_PLANTS   ENERGY         IRON_STEEL     CHEM_PETRCHEM  NON_FERR_MET   NON_MET_MINE   OTHERS         ROAD_CARS      ROAD_BUSES     ROAD_L_TRUCKS  ROAD_H_TRUCKS  ROAD_MC        ROAD_OTHERS    DOM_NAVI       RAILWAY_ETC    RESIDENT       COMM_PUB       AGR_FORE_FISH  OTHERS         SUB_TOTAL    
HARD_COAL           0.1998041E+06  0.1320980E+06  0.2472514E+06  0.6413076E+05  0.1871047E+05  0.3903904E+06  0.9172503E+05  0.0000000E+00  0.0000000E+00  0.0000000E+00  0.0000000E+00  0.0000000E+00  0.0000000E+00  0.0000000E+00  0.2815151E+04  0.3798825E+06  0.1119456E+05  0.4489968E+05  0.1912496E+05  0.1602027E+07
BROWN_COAL          0.0000000E+00  0.0000000E+00  0.0000000E+00  0.0000000E+00  0.0000000E+00  0.0000000E+00  0.0000000E+00  0.0000000E+00  0.0000000E+00  0.0000000E+00  0.0000000E+00  0.0000000E+00  0.0000000E+00  0.0000000E+00  0.0000000E+00  0.0000000E+00  0.0000000E+00  0.0000000E+00  0.0000000E+00  0.0000000E+00
DERIVED_COAL        0.0000000E+00  0.9618591E+01  0.9293649E+04  0.4408954E+03  0.9914947E+03  0.1779439E+04  0.2506600E+04  0.0000000E+00  0.0000000E+00  0.0000000E+00  0.0000000E+00  0.0000000E+00  0.0000000E+00  0.0000000E+00  0.8530500E+00  0.0000000E+00  0.0000000E+00  0.0000000E+00  0.0000000E+00  0.1502255E+05
NATURAL_GAS         0.3893100E+01  0.1471983E+03  0.8248175E+01  0.2290455E+03  0.0000000E+00  0.1522740E+02  0.1839978E+02  0.0000000E+00  0.0000000E+00  0.0000000E+00  0.0000000E+00  0.0000000E+00  0.0000000E+00  0.0000000E+00  0.0000000E+00  0.0000000E+00  0.1635102E+02  0.0000000E+00  0.0000000E+00  0.4383633E+03
COKE_OVEN_GAS       0.1046793E+04  0.1835859E+04  0.0000000E+00  0.2856660E+04  0.0000000E+00  0.1899165E+03  0.2294824E+03  0.0000000E+00  0.0000000E+00  0.0000000E+00  0.0000000E+00  0.0000000E+00  0.0000000E+00  0.0000000E+00  0.0000000E+00  0.0000000E+00  0.0000000E+00  0.0000000E+00  0.0000000E+00  0.6158711E+04
OTHER_GAS           0.1125031E+04  0.1679833E+04  0.0000000E+00  0.2613877E+04  0.0000000E+00  0.1737758E+03  0.2099791E+03  0.0000000E+00  0.0000000E+00  0.0000000E+00  0.0000000E+00  0.0000000E+00  0.0000000E+00  0.0000000E+00  0.0000000E+00  0.2156928E+04  0.1551936E+03  0.0000000E+00  0.2630400E+03  0.8377657E+04
MOTOR_GASOLINE      0.0000000E+00  0.0000000E+00  0.0000000E+00  0.0000000E+00  0.0000000E+00  0.0000000E+00  0.0000000E+00  0.5684999E+06  0.1076764E+06  0.9017039E+05  0.8502734E+05  0.8067866E+05  0.0000000E+00  0.0000000E+00  0.0000000E+00  0.0000000E+00  0.0000000E+00  0.4670166E+03  0.0000000E+00  0.9325197E+06
KEROSENE            0.0000000E+00  0.2355829E+02  0.8834361E+01  0.5668714E+02  0.8098164E+01  0.3239264E+02  0.2819632E+03  0.0000000E+00  0.0000000E+00  0.0000000E+00  0.0000000E+00  0.0000000E+00  0.0000000E+00  0.0000000E+00  0.0000000E+00  0.0000000E+00  0.0000000E+00  0.0000000E+00  0.0000000E+00  0.4115338E+03
OTHER_LF            0.1654132E+03  0.3953148E+02  0.1308503E+03  0.5262853E+02  0.3424459E+02  0.4794243E+02  0.2811712E+03  0.0000000E+00  0.0000000E+00  0.0000000E+00  0.0000000E+00  0.0000000E+00  0.2602248E+02  0.0000000E+00  0.0000000E+00  0.2333160E+03  0.9309600E+02  0.0000000E+00  0.1155600E+02  0.1115772E+04
DIESEL_OIL          0.6373146E+01  0.1399394E+03  0.2192171E+03  0.3415844E+02  0.3218665E+02  0.7863978E+02  0.2724637E+03  0.0000000E+00  0.2758073E+05  0.2139458E+05  0.4964950E+05  0.0000000E+00  0.5353595E+05  0.1010610E+04  0.2803049E+03  0.0000000E+00  0.3444944E+02  0.3144659E+03  0.8095620E+01  0.1545917E+06
CRUDE_OIL           0.5268816E+01  0.6561047E+03  0.0000000E+00  0.7602525E+02  0.0000000E+00  0.1025594E+00  0.7504340E-02  0.0000000E+00  0.0000000E+00  0.0000000E+00  0.0000000E+00  0.0000000E+00  0.0000000E+00  0.0000000E+00  0.0000000E+00  0.0000000E+00  0.0000000E+00  0.0000000E+00  0.6899640E+02  0.8065052E+03
HEAVY_FUEL_OIL      0.3019200E+03  0.4359148E+03  0.1754364E+02  0.1185151E+03  0.1758611E+02  0.1173682E+03  0.3551206E+02  0.0000000E+00  0.0000000E+00  0.0000000E+00  0.0000000E+00  0.0000000E+00  0.0000000E+00  0.2562600E+03  0.0000000E+00  0.0000000E+00  0.0000000E+00  0.0000000E+00  0.2892000E+02  0.1329540E+04
OTHER_HF            0.6000000E-01  0.1356641E+03  0.5459881E+01  0.3688392E+02  0.5473100E+01  0.3652698E+02  0.1105196E+02  0.0000000E+00  0.0000000E+00  0.0000000E+00  0.0000000E+00  0.0000000E+00  0.0000000E+00  0.4200000E+01  0.0000000E+00  0.0000000E+00  0.0000000E+00  0.0000000E+00  0.0000000E+00  0.2353199E+03
FUELWOOD            0.0000000E+00  0.0000000E+00  0.0000000E+00  0.0000000E+00  0.0000000E+00  0.0000000E+00  0.0000000E+00  0.0000000E+00  0.0000000E+00  0.0000000E+00  0.0000000E+00  0.0000000E+00  0.0000000E+00  0.0000000E+00  0.0000000E+00  0.5289692E+06  0.0000000E+00  0.0000000E+00  0.0000000E+00  0.5289692E+06
CROP_RESIDUE        0.0000000E+00  0.0000000E+00  0.0000000E+00  0.0000000E+00  0.0000000E+00  0.0000000E+00  0.0000000E+00  0.0000000E+00  0.0000000E+00  0.0000000E+00  0.0000000E+00  0.0000000E+00  0.0000000E+00  0.0000000E+00  0.0000000E+00  0.1261202E+07  0.0000000E+00  0.0000000E+00  0.0000000E+00  0.1261202E+07
ANIMAL_WASTE        0.0000000E+00  0.0000000E+00  0.0000000E+00  0.0000000E+00  0.0000000E+00  0.0000000E+00  0.0000000E+00  0.0000000E+00  0.0000000E+00  0.0000000E+00  0.0000000E+00  0.0000000E+00  0.0000000E+00  0.0000000E+00  0.0000000E+00  0.0000000E+00  0.0000000E+00  0.0000000E+00  0.0000000E+00  0.0000000E+00
OTHERS              0.0000000E+00  0.0000000E+00  0.0000000E+00  0.0000000E+00  0.0000000E+00  0.0000000E+00  0.0000000E+00  0.0000000E+00  0.0000000E+00  0.0000000E+00  0.0000000E+00  0.0000000E+00  0.0000000E+00  0.0000000E+00  0.0000000E+00  0.1003486E+05  0.0000000E+00  0.0000000E+00  0.0000000E+00  0.1003486E+05
SUB_TOTAL           0.2024589E+06  0.1372012E+06  0.2569352E+06  0.7064614E+05  0.1979955E+05  0.3928617E+06  0.9557166E+05  0.5684999E+06  0.1352571E+06  0.1115650E+06  0.1346768E+06  0.8067866E+05  0.5356197E+05  0.1271070E+04  0.3096309E+04  0.2182479E+07  0.1149365E+05  0.4568116E+05  0.1950557E+05  0.4523240E+07
  
Non-Combustion Sources [t/year]
  
Industry [t/year]
  
Sector
PIG_IRON            0.8868269E+06
CRUDE_STEEL         0.2097192E+07
IRON_STEEL_OTHERS   0.7047030E+06
ALUMINUM_ALUMINA    0.0000000E+00
COPPER              0.0000000E+00
ZINC                0.0000000E+00
LEAD                0.0000000E+00
CMENT               0.0000000E+00
BRICKS              0.0000000E+00
LIME                0.0000000E+00
COKE_OVENS          0.3289916E+05
OIL_REFINERY        0.0000000E+00
OTH_TRANSFORMATION  0.2031651E+04
SULPHRIC_ACID       0.0000000E+00
OTHERS              0.0000000E+00
SUB_TOTAL           0.3723653E+07
  
Total [t/year]
  
TOTAL               0.8246893E+07
