Year       : 2007
Country    : CHN
Sub-Region : CHON
  
Combustion Sources [t/year]
  
Fuel Type           POWER_PLANTS   ENERGY         IRON_STEEL     CHEM_PETRCHEM  NON_FERR_MET   NON_MET_MINE   OTHERS         ROAD_CARS      ROAD_BUSES     ROAD_L_TRUCKS  ROAD_H_TRUCKS  ROAD_MC        ROAD_OTHERS    DOM_NAVI       RAILWAY_ETC    RESIDENT       COMM_PUB       AGR_FORE_FISH  OTHERS         SUB_TOTAL    
HARD_COAL           0.3728413E+05  0.1265548E+06  0.1074798E+05  0.2736832E+05  0.4248415E+04  0.2969168E+06  0.2133841E+05  0.0000000E+00  0.0000000E+00  0.0000000E+00  0.0000000E+00  0.0000000E+00  0.0000000E+00  0.0000000E+00  0.6877686E+03  0.1125000E+06  0.9567600E+03  0.1977840E+06  0.8442000E+03  0.8372316E+06
BROWN_COAL          0.0000000E+00  0.0000000E+00  0.0000000E+00  0.0000000E+00  0.0000000E+00  0.0000000E+00  0.0000000E+00  0.0000000E+00  0.0000000E+00  0.0000000E+00  0.0000000E+00  0.0000000E+00  0.0000000E+00  0.0000000E+00  0.0000000E+00  0.0000000E+00  0.0000000E+00  0.0000000E+00  0.0000000E+00  0.0000000E+00
DERIVED_COAL        0.0000000E+00  0.2146250E+01  0.1698904E+04  0.1585406E+03  0.2698351E+02  0.8310399E+00  0.7948698E+03  0.0000000E+00  0.0000000E+00  0.0000000E+00  0.0000000E+00  0.0000000E+00  0.0000000E+00  0.0000000E+00  0.8530500E+02  0.8189280E+03  0.0000000E+00  0.7108750E+04  0.0000000E+00  0.1069526E+05
NATURAL_GAS         0.2257998E+02  0.2071426E+02  0.7766196E+02  0.1117919E+04  0.6737666E+02  0.2770617E+03  0.2518946E+03  0.0000000E+00  0.0000000E+00  0.0000000E+00  0.0000000E+00  0.0000000E+00  0.0000000E+00  0.0000000E+00  0.0000000E+00  0.4048824E+04  0.1465752E+03  0.2219067E+02  0.2219067E+01  0.6055017E+04
COKE_OVEN_GAS       0.1026489E+03  0.8005086E+00  0.0000000E+00  0.4320225E+02  0.2603788E+01  0.1070712E+02  0.9621692E+01  0.0000000E+00  0.0000000E+00  0.0000000E+00  0.0000000E+00  0.0000000E+00  0.0000000E+00  0.0000000E+00  0.0000000E+00  0.0000000E+00  0.0000000E+00  0.0000000E+00  0.0000000E+00  0.1695843E+03
OTHER_GAS           0.0000000E+00  0.1078807E+01  0.0000000E+00  0.5822160E+02  0.3509002E+01  0.1442948E+02  0.1296669E+02  0.0000000E+00  0.0000000E+00  0.0000000E+00  0.0000000E+00  0.0000000E+00  0.0000000E+00  0.0000000E+00  0.0000000E+00  0.0000000E+00  0.0000000E+00  0.0000000E+00  0.0000000E+00  0.9020558E+02
MOTOR_GASOLINE      0.0000000E+00  0.0000000E+00  0.0000000E+00  0.0000000E+00  0.0000000E+00  0.0000000E+00  0.0000000E+00  0.1857026E+06  0.2764267E+05  0.3961745E+05  0.5973176E+05  0.4617004E+05  0.0000000E+00  0.0000000E+00  0.0000000E+00  0.0000000E+00  0.0000000E+00  0.5279521E+02  0.0000000E+00  0.3589173E+06
KEROSENE            0.0000000E+00  0.1425998E+01  0.7419045E+00  0.9779649E+01  0.1445268E+00  0.4875374E+01  0.5614386E+02  0.0000000E+00  0.0000000E+00  0.0000000E+00  0.0000000E+00  0.0000000E+00  0.0000000E+00  0.0000000E+00  0.0000000E+00  0.1350245E+02  0.7537250E+01  0.0000000E+00  0.0000000E+00  0.9415101E+02
OTHER_LF            0.0000000E+00  0.2998992E-01  0.2132523E-01  0.1261764E+00  0.7133652E-02  0.2424431E-01  0.2275130E+01  0.0000000E+00  0.0000000E+00  0.0000000E+00  0.0000000E+00  0.0000000E+00  0.1302945E+03  0.0000000E+00  0.0000000E+00  0.1533600E+02  0.1188000E+02  0.3960000E+01  0.0000000E+00  0.1639545E+03
DIESEL_OIL          0.1108124E+02  0.6105131E+01  0.5913177E+02  0.5827943E+01  0.1626418E+01  0.3782549E+02  0.6029505E+02  0.0000000E+00  0.7777581E+04  0.1032538E+05  0.3831253E+05  0.0000000E+00  0.1308197E+05  0.2502506E+03  0.2208852E+02  0.1613382E+02  0.1883236E+02  0.3387528E+02  0.2468876E+01  0.7002300E+05
CRUDE_OIL           0.0000000E+00  0.3604755E-01  0.2531416E+00  0.7030466E-01  0.9240004E-02  0.1668729E+00  0.2798053E+00  0.0000000E+00  0.0000000E+00  0.0000000E+00  0.0000000E+00  0.0000000E+00  0.0000000E+00  0.0000000E+00  0.0000000E+00  0.0000000E+00  0.0000000E+00  0.0000000E+00  0.0000000E+00  0.8154120E+00
HEAVY_FUEL_OIL      0.3840000E+01  0.5225358E+00  0.3669475E+01  0.1019118E+01  0.1339407E+00  0.2418945E+01  0.4055985E+01  0.0000000E+00  0.0000000E+00  0.0000000E+00  0.0000000E+00  0.0000000E+00  0.0000000E+00  0.3138000E+02  0.0000000E+00  0.0000000E+00  0.0000000E+00  0.0000000E+00  0.0000000E+00  0.4704000E+02
OTHER_HF            0.0000000E+00  0.2320908E+01  0.1629843E+02  0.4526539E+01  0.5949142E+00  0.1074404E+02  0.1801516E+02  0.0000000E+00  0.0000000E+00  0.0000000E+00  0.0000000E+00  0.0000000E+00  0.0000000E+00  0.0000000E+00  0.0000000E+00  0.0000000E+00  0.0000000E+00  0.0000000E+00  0.0000000E+00  0.5249999E+02
FUELWOOD            0.0000000E+00  0.0000000E+00  0.0000000E+00  0.0000000E+00  0.0000000E+00  0.0000000E+00  0.0000000E+00  0.0000000E+00  0.0000000E+00  0.0000000E+00  0.0000000E+00  0.0000000E+00  0.0000000E+00  0.0000000E+00  0.0000000E+00  0.3308490E+06  0.0000000E+00  0.0000000E+00  0.0000000E+00  0.3308490E+06
CROP_RESIDUE        0.0000000E+00  0.0000000E+00  0.0000000E+00  0.0000000E+00  0.0000000E+00  0.0000000E+00  0.0000000E+00  0.0000000E+00  0.0000000E+00  0.0000000E+00  0.0000000E+00  0.0000000E+00  0.0000000E+00  0.0000000E+00  0.0000000E+00  0.6746891E+06  0.0000000E+00  0.0000000E+00  0.0000000E+00  0.6746891E+06
ANIMAL_WASTE        0.0000000E+00  0.0000000E+00  0.0000000E+00  0.0000000E+00  0.0000000E+00  0.0000000E+00  0.0000000E+00  0.0000000E+00  0.0000000E+00  0.0000000E+00  0.0000000E+00  0.0000000E+00  0.0000000E+00  0.0000000E+00  0.0000000E+00  0.0000000E+00  0.0000000E+00  0.0000000E+00  0.0000000E+00  0.0000000E+00
OTHERS              0.0000000E+00  0.0000000E+00  0.0000000E+00  0.0000000E+00  0.0000000E+00  0.0000000E+00  0.0000000E+00  0.0000000E+00  0.0000000E+00  0.0000000E+00  0.0000000E+00  0.0000000E+00  0.0000000E+00  0.0000000E+00  0.0000000E+00  0.2422577E+05  0.0000000E+00  0.0000000E+00  0.0000000E+00  0.2422577E+05
SUB_TOTAL           0.3742428E+05  0.1265900E+06  0.1260466E+05  0.2876755E+05  0.4351404E+04  0.2972759E+06  0.2254883E+05  0.1857026E+06  0.3542025E+05  0.4994283E+05  0.9804429E+05  0.4617004E+05  0.1321226E+05  0.2816306E+03  0.7951621E+03  0.1147177E+07  0.1141585E+04  0.2050056E+06  0.8488879E+03  0.2313304E+07
  
Non-Combustion Sources [t/year]
  
Industry [t/year]
  
Sector
PIG_IRON            0.7177074E+05
CRUDE_STEEL         0.1815220E+06
IRON_STEEL_OTHERS   0.5617648E+05
ALUMINUM_ALUMINA    0.0000000E+00
COPPER              0.0000000E+00
ZINC                0.0000000E+00
LEAD                0.0000000E+00
CMENT               0.0000000E+00
BRICKS              0.0000000E+00
LIME                0.0000000E+00
COKE_OVENS          0.7854973E+04
OIL_REFINERY        0.0000000E+00
OTH_TRANSFORMATION  0.0000000E+00
SULPHRIC_ACID       0.0000000E+00
OTHERS              0.0000000E+00
SUB_TOTAL           0.3173242E+06
  
Total [t/year]
  
TOTAL               0.2630628E+07
