Year       : 2007
Country    : CHN
Sub-Region : QING
  
Combustion Sources [t/year]
  
Fuel Type           POWER_PLANTS   ENERGY         IRON_STEEL     CHEM_PETRCHEM  NON_FERR_MET   NON_MET_MINE   OTHERS         ROAD_CARS      ROAD_BUSES     ROAD_L_TRUCKS  ROAD_H_TRUCKS  ROAD_MC        ROAD_OTHERS    DOM_NAVI       RAILWAY_ETC    RESIDENT       COMM_PUB       AGR_FORE_FISH  OTHERS         SUB_TOTAL    
HARD_COAL           0.1333167E+05  0.7003981E+03  0.2170005E+05  0.2598845E+05  0.2371523E+04  0.3356941E+03  0.5998096E+04  0.0000000E+00  0.0000000E+00  0.0000000E+00  0.0000000E+00  0.0000000E+00  0.0000000E+00  0.0000000E+00  0.3531361E+03  0.6000000E+05  0.9384000E+03  0.1523520E+04  0.3153760E+04  0.1363947E+06
BROWN_COAL          0.0000000E+00  0.0000000E+00  0.0000000E+00  0.0000000E+00  0.0000000E+00  0.0000000E+00  0.0000000E+00  0.0000000E+00  0.0000000E+00  0.0000000E+00  0.0000000E+00  0.0000000E+00  0.0000000E+00  0.0000000E+00  0.0000000E+00  0.0000000E+00  0.0000000E+00  0.0000000E+00  0.0000000E+00  0.0000000E+00
DERIVED_COAL        0.0000000E+00  0.4584893E+02  0.2015369E+03  0.1701236E+04  0.1552428E+03  0.4182707E+01  0.3252486E+03  0.0000000E+00  0.0000000E+00  0.0000000E+00  0.0000000E+00  0.0000000E+00  0.0000000E+00  0.0000000E+00  0.0000000E+00  0.0000000E+00  0.1474276E+03  0.0000000E+00  0.0000000E+00  0.2580724E+04
NATURAL_GAS         0.1969909E+03  0.0000000E+00  0.0000000E+00  0.0000000E+00  0.0000000E+00  0.0000000E+00  0.2417615E+03  0.0000000E+00  0.0000000E+00  0.0000000E+00  0.0000000E+00  0.0000000E+00  0.0000000E+00  0.0000000E+00  0.0000000E+00  0.2910093E+04  0.1319761E+03  0.3698445E+00  0.1823333E+03  0.3663525E+04
COKE_OVEN_GAS       0.0000000E+00  0.0000000E+00  0.0000000E+00  0.0000000E+00  0.0000000E+00  0.0000000E+00  0.3835234E+02  0.0000000E+00  0.0000000E+00  0.0000000E+00  0.0000000E+00  0.0000000E+00  0.0000000E+00  0.0000000E+00  0.0000000E+00  0.0000000E+00  0.0000000E+00  0.0000000E+00  0.0000000E+00  0.3835234E+02
OTHER_GAS           0.0000000E+00  0.0000000E+00  0.0000000E+00  0.0000000E+00  0.0000000E+00  0.0000000E+00  0.0000000E+00  0.0000000E+00  0.0000000E+00  0.0000000E+00  0.0000000E+00  0.0000000E+00  0.0000000E+00  0.0000000E+00  0.0000000E+00  0.0000000E+00  0.0000000E+00  0.0000000E+00  0.0000000E+00  0.0000000E+00
MOTOR_GASOLINE      0.0000000E+00  0.0000000E+00  0.0000000E+00  0.0000000E+00  0.0000000E+00  0.0000000E+00  0.0000000E+00  0.6786403E+05  0.1217567E+05  0.1336789E+05  0.1969713E+05  0.7565179E+04  0.0000000E+00  0.0000000E+00  0.0000000E+00  0.0000000E+00  0.0000000E+00  0.1197777E+02  0.0000000E+00  0.1206819E+06
KEROSENE            0.0000000E+00  0.0000000E+00  0.0000000E+00  0.0000000E+00  0.0000000E+00  0.0000000E+00  0.0000000E+00  0.0000000E+00  0.0000000E+00  0.0000000E+00  0.0000000E+00  0.0000000E+00  0.0000000E+00  0.0000000E+00  0.0000000E+00  0.0000000E+00  0.0000000E+00  0.0000000E+00  0.0000000E+00  0.0000000E+00
OTHER_LF            0.0000000E+00  0.3395632E+01  0.5854538E+00  0.5737447E+01  0.8196354E+00  0.8196354E+00  0.1756361E+01  0.0000000E+00  0.0000000E+00  0.0000000E+00  0.0000000E+00  0.0000000E+00  0.0000000E+00  0.0000000E+00  0.0000000E+00  0.1926000E+02  0.0000000E+00  0.0000000E+00  0.0000000E+00  0.3237416E+02
DIESEL_OIL          0.2411461E+01  0.1378131E+02  0.2376089E+01  0.2328567E+02  0.3326524E+01  0.3326524E+01  0.2314726E+02  0.0000000E+00  0.2802102E+04  0.2849762E+04  0.1033391E+05  0.0000000E+00  0.5928265E+05  0.0000000E+00  0.1725223E+02  0.0000000E+00  0.4880337E+01  0.1079416E+02  0.1337786E+02  0.7538638E+05
CRUDE_OIL           0.0000000E+00  0.5505710E+01  0.9492603E+00  0.9302751E+01  0.1328964E+01  0.1328964E+01  0.2847780E+01  0.0000000E+00  0.0000000E+00  0.0000000E+00  0.0000000E+00  0.0000000E+00  0.0000000E+00  0.0000000E+00  0.0000000E+00  0.0000000E+00  0.0000000E+00  0.0000000E+00  0.0000000E+00  0.2126343E+02
HEAVY_FUEL_OIL      0.2400000E+00  0.2019642E+00  0.3482143E-01  0.3412500E+00  0.4875000E-01  0.4875000E-01  0.1044643E+00  0.0000000E+00  0.0000000E+00  0.0000000E+00  0.0000000E+00  0.0000000E+00  0.0000000E+00  0.0000000E+00  0.0000000E+00  0.0000000E+00  0.0000000E+00  0.0000000E+00  0.0000000E+00  0.1020000E+01
OTHER_HF            0.0000000E+00  0.2412696E+02  0.4159822E+01  0.4076625E+02  0.5823750E+01  0.5823750E+01  0.1247946E+02  0.0000000E+00  0.0000000E+00  0.0000000E+00  0.0000000E+00  0.0000000E+00  0.0000000E+00  0.0000000E+00  0.0000000E+00  0.0000000E+00  0.0000000E+00  0.0000000E+00  0.0000000E+00  0.9317999E+02
FUELWOOD            0.0000000E+00  0.0000000E+00  0.0000000E+00  0.0000000E+00  0.0000000E+00  0.0000000E+00  0.0000000E+00  0.0000000E+00  0.0000000E+00  0.0000000E+00  0.0000000E+00  0.0000000E+00  0.0000000E+00  0.0000000E+00  0.0000000E+00  0.2180367E+05  0.0000000E+00  0.0000000E+00  0.0000000E+00  0.2180367E+05
CROP_RESIDUE        0.0000000E+00  0.0000000E+00  0.0000000E+00  0.0000000E+00  0.0000000E+00  0.0000000E+00  0.0000000E+00  0.0000000E+00  0.0000000E+00  0.0000000E+00  0.0000000E+00  0.0000000E+00  0.0000000E+00  0.0000000E+00  0.0000000E+00  0.1182203E+06  0.0000000E+00  0.0000000E+00  0.0000000E+00  0.1182203E+06
ANIMAL_WASTE        0.0000000E+00  0.0000000E+00  0.0000000E+00  0.0000000E+00  0.0000000E+00  0.0000000E+00  0.0000000E+00  0.0000000E+00  0.0000000E+00  0.0000000E+00  0.0000000E+00  0.0000000E+00  0.0000000E+00  0.0000000E+00  0.0000000E+00  0.0000000E+00  0.0000000E+00  0.0000000E+00  0.0000000E+00  0.0000000E+00
OTHERS              0.0000000E+00  0.0000000E+00  0.0000000E+00  0.0000000E+00  0.0000000E+00  0.0000000E+00  0.0000000E+00  0.0000000E+00  0.0000000E+00  0.0000000E+00  0.0000000E+00  0.0000000E+00  0.0000000E+00  0.0000000E+00  0.0000000E+00  0.1810500E+04  0.0000000E+00  0.0000000E+00  0.0000000E+00  0.1810500E+04
SUB_TOTAL           0.1353131E+05  0.7932586E+03  0.2190969E+05  0.2776912E+05  0.2538113E+04  0.3512244E+03  0.6643794E+04  0.6786403E+05  0.1497777E+05  0.1621765E+05  0.3003104E+05  0.7565179E+04  0.5928265E+05  0.0000000E+00  0.3703883E+03  0.2047638E+06  0.1222684E+04  0.1546662E+04  0.3349471E+04  0.4807279E+06
  
Non-Combustion Sources [t/year]
  
Industry [t/year]
  
Sector
PIG_IRON            0.1969007E+05
CRUDE_STEEL         0.5810464E+05
IRON_STEEL_OTHERS   0.0000000E+00
ALUMINUM_ALUMINA    0.0000000E+00
COPPER              0.0000000E+00
ZINC                0.0000000E+00
LEAD                0.0000000E+00
CMENT               0.0000000E+00
BRICKS              0.0000000E+00
LIME                0.0000000E+00
COKE_OVENS          0.1341120E+04
OIL_REFINERY        0.0000000E+00
OTH_TRANSFORMATION  0.0000000E+00
SULPHRIC_ACID       0.0000000E+00
OTHERS              0.0000000E+00
SUB_TOTAL           0.7913583E+05
  
Total [t/year]
  
TOTAL               0.5598637E+06
