Year       : 2007
Country    : CHN
Sub-Region : ZHEJ
  
Combustion Sources [t/year]
  
Fuel Type           POWER_PLANTS   ENERGY         IRON_STEEL     CHEM_PETRCHEM  NON_FERR_MET   NON_MET_MINE   OTHERS         ROAD_CARS      ROAD_BUSES     ROAD_L_TRUCKS  ROAD_H_TRUCKS  ROAD_MC        ROAD_OTHERS    DOM_NAVI       RAILWAY_ETC    RESIDENT       COMM_PUB       AGR_FORE_FISH  OTHERS         SUB_TOTAL    
HARD_COAL           0.2265200E+06  0.7441593E+05  0.0000000E+00  0.0000000E+00  0.0000000E+00  0.1138507E+07  0.2716630E+07  0.0000000E+00  0.0000000E+00  0.0000000E+00  0.0000000E+00  0.0000000E+00  0.0000000E+00  0.0000000E+00  0.1229390E+03  0.0000000E+00  0.1969800E+05  0.7348560E+04  0.0000000E+00  0.4183242E+07
BROWN_COAL          0.0000000E+00  0.0000000E+00  0.0000000E+00  0.0000000E+00  0.0000000E+00  0.0000000E+00  0.0000000E+00  0.0000000E+00  0.0000000E+00  0.0000000E+00  0.0000000E+00  0.0000000E+00  0.0000000E+00  0.0000000E+00  0.0000000E+00  0.0000000E+00  0.0000000E+00  0.0000000E+00  0.0000000E+00  0.0000000E+00
DERIVED_COAL        0.0000000E+00  0.1477837E+04  0.0000000E+00  0.0000000E+00  0.0000000E+00  0.3382198E+04  0.6821483E+04  0.0000000E+00  0.0000000E+00  0.0000000E+00  0.0000000E+00  0.0000000E+00  0.0000000E+00  0.0000000E+00  0.0000000E+00  0.7027645E+05  0.4655610E+04  0.0000000E+00  0.0000000E+00  0.8661358E+05
NATURAL_GAS         0.1134872E+04  0.0000000E+00  0.0000000E+00  0.0000000E+00  0.0000000E+00  0.0000000E+00  0.2452653E+03  0.0000000E+00  0.0000000E+00  0.0000000E+00  0.0000000E+00  0.0000000E+00  0.0000000E+00  0.0000000E+00  0.0000000E+00  0.1366478E+04  0.5839650E+01  0.0000000E+00  0.0000000E+00  0.2752455E+04
COKE_OVEN_GAS       0.2481622E+02  0.0000000E+00  0.0000000E+00  0.0000000E+00  0.0000000E+00  0.0000000E+00  0.2391381E+03  0.0000000E+00  0.0000000E+00  0.0000000E+00  0.0000000E+00  0.0000000E+00  0.0000000E+00  0.0000000E+00  0.0000000E+00  0.0000000E+00  0.0000000E+00  0.0000000E+00  0.0000000E+00  0.2639543E+03
OTHER_GAS           0.3768000E+02  0.0000000E+00  0.0000000E+00  0.0000000E+00  0.0000000E+00  0.0000000E+00  0.1116333E+03  0.0000000E+00  0.0000000E+00  0.0000000E+00  0.0000000E+00  0.0000000E+00  0.0000000E+00  0.0000000E+00  0.0000000E+00  0.0000000E+00  0.0000000E+00  0.0000000E+00  0.0000000E+00  0.1493133E+03
MOTOR_GASOLINE      0.0000000E+00  0.0000000E+00  0.0000000E+00  0.0000000E+00  0.0000000E+00  0.0000000E+00  0.0000000E+00  0.1490820E+07  0.1115754E+06  0.1722146E+06  0.7445359E+05  0.1651643E+06  0.0000000E+00  0.0000000E+00  0.0000000E+00  0.0000000E+00  0.0000000E+00  0.8140230E+02  0.0000000E+00  0.2014309E+07
KEROSENE            0.0000000E+00  0.0000000E+00  0.0000000E+00  0.0000000E+00  0.0000000E+00  0.0000000E+00  0.3889221E+03  0.0000000E+00  0.0000000E+00  0.0000000E+00  0.0000000E+00  0.0000000E+00  0.0000000E+00  0.0000000E+00  0.0000000E+00  0.0000000E+00  0.0000000E+00  0.0000000E+00  0.0000000E+00  0.3889221E+03
OTHER_LF            0.3914675E+00  0.0000000E+00  0.0000000E+00  0.0000000E+00  0.0000000E+00  0.0000000E+00  0.3432501E+03  0.0000000E+00  0.0000000E+00  0.0000000E+00  0.0000000E+00  0.0000000E+00  0.0000000E+00  0.0000000E+00  0.0000000E+00  0.6118920E+03  0.9000000E+02  0.0000000E+00  0.3600000E+02  0.1081534E+04
DIESEL_OIL          0.1624865E+02  0.0000000E+00  0.0000000E+00  0.0000000E+00  0.0000000E+00  0.0000000E+00  0.1860270E+04  0.0000000E+00  0.3214296E+05  0.4595601E+05  0.4889612E+05  0.0000000E+00  0.1751758E+06  0.5840604E+03  0.3238066E+02  0.6889887E+02  0.8612358E+02  0.1122937E+04  0.8612358E+02  0.3060279E+06
CRUDE_OIL           0.9502686E+02  0.4778136E-01  0.0000000E+00  0.0000000E+00  0.0000000E+00  0.0000000E+00  0.9558027E+00  0.0000000E+00  0.0000000E+00  0.0000000E+00  0.0000000E+00  0.0000000E+00  0.0000000E+00  0.0000000E+00  0.0000000E+00  0.0000000E+00  0.0000000E+00  0.0000000E+00  0.0000000E+00  0.9603044E+02
HEAVY_FUEL_OIL      0.1784036E+03  0.4334097E+02  0.0000000E+00  0.0000000E+00  0.0000000E+00  0.0000000E+00  0.8669790E+03  0.0000000E+00  0.0000000E+00  0.0000000E+00  0.0000000E+00  0.0000000E+00  0.0000000E+00  0.2520000E+03  0.0000000E+00  0.0000000E+00  0.1800000E+02  0.0000000E+00  0.6000000E+01  0.1364724E+04
OTHER_HF            0.0000000E+00  0.3426542E+02  0.0000000E+00  0.0000000E+00  0.0000000E+00  0.0000000E+00  0.6854346E+03  0.0000000E+00  0.0000000E+00  0.0000000E+00  0.0000000E+00  0.0000000E+00  0.0000000E+00  0.0000000E+00  0.0000000E+00  0.0000000E+00  0.0000000E+00  0.0000000E+00  0.0000000E+00  0.7197000E+03
FUELWOOD            0.0000000E+00  0.0000000E+00  0.0000000E+00  0.0000000E+00  0.0000000E+00  0.0000000E+00  0.0000000E+00  0.0000000E+00  0.0000000E+00  0.0000000E+00  0.0000000E+00  0.0000000E+00  0.0000000E+00  0.0000000E+00  0.0000000E+00  0.1753174E+06  0.0000000E+00  0.0000000E+00  0.0000000E+00  0.1753174E+06
CROP_RESIDUE        0.0000000E+00  0.0000000E+00  0.0000000E+00  0.0000000E+00  0.0000000E+00  0.0000000E+00  0.0000000E+00  0.0000000E+00  0.0000000E+00  0.0000000E+00  0.0000000E+00  0.0000000E+00  0.0000000E+00  0.0000000E+00  0.0000000E+00  0.2709714E+06  0.0000000E+00  0.0000000E+00  0.0000000E+00  0.2709714E+06
ANIMAL_WASTE        0.0000000E+00  0.0000000E+00  0.0000000E+00  0.0000000E+00  0.0000000E+00  0.0000000E+00  0.0000000E+00  0.0000000E+00  0.0000000E+00  0.0000000E+00  0.0000000E+00  0.0000000E+00  0.0000000E+00  0.0000000E+00  0.0000000E+00  0.0000000E+00  0.0000000E+00  0.0000000E+00  0.0000000E+00  0.0000000E+00
OTHERS              0.0000000E+00  0.0000000E+00  0.0000000E+00  0.0000000E+00  0.0000000E+00  0.0000000E+00  0.0000000E+00  0.0000000E+00  0.0000000E+00  0.0000000E+00  0.0000000E+00  0.0000000E+00  0.0000000E+00  0.0000000E+00  0.0000000E+00  0.8976246E+04  0.0000000E+00  0.0000000E+00  0.0000000E+00  0.8976246E+04
SUB_TOTAL           0.2280074E+06  0.7597142E+05  0.0000000E+00  0.0000000E+00  0.0000000E+00  0.1141889E+07  0.2728193E+07  0.1490820E+07  0.1437184E+06  0.2181706E+06  0.1233497E+06  0.1651643E+06  0.1751758E+06  0.8360604E+03  0.1553197E+03  0.5275888E+06  0.2455357E+05  0.8552899E+04  0.1281236E+03  0.7052275E+07
  
Non-Combustion Sources [t/year]
  
Industry [t/year]
  
Sector
PIG_IRON            0.5203477E+05
CRUDE_STEEL         0.2923872E+06
IRON_STEEL_OTHERS   0.4225417E+05
ALUMINUM_ALUMINA    0.0000000E+00
COPPER              0.0000000E+00
ZINC                0.0000000E+00
LEAD                0.0000000E+00
CMENT               0.0000000E+00
BRICKS              0.0000000E+00
LIME                0.0000000E+00
COKE_OVENS          0.2003797E+04
OIL_REFINERY        0.0000000E+00
OTH_TRANSFORMATION  0.0000000E+00
SULPHRIC_ACID       0.0000000E+00
OTHERS              0.0000000E+00
SUB_TOTAL           0.3886799E+06
  
Total [t/year]
  
TOTAL               0.7440955E+07
