Year       : 2007
Country    : CHN
Sub-Region : TIAN
  
Combustion Sources [t/year]
  
Fuel Type           POWER_PLANTS   ENERGY         IRON_STEEL     CHEM_PETRCHEM  NON_FERR_MET   NON_MET_MINE   OTHERS         ROAD_CARS      ROAD_BUSES     ROAD_L_TRUCKS  ROAD_H_TRUCKS  ROAD_MC        ROAD_OTHERS    DOM_NAVI       RAILWAY_ETC    RESIDENT       COMM_PUB       AGR_FORE_FISH  OTHERS         SUB_TOTAL    
HARD_COAL           0.5497401E+05  0.4941259E+04  0.6765305E+05  0.2945379E+05  0.1292802E+04  0.9892274E+05  0.4646096E+05  0.0000000E+00  0.0000000E+00  0.0000000E+00  0.0000000E+00  0.0000000E+00  0.0000000E+00  0.0000000E+00  0.4857973E+03  0.5661000E+05  0.1458016E+05  0.6292800E+04  0.2008544E+05  0.4017528E+06
BROWN_COAL          0.0000000E+00  0.0000000E+00  0.0000000E+00  0.0000000E+00  0.0000000E+00  0.0000000E+00  0.0000000E+00  0.0000000E+00  0.0000000E+00  0.0000000E+00  0.0000000E+00  0.0000000E+00  0.0000000E+00  0.0000000E+00  0.0000000E+00  0.0000000E+00  0.0000000E+00  0.0000000E+00  0.0000000E+00  0.0000000E+00
DERIVED_COAL        0.0000000E+00  0.0000000E+00  0.4125583E+04  0.4853584E+02  0.3512462E+01  0.1915888E+01  0.2049664E+03  0.0000000E+00  0.0000000E+00  0.0000000E+00  0.0000000E+00  0.0000000E+00  0.0000000E+00  0.0000000E+00  0.0000000E+00  0.0000000E+00  0.0000000E+00  0.0000000E+00  0.0000000E+00  0.4384514E+04
NATURAL_GAS         0.5917512E+02  0.6764475E+02  0.1499948E+03  0.8058548E+02  0.4705719E+01  0.4058685E+02  0.6058615E+02  0.0000000E+00  0.0000000E+00  0.0000000E+00  0.0000000E+00  0.0000000E+00  0.0000000E+00  0.0000000E+00  0.0000000E+00  0.1751117E+04  0.1529988E+03  0.0000000E+00  0.2588912E+01  0.2369984E+04
COKE_OVEN_GAS       0.8121672E+02  0.9554427E+02  0.0000000E+00  0.1138223E+03  0.6646555E+01  0.5732656E+02  0.8557442E+02  0.0000000E+00  0.0000000E+00  0.0000000E+00  0.0000000E+00  0.0000000E+00  0.0000000E+00  0.0000000E+00  0.0000000E+00  0.0000000E+00  0.0000000E+00  0.0000000E+00  0.0000000E+00  0.4401308E+03
OTHER_GAS           0.7159200E+02  0.1774489E+02  0.0000000E+00  0.2113956E+02  0.1234427E+01  0.1064693E+02  0.1589325E+02  0.0000000E+00  0.0000000E+00  0.0000000E+00  0.0000000E+00  0.0000000E+00  0.0000000E+00  0.0000000E+00  0.0000000E+00  0.0000000E+00  0.0000000E+00  0.0000000E+00  0.0000000E+00  0.1382511E+03
MOTOR_GASOLINE      0.0000000E+00  0.0000000E+00  0.0000000E+00  0.0000000E+00  0.0000000E+00  0.0000000E+00  0.0000000E+00  0.3607071E+06  0.3189664E+05  0.3161472E+05  0.1726574E+05  0.4908190E+05  0.0000000E+00  0.0000000E+00  0.0000000E+00  0.0000000E+00  0.0000000E+00  0.5314407E+02  0.0000000E+00  0.4906192E+06
KEROSENE            0.0000000E+00  0.1014585E+02  0.8543873E+01  0.1129012E+02  0.7628460E+00  0.2593677E+01  0.3751378E+02  0.0000000E+00  0.0000000E+00  0.0000000E+00  0.0000000E+00  0.0000000E+00  0.0000000E+00  0.0000000E+00  0.0000000E+00  0.0000000E+00  0.2185803E+02  0.2584200E+01  0.6977340E+02  0.1650658E+03
OTHER_LF            0.0000000E+00  0.1725307E+02  0.1452890E+02  0.1919891E+02  0.1297223E+01  0.4410560E+01  0.6180495E+02  0.0000000E+00  0.0000000E+00  0.0000000E+00  0.0000000E+00  0.0000000E+00  0.0000000E+00  0.0000000E+00  0.0000000E+00  0.2908800E+02  0.1184400E+02  0.0000000E+00  0.6300000E+01  0.1657256E+03
DIESEL_OIL          0.0000000E+00  0.9296684E+02  0.1430713E+02  0.1171654E+02  0.1530804E+01  0.1271744E+02  0.1452275E+03  0.0000000E+00  0.8528535E+04  0.7830217E+04  0.1052412E+05  0.0000000E+00  0.1789212E+05  0.4176121E+03  0.5246281E+01  0.8445855E+02  0.4535843E+03  0.9289866E+02  0.4851629E+02  0.4615577E+05
CRUDE_OIL           0.0000000E+00  0.7351252E+02  0.0000000E+00  0.1254480E+00  0.0000000E+00  0.2258064E+01  0.0000000E+00  0.0000000E+00  0.0000000E+00  0.0000000E+00  0.0000000E+00  0.0000000E+00  0.0000000E+00  0.0000000E+00  0.0000000E+00  0.0000000E+00  0.0000000E+00  0.0000000E+00  0.0000000E+00  0.7589603E+02
HEAVY_FUEL_OIL      0.2280052E+03  0.6673806E+02  0.2658719E+02  0.1095897E+03  0.2580700E+01  0.1038281E+02  0.8221495E+01  0.0000000E+00  0.0000000E+00  0.0000000E+00  0.0000000E+00  0.0000000E+00  0.0000000E+00  0.3060000E+03  0.0000000E+00  0.0000000E+00  0.0000000E+00  0.0000000E+00  0.0000000E+00  0.7581052E+03
OTHER_HF            0.0000000E+00  0.2357356E+03  0.9391260E+02  0.3870982E+03  0.9115680E+01  0.3667469E+02  0.2250330E+02  0.0000000E+00  0.0000000E+00  0.0000000E+00  0.0000000E+00  0.0000000E+00  0.0000000E+00  0.0000000E+00  0.0000000E+00  0.0000000E+00  0.0000000E+00  0.1200000E+01  0.0000000E+00  0.7862401E+03
FUELWOOD            0.0000000E+00  0.0000000E+00  0.0000000E+00  0.0000000E+00  0.0000000E+00  0.0000000E+00  0.0000000E+00  0.0000000E+00  0.0000000E+00  0.0000000E+00  0.0000000E+00  0.0000000E+00  0.0000000E+00  0.0000000E+00  0.0000000E+00  0.9533800E+03  0.0000000E+00  0.0000000E+00  0.0000000E+00  0.9533800E+03
CROP_RESIDUE        0.0000000E+00  0.0000000E+00  0.0000000E+00  0.0000000E+00  0.0000000E+00  0.0000000E+00  0.0000000E+00  0.0000000E+00  0.0000000E+00  0.0000000E+00  0.0000000E+00  0.0000000E+00  0.0000000E+00  0.0000000E+00  0.0000000E+00  0.2859980E+06  0.0000000E+00  0.0000000E+00  0.0000000E+00  0.2859980E+06
ANIMAL_WASTE        0.0000000E+00  0.0000000E+00  0.0000000E+00  0.0000000E+00  0.0000000E+00  0.0000000E+00  0.0000000E+00  0.0000000E+00  0.0000000E+00  0.0000000E+00  0.0000000E+00  0.0000000E+00  0.0000000E+00  0.0000000E+00  0.0000000E+00  0.0000000E+00  0.0000000E+00  0.0000000E+00  0.0000000E+00  0.0000000E+00
OTHERS              0.0000000E+00  0.0000000E+00  0.0000000E+00  0.0000000E+00  0.0000000E+00  0.0000000E+00  0.0000000E+00  0.0000000E+00  0.0000000E+00  0.0000000E+00  0.0000000E+00  0.0000000E+00  0.0000000E+00  0.0000000E+00  0.0000000E+00  0.5610420E+03  0.0000000E+00  0.0000000E+00  0.0000000E+00  0.5610420E+03
SUB_TOTAL           0.5541400E+05  0.5618545E+04  0.7208651E+05  0.3025689E+05  0.1324188E+04  0.9910225E+05  0.4710325E+05  0.3607071E+06  0.4042518E+05  0.3944494E+05  0.2778986E+05  0.4908190E+05  0.1789212E+05  0.7236121E+03  0.4910436E+03  0.3459871E+06  0.1522045E+05  0.6442627E+04  0.2021262E+05  0.1235324E+07
  
Non-Combustion Sources [t/year]
  
Industry [t/year]
  
Sector
PIG_IRON            0.3137210E+06
CRUDE_STEEL         0.8115353E+06
IRON_STEEL_OTHERS   0.0000000E+00
ALUMINUM_ALUMINA    0.0000000E+00
COPPER              0.0000000E+00
ZINC                0.0000000E+00
LEAD                0.0000000E+00
CMENT               0.0000000E+00
BRICKS              0.0000000E+00
LIME                0.0000000E+00
COKE_OVENS          0.1184570E+05
OIL_REFINERY        0.4116000E+02
OTH_TRANSFORMATION  0.0000000E+00
SULPHRIC_ACID       0.0000000E+00
OTHERS              0.0000000E+00
SUB_TOTAL           0.1137143E+07
  
Total [t/year]
  
TOTAL               0.2372467E+07
