Year       : 2007
Country    : CHN
Sub-Region : JINU
  
Combustion Sources [t/year]
  
Fuel Type           POWER_PLANTS   ENERGY         IRON_STEEL     CHEM_PETRCHEM  NON_FERR_MET   NON_MET_MINE   OTHERS         ROAD_CARS      ROAD_BUSES     ROAD_L_TRUCKS  ROAD_H_TRUCKS  ROAD_MC        ROAD_OTHERS    DOM_NAVI       RAILWAY_ETC    RESIDENT       COMM_PUB       AGR_FORE_FISH  OTHERS         SUB_TOTAL    
HARD_COAL           0.3011080E+06  0.9114191E+05  0.0000000E+00  0.0000000E+00  0.0000000E+00  0.1008145E+07  0.4870856E+07  0.0000000E+00  0.0000000E+00  0.0000000E+00  0.0000000E+00  0.0000000E+00  0.0000000E+00  0.0000000E+00  0.1326613E+04  0.5925750E+05  0.3216000E+05  0.5066004E+05  0.0000000E+00  0.6414655E+07
BROWN_COAL          0.0000000E+00  0.0000000E+00  0.0000000E+00  0.0000000E+00  0.0000000E+00  0.0000000E+00  0.0000000E+00  0.0000000E+00  0.0000000E+00  0.0000000E+00  0.0000000E+00  0.0000000E+00  0.0000000E+00  0.0000000E+00  0.0000000E+00  0.0000000E+00  0.0000000E+00  0.0000000E+00  0.0000000E+00  0.0000000E+00
DERIVED_COAL        0.0000000E+00  0.3280096E+04  0.0000000E+00  0.0000000E+00  0.0000000E+00  0.2637581E+04  0.1924902E+05  0.0000000E+00  0.0000000E+00  0.0000000E+00  0.0000000E+00  0.0000000E+00  0.0000000E+00  0.0000000E+00  0.0000000E+00  0.1412202E+05  0.0000000E+00  0.0000000E+00  0.0000000E+00  0.3928872E+05
NATURAL_GAS         0.1728537E+04  0.0000000E+00  0.0000000E+00  0.0000000E+00  0.0000000E+00  0.0000000E+00  0.1055225E+04  0.0000000E+00  0.0000000E+00  0.0000000E+00  0.0000000E+00  0.0000000E+00  0.0000000E+00  0.0000000E+00  0.0000000E+00  0.1746055E+04  0.1751895E+02  0.0000000E+00  0.0000000E+00  0.4547336E+04
COKE_OVEN_GAS       0.1185539E+04  0.0000000E+00  0.0000000E+00  0.0000000E+00  0.0000000E+00  0.0000000E+00  0.1613054E+04  0.0000000E+00  0.0000000E+00  0.0000000E+00  0.0000000E+00  0.0000000E+00  0.0000000E+00  0.0000000E+00  0.0000000E+00  0.0000000E+00  0.1579214E+02  0.0000000E+00  0.0000000E+00  0.2814385E+04
OTHER_GAS           0.8819004E+03  0.0000000E+00  0.0000000E+00  0.0000000E+00  0.0000000E+00  0.0000000E+00  0.1375169E+04  0.0000000E+00  0.0000000E+00  0.0000000E+00  0.0000000E+00  0.0000000E+00  0.0000000E+00  0.0000000E+00  0.0000000E+00  0.1736064E+03  0.0000000E+00  0.0000000E+00  0.0000000E+00  0.2430676E+04
MOTOR_GASOLINE      0.0000000E+00  0.0000000E+00  0.0000000E+00  0.0000000E+00  0.0000000E+00  0.0000000E+00  0.0000000E+00  0.1483511E+07  0.1611626E+06  0.7670744E+05  0.1414534E+06  0.1099740E+07  0.0000000E+00  0.0000000E+00  0.0000000E+00  0.0000000E+00  0.0000000E+00  0.1829226E+03  0.0000000E+00  0.2962757E+07
KEROSENE            0.0000000E+00  0.0000000E+00  0.0000000E+00  0.0000000E+00  0.0000000E+00  0.0000000E+00  0.3346539E+03  0.0000000E+00  0.0000000E+00  0.0000000E+00  0.0000000E+00  0.0000000E+00  0.0000000E+00  0.0000000E+00  0.0000000E+00  0.0000000E+00  0.2261175E+01  0.4307000E+00  0.6460500E+01  0.3438063E+03
OTHER_LF            0.1000156E+02  0.0000000E+00  0.0000000E+00  0.0000000E+00  0.0000000E+00  0.0000000E+00  0.3773935E+03  0.0000000E+00  0.0000000E+00  0.0000000E+00  0.0000000E+00  0.0000000E+00  0.3186920E+02  0.0000000E+00  0.0000000E+00  0.2452320E+03  0.2354400E+02  0.0000000E+00  0.0000000E+00  0.6880403E+03
DIESEL_OIL          0.3444944E+02  0.0000000E+00  0.0000000E+00  0.0000000E+00  0.0000000E+00  0.0000000E+00  0.8023847E+03  0.0000000E+00  0.4519445E+05  0.1992569E+05  0.9042852E+05  0.0000000E+00  0.1445312E+06  0.6599682E+03  0.7073400E+02  0.0000000E+00  0.3984652E+02  0.7004718E+03  0.2181798E+02  0.3024095E+06
CRUDE_OIL           0.0000000E+00  0.4601178E+01  0.0000000E+00  0.0000000E+00  0.0000000E+00  0.0000000E+00  0.9205652E+02  0.0000000E+00  0.0000000E+00  0.0000000E+00  0.0000000E+00  0.0000000E+00  0.0000000E+00  0.0000000E+00  0.0000000E+00  0.0000000E+00  0.0000000E+00  0.0000000E+00  0.0000000E+00  0.9665770E+02
HEAVY_FUEL_OIL      0.3065384E+03  0.5740901E+02  0.0000000E+00  0.0000000E+00  0.0000000E+00  0.0000000E+00  0.1162811E+04  0.0000000E+00  0.0000000E+00  0.0000000E+00  0.0000000E+00  0.0000000E+00  0.0000000E+00  0.1653000E+03  0.0000000E+00  0.0000000E+00  0.0000000E+00  0.2412000E+02  0.0000000E+00  0.1716178E+04
OTHER_HF            0.2688000E+02  0.4982303E+02  0.0000000E+00  0.0000000E+00  0.0000000E+00  0.0000000E+00  0.1524817E+04  0.0000000E+00  0.0000000E+00  0.0000000E+00  0.0000000E+00  0.0000000E+00  0.0000000E+00  0.0000000E+00  0.0000000E+00  0.0000000E+00  0.0000000E+00  0.0000000E+00  0.0000000E+00  0.1601520E+04
FUELWOOD            0.0000000E+00  0.0000000E+00  0.0000000E+00  0.0000000E+00  0.0000000E+00  0.0000000E+00  0.0000000E+00  0.0000000E+00  0.0000000E+00  0.0000000E+00  0.0000000E+00  0.0000000E+00  0.0000000E+00  0.0000000E+00  0.0000000E+00  0.1183889E+06  0.0000000E+00  0.0000000E+00  0.0000000E+00  0.1183889E+06
CROP_RESIDUE        0.0000000E+00  0.0000000E+00  0.0000000E+00  0.0000000E+00  0.0000000E+00  0.0000000E+00  0.0000000E+00  0.0000000E+00  0.0000000E+00  0.0000000E+00  0.0000000E+00  0.0000000E+00  0.0000000E+00  0.0000000E+00  0.0000000E+00  0.1962515E+07  0.0000000E+00  0.0000000E+00  0.0000000E+00  0.1962515E+07
ANIMAL_WASTE        0.0000000E+00  0.0000000E+00  0.0000000E+00  0.0000000E+00  0.0000000E+00  0.0000000E+00  0.0000000E+00  0.0000000E+00  0.0000000E+00  0.0000000E+00  0.0000000E+00  0.0000000E+00  0.0000000E+00  0.0000000E+00  0.0000000E+00  0.0000000E+00  0.0000000E+00  0.0000000E+00  0.0000000E+00  0.0000000E+00
OTHERS              0.0000000E+00  0.0000000E+00  0.0000000E+00  0.0000000E+00  0.0000000E+00  0.0000000E+00  0.0000000E+00  0.0000000E+00  0.0000000E+00  0.0000000E+00  0.0000000E+00  0.0000000E+00  0.0000000E+00  0.0000000E+00  0.0000000E+00  0.1017501E+05  0.0000000E+00  0.0000000E+00  0.0000000E+00  0.1017501E+05
SUB_TOTAL           0.3052818E+06  0.9453384E+05  0.0000000E+00  0.0000000E+00  0.0000000E+00  0.1010783E+07  0.4898443E+07  0.1483511E+07  0.2063570E+06  0.9663313E+05  0.2318819E+06  0.1099740E+07  0.1445631E+06  0.8252682E+03  0.1397347E+04  0.2166623E+07  0.3225896E+05  0.5156799E+05  0.2827848E+02  0.1182443E+08
  
Non-Combustion Sources [t/year]
  
Industry [t/year]
  
Sector
PIG_IRON            0.8309979E+06
CRUDE_STEEL         0.2391590E+07
IRON_STEEL_OTHERS   0.5825511E+06
ALUMINUM_ALUMINA    0.0000000E+00
COPPER              0.0000000E+00
ZINC                0.0000000E+00
LEAD                0.0000000E+00
CMENT               0.0000000E+00
BRICKS              0.0000000E+00
LIME                0.0000000E+00
COKE_OVENS          0.2313475E+05
OIL_REFINERY        0.0000000E+00
OTH_TRANSFORMATION  0.2320095E+02
SULPHRIC_ACID       0.0000000E+00
OTHERS              0.0000000E+00
SUB_TOTAL           0.3828297E+07
  
Total [t/year]
  
TOTAL               0.1565273E+08
