Year       : 2007
Country    : CHN
Sub-Region : ANHU
  
Combustion Sources [t/year]
  
Fuel Type           POWER_PLANTS   ENERGY         IRON_STEEL     CHEM_PETRCHEM  NON_FERR_MET   NON_MET_MINE   OTHERS         ROAD_CARS      ROAD_BUSES     ROAD_L_TRUCKS  ROAD_H_TRUCKS  ROAD_MC        ROAD_OTHERS    DOM_NAVI       RAILWAY_ETC    RESIDENT       COMM_PUB       AGR_FORE_FISH  OTHERS         SUB_TOTAL    
HARD_COAL           0.9501757E+05  0.2314722E+06  0.9047383E+05  0.1331435E+06  0.2285963E+04  0.6414685E+06  0.4794343E+05  0.0000000E+00  0.0000000E+00  0.0000000E+00  0.0000000E+00  0.0000000E+00  0.0000000E+00  0.0000000E+00  0.4788978E+03  0.0000000E+00  0.5145600E+05  0.2975604E+05  0.2211000E+05  0.1345606E+07
BROWN_COAL          0.0000000E+00  0.0000000E+00  0.0000000E+00  0.0000000E+00  0.0000000E+00  0.0000000E+00  0.0000000E+00  0.0000000E+00  0.0000000E+00  0.0000000E+00  0.0000000E+00  0.0000000E+00  0.0000000E+00  0.0000000E+00  0.0000000E+00  0.0000000E+00  0.0000000E+00  0.0000000E+00  0.0000000E+00  0.0000000E+00
DERIVED_COAL        0.0000000E+00  0.8318070E+00  0.4730690E+04  0.6634783E+03  0.1694083E+03  0.5131970E+02  0.4719291E+03  0.0000000E+00  0.0000000E+00  0.0000000E+00  0.0000000E+00  0.0000000E+00  0.0000000E+00  0.0000000E+00  0.0000000E+00  0.3345832E+06  0.0000000E+00  0.0000000E+00  0.0000000E+00  0.3406709E+06
NATURAL_GAS         0.0000000E+00  0.0000000E+00  0.0000000E+00  0.0000000E+00  0.0000000E+00  0.0000000E+00  0.1238006E+03  0.0000000E+00  0.0000000E+00  0.0000000E+00  0.0000000E+00  0.0000000E+00  0.0000000E+00  0.0000000E+00  0.0000000E+00  0.6427508E+03  0.2335860E+02  0.0000000E+00  0.0000000E+00  0.7899100E+03
COKE_OVEN_GAS       0.2425222E+03  0.0000000E+00  0.0000000E+00  0.0000000E+00  0.0000000E+00  0.0000000E+00  0.2218796E+04  0.0000000E+00  0.0000000E+00  0.0000000E+00  0.0000000E+00  0.0000000E+00  0.0000000E+00  0.0000000E+00  0.0000000E+00  0.9013668E+02  0.0000000E+00  0.0000000E+00  0.0000000E+00  0.2551455E+04
OTHER_GAS           0.4173060E+03  0.0000000E+00  0.0000000E+00  0.0000000E+00  0.0000000E+00  0.0000000E+00  0.3215360E+01  0.0000000E+00  0.0000000E+00  0.0000000E+00  0.0000000E+00  0.0000000E+00  0.0000000E+00  0.0000000E+00  0.0000000E+00  0.0000000E+00  0.0000000E+00  0.0000000E+00  0.0000000E+00  0.4205214E+03
MOTOR_GASOLINE      0.0000000E+00  0.0000000E+00  0.0000000E+00  0.0000000E+00  0.0000000E+00  0.0000000E+00  0.0000000E+00  0.2828354E+06  0.6302202E+05  0.6115441E+05  0.1021469E+06  0.1310739E+06  0.0000000E+00  0.0000000E+00  0.0000000E+00  0.0000000E+00  0.0000000E+00  0.1305925E+03  0.0000000E+00  0.6403632E+06
KEROSENE            0.0000000E+00  0.2003897E+01  0.6098817E+00  0.3293362E+01  0.5663189E+00  0.2883869E+01  0.2908266E+02  0.0000000E+00  0.0000000E+00  0.0000000E+00  0.0000000E+00  0.0000000E+00  0.0000000E+00  0.0000000E+00  0.0000000E+00  0.0000000E+00  0.0000000E+00  0.0000000E+00  0.0000000E+00  0.3843999E+02
OTHER_LF            0.1976911E+02  0.4936685E+01  0.3870810E+01  0.9773843E+01  0.1038731E+01  0.2542537E+01  0.2769376E+02  0.0000000E+00  0.0000000E+00  0.0000000E+00  0.0000000E+00  0.0000000E+00  0.0000000E+00  0.0000000E+00  0.0000000E+00  0.1306800E+03  0.0000000E+00  0.0000000E+00  0.0000000E+00  0.2003055E+03
DIESEL_OIL          0.2296629E+00  0.2195490E+02  0.3294634E+02  0.1237616E+02  0.8411934E+01  0.5070926E+02  0.9229794E+02  0.0000000E+00  0.1782148E+05  0.1601896E+05  0.6584880E+05  0.0000000E+00  0.1709649E+04  0.7345116E+02  0.1021753E+03  0.0000000E+00  0.8612358E+01  0.3027532E+03  0.0000000E+00  0.1021048E+06
CRUDE_OIL           0.0000000E+00  0.2248036E+02  0.0000000E+00  0.3450138E-01  0.0000000E+00  0.8600341E-03  0.2190087E-02  0.0000000E+00  0.0000000E+00  0.0000000E+00  0.0000000E+00  0.0000000E+00  0.0000000E+00  0.0000000E+00  0.0000000E+00  0.0000000E+00  0.0000000E+00  0.0000000E+00  0.0000000E+00  0.2251791E+02
HEAVY_FUEL_OIL      0.0000000E+00  0.9048408E+01  0.1876508E+01  0.6882876E+01  0.3417260E+02  0.1998037E+02  0.7479244E+01  0.0000000E+00  0.0000000E+00  0.0000000E+00  0.0000000E+00  0.0000000E+00  0.0000000E+00  0.0000000E+00  0.0000000E+00  0.0000000E+00  0.0000000E+00  0.0000000E+00  0.0000000E+00  0.7944001E+02
OTHER_HF            0.0000000E+00  0.5742048E+02  0.1190817E+02  0.4367820E+02  0.2168566E+03  0.1267939E+03  0.4746269E+02  0.0000000E+00  0.0000000E+00  0.0000000E+00  0.0000000E+00  0.0000000E+00  0.0000000E+00  0.0000000E+00  0.0000000E+00  0.0000000E+00  0.0000000E+00  0.0000000E+00  0.0000000E+00  0.5041200E+03
FUELWOOD            0.0000000E+00  0.0000000E+00  0.0000000E+00  0.0000000E+00  0.0000000E+00  0.0000000E+00  0.0000000E+00  0.0000000E+00  0.0000000E+00  0.0000000E+00  0.0000000E+00  0.0000000E+00  0.0000000E+00  0.0000000E+00  0.0000000E+00  0.5366615E+06  0.0000000E+00  0.0000000E+00  0.0000000E+00  0.5366615E+06
CROP_RESIDUE        0.0000000E+00  0.0000000E+00  0.0000000E+00  0.0000000E+00  0.0000000E+00  0.0000000E+00  0.0000000E+00  0.0000000E+00  0.0000000E+00  0.0000000E+00  0.0000000E+00  0.0000000E+00  0.0000000E+00  0.0000000E+00  0.0000000E+00  0.2761997E+07  0.0000000E+00  0.0000000E+00  0.0000000E+00  0.2761997E+07
ANIMAL_WASTE        0.0000000E+00  0.0000000E+00  0.0000000E+00  0.0000000E+00  0.0000000E+00  0.0000000E+00  0.0000000E+00  0.0000000E+00  0.0000000E+00  0.0000000E+00  0.0000000E+00  0.0000000E+00  0.0000000E+00  0.0000000E+00  0.0000000E+00  0.0000000E+00  0.0000000E+00  0.0000000E+00  0.0000000E+00  0.0000000E+00
OTHERS              0.0000000E+00  0.0000000E+00  0.0000000E+00  0.0000000E+00  0.0000000E+00  0.0000000E+00  0.0000000E+00  0.0000000E+00  0.0000000E+00  0.0000000E+00  0.0000000E+00  0.0000000E+00  0.0000000E+00  0.0000000E+00  0.0000000E+00  0.1556817E+05  0.0000000E+00  0.0000000E+00  0.0000000E+00  0.1556817E+05
SUB_TOTAL           0.9569740E+05  0.2315909E+06  0.9525573E+05  0.1338830E+06  0.2716417E+04  0.6417227E+06  0.5096519E+05  0.2828354E+06  0.8084350E+05  0.7717337E+05  0.1679957E+06  0.1310739E+06  0.1709649E+04  0.7345116E+02  0.5810731E+03  0.3649673E+07  0.5148797E+05  0.3018939E+05  0.2211000E+05  0.5747578E+07
  
Non-Combustion Sources [t/year]
  
Industry [t/year]
  
Sector
PIG_IRON            0.3317085E+06
CRUDE_STEEL         0.8426769E+06
IRON_STEEL_OTHERS   0.2453039E+06
ALUMINUM_ALUMINA    0.0000000E+00
COPPER              0.0000000E+00
ZINC                0.0000000E+00
LEAD                0.0000000E+00
CMENT               0.0000000E+00
BRICKS              0.0000000E+00
LIME                0.0000000E+00
COKE_OVENS          0.1817020E+05
OIL_REFINERY        0.0000000E+00
OTH_TRANSFORMATION  0.1300076E+03
SULPHRIC_ACID       0.0000000E+00
OTHERS              0.0000000E+00
SUB_TOTAL           0.1437990E+07
  
Total [t/year]
  
TOTAL               0.7185568E+07
