Year       : 2007
Country    : CHN
Sub-Region : HUBE
  
Combustion Sources [t/year]
  
Fuel Type           POWER_PLANTS   ENERGY         IRON_STEEL     CHEM_PETRCHEM  NON_FERR_MET   NON_MET_MINE   OTHERS         ROAD_CARS      ROAD_BUSES     ROAD_L_TRUCKS  ROAD_H_TRUCKS  ROAD_MC        ROAD_OTHERS    DOM_NAVI       RAILWAY_ETC    RESIDENT       COMM_PUB       AGR_FORE_FISH  OTHERS         SUB_TOTAL    
HARD_COAL           0.8110358E+05  0.5357665E+04  0.1139106E+06  0.2898125E+06  0.2086695E+05  0.1120701E+07  0.2129868E+06  0.0000000E+00  0.0000000E+00  0.0000000E+00  0.0000000E+00  0.0000000E+00  0.0000000E+00  0.0000000E+00  0.4343637E+04  0.4074675E+06  0.1172795E+06  0.7129872E+05  0.4574760E+05  0.2490876E+07
BROWN_COAL          0.0000000E+00  0.0000000E+00  0.0000000E+00  0.0000000E+00  0.0000000E+00  0.0000000E+00  0.0000000E+00  0.0000000E+00  0.0000000E+00  0.0000000E+00  0.0000000E+00  0.0000000E+00  0.0000000E+00  0.0000000E+00  0.0000000E+00  0.0000000E+00  0.0000000E+00  0.0000000E+00  0.0000000E+00  0.0000000E+00
DERIVED_COAL        0.0000000E+00  0.4178100E+03  0.7262779E+03  0.2260062E+05  0.1627280E+04  0.1663500E+05  0.1245412E+05  0.0000000E+00  0.0000000E+00  0.0000000E+00  0.0000000E+00  0.0000000E+00  0.0000000E+00  0.0000000E+00  0.0000000E+00  0.0000000E+00  0.0000000E+00  0.0000000E+00  0.0000000E+00  0.5446111E+05
NATURAL_GAS         0.1401516E+02  0.0000000E+00  0.0000000E+00  0.0000000E+00  0.0000000E+00  0.0000000E+00  0.3071656E+03  0.0000000E+00  0.0000000E+00  0.0000000E+00  0.0000000E+00  0.0000000E+00  0.0000000E+00  0.0000000E+00  0.0000000E+00  0.1594224E+04  0.0000000E+00  0.1479378E+01  0.0000000E+00  0.1916884E+04
COKE_OVEN_GAS       0.2182699E+04  0.0000000E+00  0.0000000E+00  0.0000000E+00  0.0000000E+00  0.0000000E+00  0.9328644E+03  0.0000000E+00  0.0000000E+00  0.0000000E+00  0.0000000E+00  0.0000000E+00  0.0000000E+00  0.0000000E+00  0.0000000E+00  0.0000000E+00  0.0000000E+00  0.0000000E+00  0.0000000E+00  0.3115563E+04
OTHER_GAS           0.9693180E+02  0.0000000E+00  0.0000000E+00  0.0000000E+00  0.0000000E+00  0.0000000E+00  0.1161549E+03  0.0000000E+00  0.0000000E+00  0.0000000E+00  0.0000000E+00  0.0000000E+00  0.0000000E+00  0.0000000E+00  0.0000000E+00  0.0000000E+00  0.0000000E+00  0.0000000E+00  0.0000000E+00  0.2130867E+03
MOTOR_GASOLINE      0.0000000E+00  0.0000000E+00  0.0000000E+00  0.0000000E+00  0.0000000E+00  0.0000000E+00  0.0000000E+00  0.3320442E+06  0.6080271E+05  0.5903426E+05  0.8327718E+05  0.2350588E+07  0.0000000E+00  0.0000000E+00  0.0000000E+00  0.0000000E+00  0.0000000E+00  0.1990868E+03  0.0000000E+00  0.2885945E+07
KEROSENE            0.0000000E+00  0.5822231E+02  0.4366674E+02  0.8812029E+02  0.1337540E+02  0.5035443E+02  0.2753758E+03  0.0000000E+00  0.0000000E+00  0.0000000E+00  0.0000000E+00  0.0000000E+00  0.0000000E+00  0.0000000E+00  0.0000000E+00  0.3411144E+02  0.0000000E+00  0.0000000E+00  0.0000000E+00  0.5632264E+03
OTHER_LF            0.3808978E+02  0.1339798E+02  0.1004848E+02  0.2027802E+02  0.3077913E+01  0.1158744E+02  0.6336878E+02  0.0000000E+00  0.0000000E+00  0.0000000E+00  0.0000000E+00  0.0000000E+00  0.0000000E+00  0.0000000E+00  0.0000000E+00  0.1843920E+03  0.2808000E+02  0.0000000E+00  0.0000000E+00  0.3723204E+03
DIESEL_OIL          0.1504292E+02  0.1302741E+03  0.1324972E+03  0.7669722E+02  0.2489880E+02  0.8269962E+02  0.6811523E+03  0.0000000E+00  0.1703186E+05  0.1531786E+05  0.5317851E+05  0.0000000E+00  0.3810159E+04  0.1421921E+03  0.9980568E+02  0.4501393E+02  0.1280371E+03  0.7700022E+03  0.0000000E+00  0.9166670E+05
CRUDE_OIL           0.0000000E+00  0.8213039E+01  0.7910927E+01  0.6366783E+01  0.1633656E+01  0.5594715E+01  0.3024503E+02  0.0000000E+00  0.0000000E+00  0.0000000E+00  0.0000000E+00  0.0000000E+00  0.0000000E+00  0.0000000E+00  0.0000000E+00  0.0000000E+00  0.0000000E+00  0.0000000E+00  0.0000000E+00  0.5996415E+02
HEAVY_FUEL_OIL      0.4020000E+02  0.7169338E+02  0.6905616E+02  0.5557703E+02  0.1426054E+02  0.4883747E+02  0.2640154E+03  0.0000000E+00  0.0000000E+00  0.0000000E+00  0.0000000E+00  0.0000000E+00  0.0000000E+00  0.1776000E+03  0.0000000E+00  0.0000000E+00  0.0000000E+00  0.0000000E+00  0.0000000E+00  0.7412400E+03
OTHER_HF            0.5142000E+02  0.1479806E+03  0.1425372E+03  0.1147152E+03  0.2943484E+02  0.1008043E+03  0.5449478E+03  0.0000000E+00  0.0000000E+00  0.0000000E+00  0.0000000E+00  0.0000000E+00  0.0000000E+00  0.0000000E+00  0.0000000E+00  0.0000000E+00  0.0000000E+00  0.0000000E+00  0.0000000E+00  0.1131840E+04
FUELWOOD            0.0000000E+00  0.0000000E+00  0.0000000E+00  0.0000000E+00  0.0000000E+00  0.0000000E+00  0.0000000E+00  0.0000000E+00  0.0000000E+00  0.0000000E+00  0.0000000E+00  0.0000000E+00  0.0000000E+00  0.0000000E+00  0.0000000E+00  0.6478609E+06  0.0000000E+00  0.0000000E+00  0.0000000E+00  0.6478609E+06
CROP_RESIDUE        0.0000000E+00  0.0000000E+00  0.0000000E+00  0.0000000E+00  0.0000000E+00  0.0000000E+00  0.0000000E+00  0.0000000E+00  0.0000000E+00  0.0000000E+00  0.0000000E+00  0.0000000E+00  0.0000000E+00  0.0000000E+00  0.0000000E+00  0.1487816E+07  0.0000000E+00  0.0000000E+00  0.0000000E+00  0.1487816E+07
ANIMAL_WASTE        0.0000000E+00  0.0000000E+00  0.0000000E+00  0.0000000E+00  0.0000000E+00  0.0000000E+00  0.0000000E+00  0.0000000E+00  0.0000000E+00  0.0000000E+00  0.0000000E+00  0.0000000E+00  0.0000000E+00  0.0000000E+00  0.0000000E+00  0.0000000E+00  0.0000000E+00  0.0000000E+00  0.0000000E+00  0.0000000E+00
OTHERS              0.0000000E+00  0.0000000E+00  0.0000000E+00  0.0000000E+00  0.0000000E+00  0.0000000E+00  0.0000000E+00  0.0000000E+00  0.0000000E+00  0.0000000E+00  0.0000000E+00  0.0000000E+00  0.0000000E+00  0.0000000E+00  0.0000000E+00  0.5791300E+05  0.0000000E+00  0.0000000E+00  0.0000000E+00  0.5791300E+05
SUB_TOTAL           0.8354198E+05  0.6205256E+04  0.1150426E+06  0.3127749E+06  0.2258091E+05  0.1137636E+07  0.2286562E+06  0.3320442E+06  0.7783457E+05  0.7435212E+05  0.1364557E+06  0.2350588E+07  0.3810159E+04  0.3197921E+03  0.4443443E+04  0.2602915E+07  0.1174356E+06  0.7226929E+05  0.4574760E+05  0.7724653E+07
  
Non-Combustion Sources [t/year]
  
Industry [t/year]
  
Sector
PIG_IRON            0.3671349E+06
CRUDE_STEEL         0.9007053E+06
IRON_STEEL_OTHERS   0.3391400E+06
ALUMINUM_ALUMINA    0.0000000E+00
COPPER              0.0000000E+00
ZINC                0.0000000E+00
LEAD                0.0000000E+00
CMENT               0.0000000E+00
BRICKS              0.0000000E+00
LIME                0.0000000E+00
COKE_OVENS          0.2139537E+05
OIL_REFINERY        0.0000000E+00
OTH_TRANSFORMATION  0.8410902E+02
SULPHRIC_ACID       0.0000000E+00
OTHERS              0.0000000E+00
SUB_TOTAL           0.1628460E+07
  
Total [t/year]
  
TOTAL               0.9353113E+07
