Year       : 2007
Country    : CHN
Sub-Region : BEIJ
  
Combustion Sources [t/year]
  
Fuel Type           POWER_PLANTS   ENERGY         IRON_STEEL     CHEM_PETRCHEM  NON_FERR_MET   NON_MET_MINE   OTHERS         ROAD_CARS      ROAD_BUSES     ROAD_L_TRUCKS  ROAD_H_TRUCKS  ROAD_MC        ROAD_OTHERS    DOM_NAVI       RAILWAY_ETC    RESIDENT       COMM_PUB       AGR_FORE_FISH  OTHERS         SUB_TOTAL    
HARD_COAL           0.2711816E+05  0.2586369E+04  0.4894179E+05  0.1534329E+05  0.1190532E+03  0.1582713E+06  0.4127286E+05  0.0000000E+00  0.0000000E+00  0.0000000E+00  0.0000000E+00  0.0000000E+00  0.0000000E+00  0.0000000E+00  0.8558690E+03  0.2077500E+06  0.2216096E+05  0.1873488E+05  0.9946304E+05  0.6426176E+06
BROWN_COAL          0.0000000E+00  0.0000000E+00  0.0000000E+00  0.0000000E+00  0.0000000E+00  0.0000000E+00  0.0000000E+00  0.0000000E+00  0.0000000E+00  0.0000000E+00  0.0000000E+00  0.0000000E+00  0.0000000E+00  0.0000000E+00  0.0000000E+00  0.0000000E+00  0.0000000E+00  0.0000000E+00  0.0000000E+00  0.0000000E+00
DERIVED_COAL        0.0000000E+00  0.0000000E+00  0.1437931E+04  0.6187349E+00  0.8971656E+01  0.1457121E+03  0.2304553E+03  0.0000000E+00  0.0000000E+00  0.0000000E+00  0.0000000E+00  0.0000000E+00  0.0000000E+00  0.0000000E+00  0.0000000E+00  0.0000000E+00  0.0000000E+00  0.0000000E+00  0.0000000E+00  0.1823689E+04
NATURAL_GAS         0.6641628E+03  0.1279749E+03  0.3199374E+02  0.2346207E+02  0.0000000E+00  0.3999216E+02  0.1100212E+03  0.0000000E+00  0.0000000E+00  0.0000000E+00  0.0000000E+00  0.0000000E+00  0.0000000E+00  0.0000000E+00  0.0000000E+00  0.4544805E+04  0.3264364E+03  0.0000000E+00  0.4867154E+03  0.6355564E+04
COKE_OVEN_GAS       0.7106463E+02  0.3541989E+03  0.0000000E+00  0.6493647E+02  0.0000000E+00  0.1106871E+03  0.2479392E+03  0.0000000E+00  0.0000000E+00  0.0000000E+00  0.0000000E+00  0.0000000E+00  0.0000000E+00  0.0000000E+00  0.0000000E+00  0.0000000E+00  0.0000000E+00  0.0000000E+00  0.0000000E+00  0.8488263E+03
OTHER_GAS           0.2742162E+03  0.2969415E+03  0.0000000E+00  0.5443926E+02  0.0000000E+00  0.9279421E+02  0.2078590E+03  0.0000000E+00  0.0000000E+00  0.0000000E+00  0.0000000E+00  0.0000000E+00  0.0000000E+00  0.0000000E+00  0.0000000E+00  0.0000000E+00  0.0000000E+00  0.0000000E+00  0.0000000E+00  0.9262502E+03
MOTOR_GASOLINE      0.0000000E+00  0.0000000E+00  0.0000000E+00  0.0000000E+00  0.0000000E+00  0.0000000E+00  0.0000000E+00  0.1107365E+07  0.1005835E+06  0.2920418E+05  0.2278021E+05  0.2704566E+05  0.0000000E+00  0.0000000E+00  0.0000000E+00  0.0000000E+00  0.0000000E+00  0.5709790E+02  0.0000000E+00  0.1287036E+07
KEROSENE            0.0000000E+00  0.7537250E+00  0.7537250E+00  0.3014900E+01  0.0000000E+00  0.0000000E+00  0.1130587E+02  0.0000000E+00  0.0000000E+00  0.0000000E+00  0.0000000E+00  0.0000000E+00  0.0000000E+00  0.0000000E+00  0.0000000E+00  0.0000000E+00  0.7537250E+00  0.0000000E+00  0.1464380E+02  0.3122575E+02
OTHER_LF            0.1718543E+02  0.1115604E+02  0.2597111E+02  0.3338169E+02  0.1951097E+01  0.1836450E+02  0.1683257E+03  0.0000000E+00  0.0000000E+00  0.0000000E+00  0.0000000E+00  0.0000000E+00  0.1188239E+03  0.0000000E+00  0.0000000E+00  0.9925200E+02  0.9939600E+02  0.2160000E+00  0.7380000E+01  0.6014035E+03
DIESEL_OIL          0.4790556E+02  0.9518835E+01  0.3285158E+02  0.1282721E+02  0.7545414E+00  0.6593538E+02  0.1610572E+03  0.0000000E+00  0.3377278E+05  0.8737458E+04  0.1743688E+05  0.0000000E+00  0.6857585E+04  0.0000000E+00  0.4813511E+02  0.0000000E+00  0.6958788E+02  0.4771247E+02  0.1070229E+03  0.6740801E+05
CRUDE_OIL           0.0000000E+00  0.0000000E+00  0.0000000E+00  0.0000000E+00  0.0000000E+00  0.0000000E+00  0.0000000E+00  0.0000000E+00  0.0000000E+00  0.0000000E+00  0.0000000E+00  0.0000000E+00  0.0000000E+00  0.0000000E+00  0.0000000E+00  0.0000000E+00  0.0000000E+00  0.0000000E+00  0.0000000E+00  0.0000000E+00
HEAVY_FUEL_OIL      0.1405800E+03  0.2674747E+02  0.9663606E+00  0.3126865E+02  0.3106158E+00  0.2550500E+02  0.3761902E+01  0.0000000E+00  0.0000000E+00  0.0000000E+00  0.0000000E+00  0.0000000E+00  0.0000000E+00  0.0000000E+00  0.0000000E+00  0.0000000E+00  0.0000000E+00  0.0000000E+00  0.0000000E+00  0.2291400E+03
OTHER_HF            0.1104000E+03  0.1139123E+03  0.4115543E+01  0.1331672E+03  0.1322853E+01  0.1086209E+03  0.1602121E+02  0.0000000E+00  0.0000000E+00  0.0000000E+00  0.0000000E+00  0.0000000E+00  0.0000000E+00  0.0000000E+00  0.0000000E+00  0.0000000E+00  0.0000000E+00  0.0000000E+00  0.0000000E+00  0.4875600E+03
FUELWOOD            0.0000000E+00  0.0000000E+00  0.0000000E+00  0.0000000E+00  0.0000000E+00  0.0000000E+00  0.0000000E+00  0.0000000E+00  0.0000000E+00  0.0000000E+00  0.0000000E+00  0.0000000E+00  0.0000000E+00  0.0000000E+00  0.0000000E+00  0.3191211E+05  0.0000000E+00  0.0000000E+00  0.0000000E+00  0.3191211E+05
CROP_RESIDUE        0.0000000E+00  0.0000000E+00  0.0000000E+00  0.0000000E+00  0.0000000E+00  0.0000000E+00  0.0000000E+00  0.0000000E+00  0.0000000E+00  0.0000000E+00  0.0000000E+00  0.0000000E+00  0.0000000E+00  0.0000000E+00  0.0000000E+00  0.3592125E+05  0.0000000E+00  0.0000000E+00  0.0000000E+00  0.3592125E+05
ANIMAL_WASTE        0.0000000E+00  0.0000000E+00  0.0000000E+00  0.0000000E+00  0.0000000E+00  0.0000000E+00  0.0000000E+00  0.0000000E+00  0.0000000E+00  0.0000000E+00  0.0000000E+00  0.0000000E+00  0.0000000E+00  0.0000000E+00  0.0000000E+00  0.0000000E+00  0.0000000E+00  0.0000000E+00  0.0000000E+00  0.0000000E+00
OTHERS              0.0000000E+00  0.0000000E+00  0.0000000E+00  0.0000000E+00  0.0000000E+00  0.0000000E+00  0.0000000E+00  0.0000000E+00  0.0000000E+00  0.0000000E+00  0.0000000E+00  0.0000000E+00  0.0000000E+00  0.0000000E+00  0.0000000E+00  0.1185984E+04  0.0000000E+00  0.0000000E+00  0.0000000E+00  0.1185984E+04
SUB_TOTAL           0.2844367E+05  0.3527573E+04  0.5047637E+05  0.1570041E+05  0.1323640E+03  0.1588789E+06  0.4242961E+05  0.1107365E+07  0.1343563E+06  0.3794164E+05  0.4021709E+05  0.2704566E+05  0.6976409E+04  0.0000000E+00  0.9040041E+03  0.2814134E+06  0.2265713E+05  0.1883991E+05  0.1000788E+06  0.2077384E+07
  
Non-Combustion Sources [t/year]
  
Industry [t/year]
  
Sector
PIG_IRON            0.1705883E+06
CRUDE_STEEL         0.4106784E+06
IRON_STEEL_OTHERS   0.1853879E+06
ALUMINUM_ALUMINA    0.0000000E+00
COPPER              0.0000000E+00
ZINC                0.0000000E+00
LEAD                0.0000000E+00
CMENT               0.0000000E+00
BRICKS              0.0000000E+00
LIME                0.0000000E+00
COKE_OVENS          0.2831840E+04
OIL_REFINERY        0.0000000E+00
OTH_TRANSFORMATION  0.3719952E+03
SULPHRIC_ACID       0.0000000E+00
OTHERS              0.0000000E+00
SUB_TOTAL           0.7698584E+06
  
Total [t/year]
  
TOTAL               0.2847243E+07
