Year       : 2007
Country    : CHN
Sub-Region : SHND
  
Combustion Sources [t/year]
  
Fuel Type           POWER_PLANTS   ENERGY         IRON_STEEL     CHEM_PETRCHEM  NON_FERR_MET   NON_MET_MINE   OTHERS         ROAD_CARS      ROAD_BUSES     ROAD_L_TRUCKS  ROAD_H_TRUCKS  ROAD_MC        ROAD_OTHERS    DOM_NAVI       RAILWAY_ETC    RESIDENT       COMM_PUB       AGR_FORE_FISH  OTHERS         SUB_TOTAL    
HARD_COAL           0.3768854E+06  0.1995595E+06  0.0000000E+00  0.0000000E+00  0.0000000E+00  0.2945493E+07  0.7034615E+07  0.0000000E+00  0.0000000E+00  0.0000000E+00  0.0000000E+00  0.0000000E+00  0.0000000E+00  0.0000000E+00  0.2254927E+04  0.4557000E+06  0.8128440E+05  0.2202960E+06  0.6351600E+05  0.1137960E+08
BROWN_COAL          0.0000000E+00  0.0000000E+00  0.0000000E+00  0.0000000E+00  0.0000000E+00  0.0000000E+00  0.0000000E+00  0.0000000E+00  0.0000000E+00  0.0000000E+00  0.0000000E+00  0.0000000E+00  0.0000000E+00  0.0000000E+00  0.0000000E+00  0.0000000E+00  0.0000000E+00  0.0000000E+00  0.0000000E+00  0.0000000E+00
DERIVED_COAL        0.0000000E+00  0.1331889E+05  0.0000000E+00  0.0000000E+00  0.0000000E+00  0.2953264E+05  0.5985953E+05  0.0000000E+00  0.0000000E+00  0.0000000E+00  0.0000000E+00  0.0000000E+00  0.0000000E+00  0.0000000E+00  0.0000000E+00  0.9000846E+04  0.3879675E+03  0.0000000E+00  0.0000000E+00  0.1120999E+06
NATURAL_GAS         0.2958756E+02  0.0000000E+00  0.0000000E+00  0.0000000E+00  0.0000000E+00  0.0000000E+00  0.8759475E+03  0.0000000E+00  0.0000000E+00  0.0000000E+00  0.0000000E+00  0.0000000E+00  0.0000000E+00  0.0000000E+00  0.0000000E+00  0.2479905E+04  0.7007580E+02  0.0000000E+00  0.4068289E+02  0.3496199E+04
COKE_OVEN_GAS       0.1660430E+04  0.0000000E+00  0.0000000E+00  0.0000000E+00  0.0000000E+00  0.0000000E+00  0.3024195E+04  0.0000000E+00  0.0000000E+00  0.0000000E+00  0.0000000E+00  0.0000000E+00  0.0000000E+00  0.0000000E+00  0.0000000E+00  0.2851262E+03  0.3158428E+03  0.0000000E+00  0.1471619E+03  0.5432756E+04
OTHER_GAS           0.3305478E+03  0.0000000E+00  0.0000000E+00  0.0000000E+00  0.0000000E+00  0.0000000E+00  0.0000000E+00  0.0000000E+00  0.0000000E+00  0.0000000E+00  0.0000000E+00  0.0000000E+00  0.0000000E+00  0.0000000E+00  0.0000000E+00  0.0000000E+00  0.0000000E+00  0.0000000E+00  0.0000000E+00  0.3305478E+03
MOTOR_GASOLINE      0.0000000E+00  0.0000000E+00  0.0000000E+00  0.0000000E+00  0.0000000E+00  0.0000000E+00  0.0000000E+00  0.1412041E+07  0.1203713E+06  0.1949328E+06  0.1420068E+06  0.9324762E+06  0.0000000E+00  0.0000000E+00  0.0000000E+00  0.0000000E+00  0.0000000E+00  0.2302522E+03  0.0000000E+00  0.2802058E+07
KEROSENE            0.0000000E+00  0.0000000E+00  0.0000000E+00  0.0000000E+00  0.0000000E+00  0.0000000E+00  0.2570202E+03  0.0000000E+00  0.0000000E+00  0.0000000E+00  0.0000000E+00  0.0000000E+00  0.0000000E+00  0.0000000E+00  0.0000000E+00  0.0000000E+00  0.0000000E+00  0.0000000E+00  0.0000000E+00  0.2570202E+03
OTHER_LF            0.1561390E+02  0.0000000E+00  0.0000000E+00  0.0000000E+00  0.0000000E+00  0.0000000E+00  0.3108772E+03  0.0000000E+00  0.0000000E+00  0.0000000E+00  0.0000000E+00  0.0000000E+00  0.9818353E+03  0.0000000E+00  0.0000000E+00  0.5448240E+03  0.4572000E+02  0.0000000E+00  0.1692000E+02  0.1915790E+04
DIESEL_OIL          0.3238247E+02  0.0000000E+00  0.0000000E+00  0.0000000E+00  0.0000000E+00  0.0000000E+00  0.8654846E+03  0.0000000E+00  0.3283893E+05  0.4926127E+05  0.8831738E+05  0.0000000E+00  0.1803698E+06  0.1703953E+04  0.2092718E+03  0.5827697E+02  0.4088000E+03  0.1498550E+04  0.5058326E+03  0.3560699E+06
CRUDE_OIL           0.0000000E+00  0.4171371E+02  0.0000000E+00  0.0000000E+00  0.0000000E+00  0.0000000E+00  0.8342269E+03  0.0000000E+00  0.0000000E+00  0.0000000E+00  0.0000000E+00  0.0000000E+00  0.0000000E+00  0.0000000E+00  0.0000000E+00  0.0000000E+00  0.0000000E+00  0.0000000E+00  0.0000000E+00  0.8759406E+03
HEAVY_FUEL_OIL      0.8988000E+02  0.3810491E+02  0.0000000E+00  0.0000000E+00  0.0000000E+00  0.0000000E+00  0.7620552E+03  0.0000000E+00  0.0000000E+00  0.0000000E+00  0.0000000E+00  0.0000000E+00  0.0000000E+00  0.1290600E+04  0.0000000E+00  0.0000000E+00  0.2280000E+02  0.0000000E+00  0.0000000E+00  0.2203440E+04
OTHER_HF            0.7104000E+02  0.1387046E+03  0.0000000E+00  0.0000000E+00  0.0000000E+00  0.0000000E+00  0.4427536E+04  0.0000000E+00  0.0000000E+00  0.0000000E+00  0.0000000E+00  0.0000000E+00  0.0000000E+00  0.4650000E+02  0.0000000E+00  0.0000000E+00  0.2028000E+02  0.0000000E+00  0.0000000E+00  0.4704061E+04
FUELWOOD            0.0000000E+00  0.0000000E+00  0.0000000E+00  0.0000000E+00  0.0000000E+00  0.0000000E+00  0.0000000E+00  0.0000000E+00  0.0000000E+00  0.0000000E+00  0.0000000E+00  0.0000000E+00  0.0000000E+00  0.0000000E+00  0.0000000E+00  0.3140408E+06  0.0000000E+00  0.0000000E+00  0.0000000E+00  0.3140408E+06
CROP_RESIDUE        0.0000000E+00  0.0000000E+00  0.0000000E+00  0.0000000E+00  0.0000000E+00  0.0000000E+00  0.0000000E+00  0.0000000E+00  0.0000000E+00  0.0000000E+00  0.0000000E+00  0.0000000E+00  0.0000000E+00  0.0000000E+00  0.0000000E+00  0.2707952E+07  0.0000000E+00  0.0000000E+00  0.0000000E+00  0.2707952E+07
ANIMAL_WASTE        0.0000000E+00  0.0000000E+00  0.0000000E+00  0.0000000E+00  0.0000000E+00  0.0000000E+00  0.0000000E+00  0.0000000E+00  0.0000000E+00  0.0000000E+00  0.0000000E+00  0.0000000E+00  0.0000000E+00  0.0000000E+00  0.0000000E+00  0.0000000E+00  0.0000000E+00  0.0000000E+00  0.0000000E+00  0.0000000E+00
OTHERS              0.0000000E+00  0.0000000E+00  0.0000000E+00  0.0000000E+00  0.0000000E+00  0.0000000E+00  0.0000000E+00  0.0000000E+00  0.0000000E+00  0.0000000E+00  0.0000000E+00  0.0000000E+00  0.0000000E+00  0.0000000E+00  0.0000000E+00  0.3220773E+05  0.0000000E+00  0.0000000E+00  0.0000000E+00  0.3220773E+05
SUB_TOTAL           0.3791149E+06  0.2130969E+06  0.0000000E+00  0.0000000E+00  0.0000000E+00  0.2975026E+07  0.7105832E+07  0.1412041E+07  0.1532102E+06  0.2441941E+06  0.2303242E+06  0.9324762E+06  0.1813516E+06  0.3041053E+04  0.2464199E+04  0.3522270E+07  0.8255589E+05  0.2220248E+06  0.6422660E+05  0.1772325E+08
  
Non-Combustion Sources [t/year]
  
Industry [t/year]
  
Sector
PIG_IRON            0.1072402E+07
CRUDE_STEEL         0.2232255E+07
IRON_STEEL_OTHERS   0.3097084E+06
ALUMINUM_ALUMINA    0.0000000E+00
COPPER              0.0000000E+00
ZINC                0.0000000E+00
LEAD                0.0000000E+00
CMENT               0.0000000E+00
BRICKS              0.0000000E+00
LIME                0.0000000E+00
COKE_OVENS          0.7129890E+05
OIL_REFINERY        0.0000000E+00
OTH_TRANSFORMATION  0.0000000E+00
SULPHRIC_ACID       0.0000000E+00
OTHERS              0.0000000E+00
SUB_TOTAL           0.3685664E+07
  
Total [t/year]
  
TOTAL               0.2140891E+08
