Year       : 2007
Country    : CHN
Sub-Region : SHNX
  
Combustion Sources [t/year]
  
Fuel Type           POWER_PLANTS   ENERGY         IRON_STEEL     CHEM_PETRCHEM  NON_FERR_MET   NON_MET_MINE   OTHERS         ROAD_CARS      ROAD_BUSES     ROAD_L_TRUCKS  ROAD_H_TRUCKS  ROAD_MC        ROAD_OTHERS    DOM_NAVI       RAILWAY_ETC    RESIDENT       COMM_PUB       AGR_FORE_FISH  OTHERS         SUB_TOTAL    
HARD_COAL           0.1747489E+06  0.4035511E+06  0.4825786E+05  0.3434819E+05  0.3191317E+05  0.1129586E+06  0.1890106E+05  0.0000000E+00  0.0000000E+00  0.0000000E+00  0.0000000E+00  0.0000000E+00  0.0000000E+00  0.0000000E+00  0.1712679E+04  0.6058050E+06  0.2399360E+05  0.3692880E+05  0.1352032E+05  0.1506639E+07
BROWN_COAL          0.0000000E+00  0.0000000E+00  0.0000000E+00  0.0000000E+00  0.0000000E+00  0.0000000E+00  0.0000000E+00  0.0000000E+00  0.0000000E+00  0.0000000E+00  0.0000000E+00  0.0000000E+00  0.0000000E+00  0.0000000E+00  0.0000000E+00  0.0000000E+00  0.0000000E+00  0.0000000E+00  0.0000000E+00  0.0000000E+00
DERIVED_COAL        0.0000000E+00  0.5546446E+04  0.1172623E+05  0.1283252E+05  0.1323005E+04  0.1062221E+04  0.2861146E+04  0.0000000E+00  0.0000000E+00  0.0000000E+00  0.0000000E+00  0.0000000E+00  0.0000000E+00  0.0000000E+00  0.0000000E+00  0.3164513E+05  0.1826778E+04  0.1421750E+04  0.0000000E+00  0.7024523E+05
NATURAL_GAS         0.4204548E+02  0.0000000E+00  0.0000000E+00  0.0000000E+00  0.0000000E+00  0.0000000E+00  0.2522729E+03  0.0000000E+00  0.0000000E+00  0.0000000E+00  0.0000000E+00  0.0000000E+00  0.0000000E+00  0.0000000E+00  0.0000000E+00  0.5870794E+03  0.1284723E+02  0.0000000E+00  0.4438134E+01  0.8986831E+03
COKE_OVEN_GAS       0.2871913E+04  0.0000000E+00  0.0000000E+00  0.0000000E+00  0.0000000E+00  0.0000000E+00  0.1552819E+05  0.0000000E+00  0.0000000E+00  0.0000000E+00  0.0000000E+00  0.0000000E+00  0.0000000E+00  0.0000000E+00  0.0000000E+00  0.9970222E+03  0.4286438E+03  0.0000000E+00  0.0000000E+00  0.1982577E+05
OTHER_GAS           0.6857760E+03  0.0000000E+00  0.0000000E+00  0.0000000E+00  0.0000000E+00  0.0000000E+00  0.5623866E+03  0.0000000E+00  0.0000000E+00  0.0000000E+00  0.0000000E+00  0.0000000E+00  0.0000000E+00  0.0000000E+00  0.0000000E+00  0.3011808E+03  0.0000000E+00  0.0000000E+00  0.0000000E+00  0.1549343E+04
MOTOR_GASOLINE      0.0000000E+00  0.0000000E+00  0.0000000E+00  0.0000000E+00  0.0000000E+00  0.0000000E+00  0.0000000E+00  0.5791494E+06  0.4229078E+05  0.6580997E+05  0.1084760E+06  0.1244153E+06  0.0000000E+00  0.0000000E+00  0.0000000E+00  0.0000000E+00  0.0000000E+00  0.1369884E+03  0.0000000E+00  0.9202784E+06
KEROSENE            0.0000000E+00  0.8854893E+02  0.2971988E+02  0.1923649E+02  0.4987238E+01  0.6412164E+01  0.2068342E+02  0.0000000E+00  0.0000000E+00  0.0000000E+00  0.0000000E+00  0.0000000E+00  0.0000000E+00  0.0000000E+00  0.0000000E+00  0.2558358E+01  0.1582823E+02  0.1722800E+01  0.1033680E+02  0.2000343E+03
OTHER_LF            0.0000000E+00  0.2762409E+01  0.9271534E+00  0.6001096E+00  0.1555839E+00  0.2000365E+00  0.7907081E+00  0.0000000E+00  0.0000000E+00  0.0000000E+00  0.0000000E+00  0.0000000E+00  0.0000000E+00  0.0000000E+00  0.0000000E+00  0.1746000E+02  0.1260000E+01  0.0000000E+00  0.2160000E+00  0.2437200E+02
DIESEL_OIL          0.0000000E+00  0.2095877E+03  0.8013360E+02  0.3086225E+02  0.1540652E+02  0.1885207E+02  0.5797700E+02  0.0000000E+00  0.1090364E+05  0.1571710E+05  0.6375741E+05  0.0000000E+00  0.9111493E+05  0.0000000E+00  0.1837982E+03  0.0000000E+00  0.2239214E+02  0.2084191E+03  0.3743506E+02  0.1823579E+06
CRUDE_OIL           0.0000000E+00  0.0000000E+00  0.0000000E+00  0.0000000E+00  0.0000000E+00  0.0000000E+00  0.0000000E+00  0.0000000E+00  0.0000000E+00  0.0000000E+00  0.0000000E+00  0.0000000E+00  0.0000000E+00  0.0000000E+00  0.0000000E+00  0.0000000E+00  0.0000000E+00  0.0000000E+00  0.0000000E+00  0.0000000E+00
HEAVY_FUEL_OIL      0.0000000E+00  0.4577458E+02  0.1805043E+02  0.5917729E+01  0.3566851E+01  0.4323455E+01  0.8706951E+01  0.0000000E+00  0.0000000E+00  0.0000000E+00  0.0000000E+00  0.0000000E+00  0.0000000E+00  0.0000000E+00  0.0000000E+00  0.0000000E+00  0.0000000E+00  0.0000000E+00  0.0000000E+00  0.8634000E+02
OTHER_HF            0.0000000E+00  0.1922872E+02  0.7582524E+01  0.2485886E+01  0.1498343E+01  0.1816173E+01  0.1288348E+01  0.0000000E+00  0.0000000E+00  0.0000000E+00  0.0000000E+00  0.0000000E+00  0.0000000E+00  0.0000000E+00  0.0000000E+00  0.0000000E+00  0.0000000E+00  0.0000000E+00  0.0000000E+00  0.3389999E+02
FUELWOOD            0.0000000E+00  0.0000000E+00  0.0000000E+00  0.0000000E+00  0.0000000E+00  0.0000000E+00  0.0000000E+00  0.0000000E+00  0.0000000E+00  0.0000000E+00  0.0000000E+00  0.0000000E+00  0.0000000E+00  0.0000000E+00  0.0000000E+00  0.1506602E+06  0.0000000E+00  0.0000000E+00  0.0000000E+00  0.1506602E+06
CROP_RESIDUE        0.0000000E+00  0.0000000E+00  0.0000000E+00  0.0000000E+00  0.0000000E+00  0.0000000E+00  0.0000000E+00  0.0000000E+00  0.0000000E+00  0.0000000E+00  0.0000000E+00  0.0000000E+00  0.0000000E+00  0.0000000E+00  0.0000000E+00  0.1073364E+07  0.0000000E+00  0.0000000E+00  0.0000000E+00  0.1073364E+07
ANIMAL_WASTE        0.0000000E+00  0.0000000E+00  0.0000000E+00  0.0000000E+00  0.0000000E+00  0.0000000E+00  0.0000000E+00  0.0000000E+00  0.0000000E+00  0.0000000E+00  0.0000000E+00  0.0000000E+00  0.0000000E+00  0.0000000E+00  0.0000000E+00  0.0000000E+00  0.0000000E+00  0.0000000E+00  0.0000000E+00  0.0000000E+00
OTHERS              0.0000000E+00  0.0000000E+00  0.0000000E+00  0.0000000E+00  0.0000000E+00  0.0000000E+00  0.0000000E+00  0.0000000E+00  0.0000000E+00  0.0000000E+00  0.0000000E+00  0.0000000E+00  0.0000000E+00  0.0000000E+00  0.0000000E+00  0.1266115E+05  0.0000000E+00  0.0000000E+00  0.0000000E+00  0.1266115E+05
SUB_TOTAL           0.1783486E+06  0.4094634E+06  0.6012050E+05  0.4723981E+05  0.3326179E+05  0.1140524E+06  0.3819450E+05  0.5791494E+06  0.5319442E+05  0.8152707E+05  0.1722334E+06  0.1244153E+06  0.9111493E+05  0.0000000E+00  0.1896477E+04  0.1876041E+07  0.2630135E+05  0.3869768E+05  0.1357275E+05  0.3938825E+07
  
Non-Combustion Sources [t/year]
  
Industry [t/year]
  
Sector
PIG_IRON            0.8147130E+06
CRUDE_STEEL         0.1269560E+07
IRON_STEEL_OTHERS   0.1771230E+06
ALUMINUM_ALUMINA    0.0000000E+00
COPPER              0.0000000E+00
ZINC                0.0000000E+00
LEAD                0.0000000E+00
CMENT               0.0000000E+00
BRICKS              0.0000000E+00
LIME                0.0000000E+00
COKE_OVENS          0.2678207E+06
OIL_REFINERY        0.0000000E+00
OTH_TRANSFORMATION  0.3410905E+04
SULPHRIC_ACID       0.0000000E+00
OTHERS              0.0000000E+00
SUB_TOTAL           0.2532628E+07
  
Total [t/year]
  
TOTAL               0.6471452E+07
