Year       : 2007
Country    : CHN
Sub-Region : HEIL
  
Combustion Sources [t/year]
  
Fuel Type           POWER_PLANTS   ENERGY         IRON_STEEL     CHEM_PETRCHEM  NON_FERR_MET   NON_MET_MINE   OTHERS         ROAD_CARS      ROAD_BUSES     ROAD_L_TRUCKS  ROAD_H_TRUCKS  ROAD_MC        ROAD_OTHERS    DOM_NAVI       RAILWAY_ETC    RESIDENT       COMM_PUB       AGR_FORE_FISH  OTHERS         SUB_TOTAL    
HARD_COAL           0.1157081E+06  0.1268557E+06  0.5861607E+05  0.3983605E+05  0.1461686E+04  0.2084931E+06  0.1182823E+06  0.0000000E+00  0.0000000E+00  0.0000000E+00  0.0000000E+00  0.0000000E+00  0.0000000E+00  0.0000000E+00  0.3945968E+04  0.1129425E+06  0.0000000E+00  0.1644224E+05  0.0000000E+00  0.8025837E+06
BROWN_COAL          0.0000000E+00  0.0000000E+00  0.0000000E+00  0.0000000E+00  0.0000000E+00  0.0000000E+00  0.0000000E+00  0.0000000E+00  0.0000000E+00  0.0000000E+00  0.0000000E+00  0.0000000E+00  0.0000000E+00  0.0000000E+00  0.0000000E+00  0.0000000E+00  0.0000000E+00  0.0000000E+00  0.0000000E+00  0.0000000E+00
DERIVED_COAL        0.0000000E+00  0.4292914E+04  0.1212023E+04  0.6050549E+03  0.7532444E+02  0.3724755E+03  0.7441810E+03  0.0000000E+00  0.0000000E+00  0.0000000E+00  0.0000000E+00  0.0000000E+00  0.0000000E+00  0.0000000E+00  0.0000000E+00  0.0000000E+00  0.0000000E+00  0.0000000E+00  0.0000000E+00  0.7301973E+04
NATURAL_GAS         0.3784093E+03  0.9183247E+03  0.0000000E+00  0.1354061E+03  0.0000000E+00  0.1499305E+02  0.1686719E+02  0.0000000E+00  0.0000000E+00  0.0000000E+00  0.0000000E+00  0.0000000E+00  0.0000000E+00  0.0000000E+00  0.0000000E+00  0.0000000E+00  0.0000000E+00  0.0000000E+00  0.0000000E+00  0.1464000E+04
COKE_OVEN_GAS       0.2131939E+03  0.1590495E+03  0.0000000E+00  0.9668659E+00  0.0000000E+00  0.1450299E+01  0.3384030E+01  0.0000000E+00  0.0000000E+00  0.0000000E+00  0.0000000E+00  0.0000000E+00  0.0000000E+00  0.0000000E+00  0.0000000E+00  0.0000000E+00  0.0000000E+00  0.0000000E+00  0.0000000E+00  0.3780446E+03
OTHER_GAS           0.0000000E+00  0.5054608E+02  0.0000000E+00  0.2054719E+00  0.9143501E+01  0.1407483E+02  0.8650364E+02  0.0000000E+00  0.0000000E+00  0.0000000E+00  0.0000000E+00  0.0000000E+00  0.0000000E+00  0.0000000E+00  0.0000000E+00  0.0000000E+00  0.0000000E+00  0.0000000E+00  0.0000000E+00  0.1604735E+03
MOTOR_GASOLINE      0.0000000E+00  0.0000000E+00  0.0000000E+00  0.0000000E+00  0.0000000E+00  0.0000000E+00  0.0000000E+00  0.5335510E+06  0.8483981E+05  0.6774823E+05  0.1133405E+06  0.2916619E+05  0.0000000E+00  0.0000000E+00  0.0000000E+00  0.0000000E+00  0.0000000E+00  0.0000000E+00  0.0000000E+00  0.8286457E+06
KEROSENE            0.0000000E+00  0.6491990E+02  0.1564335E+01  0.7821676E+00  0.2190069E+02  0.2346502E+01  0.1986706E+03  0.0000000E+00  0.0000000E+00  0.0000000E+00  0.0000000E+00  0.0000000E+00  0.0000000E+00  0.0000000E+00  0.0000000E+00  0.0000000E+00  0.0000000E+00  0.0000000E+00  0.0000000E+00  0.2901842E+03
OTHER_LF            0.1184189E+03  0.4404535E+02  0.1203769E+01  0.7355160E+01  0.5068502E+00  0.1336146E+01  0.3906258E+02  0.0000000E+00  0.0000000E+00  0.0000000E+00  0.0000000E+00  0.0000000E+00  0.0000000E+00  0.0000000E+00  0.0000000E+00  0.3336840E+03  0.0000000E+00  0.0000000E+00  0.0000000E+00  0.5456128E+03
DIESEL_OIL          0.2928203E+01  0.2358163E+03  0.5904088E+01  0.9724380E+01  0.2083796E+01  0.8960328E+01  0.3750833E+02  0.0000000E+00  0.2021874E+05  0.1495571E+05  0.6157587E+05  0.0000000E+00  0.4702006E+05  0.3903076E+01  0.6488862E+02  0.4264840E+03  0.4870576E+03  0.9402972E+03  0.0000000E+00  0.1459959E+06
CRUDE_OIL           0.0000000E+00  0.1452412E+04  0.0000000E+00  0.2453592E+03  0.0000000E+00  0.0000000E+00  0.2309264E+00  0.0000000E+00  0.0000000E+00  0.0000000E+00  0.0000000E+00  0.0000000E+00  0.0000000E+00  0.0000000E+00  0.0000000E+00  0.0000000E+00  0.0000000E+00  0.0000000E+00  0.0000000E+00  0.1698002E+04
HEAVY_FUEL_OIL      0.1288800E+03  0.9189593E+02  0.5096747E+01  0.2185423E+02  0.1776140E+01  0.7722342E-01  0.1891975E+02  0.0000000E+00  0.0000000E+00  0.0000000E+00  0.0000000E+00  0.0000000E+00  0.0000000E+00  0.0000000E+00  0.0000000E+00  0.0000000E+00  0.0000000E+00  0.0000000E+00  0.0000000E+00  0.2685000E+03
OTHER_HF            0.1914000E+03  0.9278267E+03  0.4425327E+01  0.2469950E+01  0.0000000E+00  0.0000000E+00  0.2058291E+01  0.0000000E+00  0.0000000E+00  0.0000000E+00  0.0000000E+00  0.0000000E+00  0.0000000E+00  0.0000000E+00  0.0000000E+00  0.0000000E+00  0.0000000E+00  0.0000000E+00  0.0000000E+00  0.1128180E+04
FUELWOOD            0.0000000E+00  0.0000000E+00  0.0000000E+00  0.0000000E+00  0.0000000E+00  0.0000000E+00  0.0000000E+00  0.0000000E+00  0.0000000E+00  0.0000000E+00  0.0000000E+00  0.0000000E+00  0.0000000E+00  0.0000000E+00  0.0000000E+00  0.2268848E+06  0.0000000E+00  0.0000000E+00  0.0000000E+00  0.2268848E+06
CROP_RESIDUE        0.0000000E+00  0.0000000E+00  0.0000000E+00  0.0000000E+00  0.0000000E+00  0.0000000E+00  0.0000000E+00  0.0000000E+00  0.0000000E+00  0.0000000E+00  0.0000000E+00  0.0000000E+00  0.0000000E+00  0.0000000E+00  0.0000000E+00  0.2199057E+07  0.0000000E+00  0.0000000E+00  0.0000000E+00  0.2199057E+07
ANIMAL_WASTE        0.0000000E+00  0.0000000E+00  0.0000000E+00  0.0000000E+00  0.0000000E+00  0.0000000E+00  0.0000000E+00  0.0000000E+00  0.0000000E+00  0.0000000E+00  0.0000000E+00  0.0000000E+00  0.0000000E+00  0.0000000E+00  0.0000000E+00  0.0000000E+00  0.0000000E+00  0.0000000E+00  0.0000000E+00  0.0000000E+00
OTHERS              0.0000000E+00  0.0000000E+00  0.0000000E+00  0.0000000E+00  0.0000000E+00  0.0000000E+00  0.0000000E+00  0.0000000E+00  0.0000000E+00  0.0000000E+00  0.0000000E+00  0.0000000E+00  0.0000000E+00  0.0000000E+00  0.0000000E+00  0.3927294E+04  0.0000000E+00  0.0000000E+00  0.0000000E+00  0.3927294E+04
SUB_TOTAL           0.1167413E+06  0.1350935E+06  0.5984629E+05  0.4086523E+05  0.1572421E+04  0.2089088E+06  0.1194297E+06  0.5335510E+06  0.1050586E+06  0.8270394E+05  0.1749164E+06  0.2916619E+05  0.4702006E+05  0.3903076E+01  0.4010857E+04  0.2543572E+07  0.4870576E+03  0.1738254E+05  0.0000000E+00  0.4220329E+07
  
Non-Combustion Sources [t/year]
  
Industry [t/year]
  
Sector
PIG_IRON            0.8176549E+05
CRUDE_STEEL         0.2208746E+06
IRON_STEEL_OTHERS   0.1270499E+05
ALUMINUM_ALUMINA    0.0000000E+00
COPPER              0.0000000E+00
ZINC                0.0000000E+00
LEAD                0.0000000E+00
CMENT               0.0000000E+00
BRICKS              0.0000000E+00
LIME                0.0000000E+00
COKE_OVENS          0.1571958E+05
OIL_REFINERY        0.0000000E+00
OTH_TRANSFORMATION  0.5551930E+03
SULPHRIC_ACID       0.0000000E+00
OTHERS              0.0000000E+00
SUB_TOTAL           0.3316199E+06
  
Total [t/year]
  
TOTAL               0.4551949E+07
