Year       : 2007
Country    : CHN
Sub-Region : YUNN
  
Combustion Sources [t/year]
  
Fuel Type           POWER_PLANTS   ENERGY         IRON_STEEL     CHEM_PETRCHEM  NON_FERR_MET   NON_MET_MINE   OTHERS         ROAD_CARS      ROAD_BUSES     ROAD_L_TRUCKS  ROAD_H_TRUCKS  ROAD_MC        ROAD_OTHERS    DOM_NAVI       RAILWAY_ETC    RESIDENT       COMM_PUB       AGR_FORE_FISH  OTHERS         SUB_TOTAL    
HARD_COAL           0.7575086E+05  0.1452039E+06  0.1753594E+05  0.5028346E+05  0.9104949E+04  0.2771537E+06  0.2750105E+05  0.0000000E+00  0.0000000E+00  0.0000000E+00  0.0000000E+00  0.0000000E+00  0.0000000E+00  0.0000000E+00  0.7827956E+03  0.2327250E+06  0.1352328E+05  0.1653346E+06  0.1320168E+05  0.1028101E+07
BROWN_COAL          0.0000000E+00  0.0000000E+00  0.0000000E+00  0.0000000E+00  0.0000000E+00  0.0000000E+00  0.0000000E+00  0.0000000E+00  0.0000000E+00  0.0000000E+00  0.0000000E+00  0.0000000E+00  0.0000000E+00  0.0000000E+00  0.0000000E+00  0.0000000E+00  0.0000000E+00  0.0000000E+00  0.0000000E+00  0.0000000E+00
DERIVED_COAL        0.0000000E+00  0.3222942E+03  0.4786419E+04  0.8276569E+04  0.1880096E+04  0.1973520E+03  0.2200787E+03  0.0000000E+00  0.0000000E+00  0.0000000E+00  0.0000000E+00  0.0000000E+00  0.0000000E+00  0.0000000E+00  0.2729760E+02  0.4961861E+04  0.2596115E+02  0.1080530E+03  0.7506840E+03  0.2155667E+05
NATURAL_GAS         0.0000000E+00  0.0000000E+00  0.0000000E+00  0.0000000E+00  0.0000000E+00  0.0000000E+00  0.5839650E+00  0.0000000E+00  0.0000000E+00  0.0000000E+00  0.0000000E+00  0.0000000E+00  0.0000000E+00  0.0000000E+00  0.0000000E+00  0.1012206E+03  0.0000000E+00  0.0000000E+00  0.0000000E+00  0.1018046E+03
COKE_OVEN_GAS       0.2030418E+03  0.0000000E+00  0.0000000E+00  0.0000000E+00  0.0000000E+00  0.0000000E+00  0.4331558E+03  0.0000000E+00  0.0000000E+00  0.0000000E+00  0.0000000E+00  0.0000000E+00  0.0000000E+00  0.0000000E+00  0.0000000E+00  0.2041872E+03  0.0000000E+00  0.0000000E+00  0.0000000E+00  0.8403848E+03
OTHER_GAS           0.2037546E+03  0.0000000E+00  0.0000000E+00  0.0000000E+00  0.0000000E+00  0.0000000E+00  0.7978112E+03  0.0000000E+00  0.0000000E+00  0.0000000E+00  0.0000000E+00  0.0000000E+00  0.0000000E+00  0.0000000E+00  0.0000000E+00  0.3288000E+02  0.0000000E+00  0.0000000E+00  0.0000000E+00  0.1034446E+04
MOTOR_GASOLINE      0.0000000E+00  0.0000000E+00  0.0000000E+00  0.0000000E+00  0.0000000E+00  0.0000000E+00  0.0000000E+00  0.5147964E+06  0.4086059E+05  0.9172711E+05  0.1285463E+06  0.9403045E+05  0.0000000E+00  0.0000000E+00  0.0000000E+00  0.0000000E+00  0.0000000E+00  0.9175202E+02  0.0000000E+00  0.8700526E+06
KEROSENE            0.0000000E+00  0.1006469E+01  0.1934140E+01  0.1013633E+01  0.3696359E+01  0.2306642E+01  0.3609807E+01  0.0000000E+00  0.0000000E+00  0.0000000E+00  0.0000000E+00  0.0000000E+00  0.0000000E+00  0.0000000E+00  0.0000000E+00  0.1421310E+00  0.7537250E+00  0.3014900E+01  0.2584200E+02  0.4331981E+02
OTHER_LF            0.0000000E+00  0.3676077E-01  0.7064348E-01  0.3702240E-01  0.1350076E+00  0.8424889E-01  0.1043169E+00  0.0000000E+00  0.0000000E+00  0.0000000E+00  0.0000000E+00  0.0000000E+00  0.0000000E+00  0.0000000E+00  0.0000000E+00  0.3596400E+02  0.1411200E+02  0.0000000E+00  0.8280000E+00  0.5137200E+02
DIESEL_OIL          0.1314820E+02  0.1072462E+02  0.2060957E+02  0.1080094E+02  0.3938719E+02  0.2457883E+02  0.1312555E+03  0.0000000E+00  0.1152639E+05  0.2396852E+05  0.8266453E+05  0.0000000E+00  0.1420738E+06  0.4111700E+01  0.1255048E+03  0.9209483E+02  0.1716730E+02  0.8652552E+02  0.2290888E+02  0.2608321E+06
CRUDE_OIL           0.0000000E+00  0.5419575E-01  0.1041484E+00  0.5458149E-01  0.1990392E+00  0.1242066E+00  0.1537925E+00  0.0000000E+00  0.0000000E+00  0.0000000E+00  0.0000000E+00  0.0000000E+00  0.0000000E+00  0.0000000E+00  0.0000000E+00  0.0000000E+00  0.0000000E+00  0.0000000E+00  0.0000000E+00  0.6899639E+00
HEAVY_FUEL_OIL      0.0000000E+00  0.2304618E+01  0.4428803E+01  0.2321021E+01  0.8463936E+01  0.5281757E+01  0.6539865E+01  0.0000000E+00  0.0000000E+00  0.0000000E+00  0.0000000E+00  0.0000000E+00  0.0000000E+00  0.0000000E+00  0.0000000E+00  0.0000000E+00  0.0000000E+00  0.0000000E+00  0.0000000E+00  0.2934000E+02
OTHER_HF            0.0000000E+00  0.1993566E+01  0.3831050E+01  0.2007754E+01  0.7321566E+01  0.4568882E+01  0.5657185E+01  0.0000000E+00  0.0000000E+00  0.0000000E+00  0.0000000E+00  0.0000000E+00  0.0000000E+00  0.9480000E+01  0.0000000E+00  0.0000000E+00  0.1800000E+00  0.0000000E+00  0.4200000E+00  0.3546000E+02
FUELWOOD            0.0000000E+00  0.0000000E+00  0.0000000E+00  0.0000000E+00  0.0000000E+00  0.0000000E+00  0.0000000E+00  0.0000000E+00  0.0000000E+00  0.0000000E+00  0.0000000E+00  0.0000000E+00  0.0000000E+00  0.0000000E+00  0.0000000E+00  0.7065525E+06  0.0000000E+00  0.0000000E+00  0.0000000E+00  0.7065525E+06
CROP_RESIDUE        0.0000000E+00  0.0000000E+00  0.0000000E+00  0.0000000E+00  0.0000000E+00  0.0000000E+00  0.0000000E+00  0.0000000E+00  0.0000000E+00  0.0000000E+00  0.0000000E+00  0.0000000E+00  0.0000000E+00  0.0000000E+00  0.0000000E+00  0.5203900E+06  0.0000000E+00  0.0000000E+00  0.0000000E+00  0.5203900E+06
ANIMAL_WASTE        0.0000000E+00  0.0000000E+00  0.0000000E+00  0.0000000E+00  0.0000000E+00  0.0000000E+00  0.0000000E+00  0.0000000E+00  0.0000000E+00  0.0000000E+00  0.0000000E+00  0.0000000E+00  0.0000000E+00  0.0000000E+00  0.0000000E+00  0.0000000E+00  0.0000000E+00  0.0000000E+00  0.0000000E+00  0.0000000E+00
OTHERS              0.0000000E+00  0.0000000E+00  0.0000000E+00  0.0000000E+00  0.0000000E+00  0.0000000E+00  0.0000000E+00  0.0000000E+00  0.0000000E+00  0.0000000E+00  0.0000000E+00  0.0000000E+00  0.0000000E+00  0.0000000E+00  0.0000000E+00  0.8386023E+05  0.0000000E+00  0.0000000E+00  0.0000000E+00  0.8386023E+05
SUB_TOTAL           0.7617080E+05  0.1455423E+06  0.2235334E+05  0.5857626E+05  0.1104425E+05  0.2773880E+06  0.2910000E+05  0.5147964E+06  0.5238698E+05  0.1156956E+06  0.2112108E+06  0.9403045E+05  0.1420738E+06  0.1359170E+02  0.9355980E+03  0.1548956E+07  0.1358145E+05  0.1656239E+06  0.1400236E+05  0.3493482E+07
  
Non-Combustion Sources [t/year]
  
Industry [t/year]
  
Sector
PIG_IRON            0.2628796E+06
CRUDE_STEEL         0.4477011E+06
IRON_STEEL_OTHERS   0.1127707E+06
ALUMINUM_ALUMINA    0.0000000E+00
COPPER              0.0000000E+00
ZINC                0.0000000E+00
LEAD                0.0000000E+00
CMENT               0.0000000E+00
BRICKS              0.0000000E+00
LIME                0.0000000E+00
COKE_OVENS          0.9373342E+05
OIL_REFINERY        0.0000000E+00
OTH_TRANSFORMATION  0.5891735E+03
SULPHRIC_ACID       0.0000000E+00
OTHERS              0.0000000E+00
SUB_TOTAL           0.9176740E+06
  
Total [t/year]
  
TOTAL               0.4411156E+07
