Year       : 2007
Country    : CHN
Sub-Region : NEMO
  
Combustion Sources [t/year]
  
Fuel Type           POWER_PLANTS   ENERGY         IRON_STEEL     CHEM_PETRCHEM  NON_FERR_MET   NON_MET_MINE   OTHERS         ROAD_CARS      ROAD_BUSES     ROAD_L_TRUCKS  ROAD_H_TRUCKS  ROAD_MC        ROAD_OTHERS    DOM_NAVI       RAILWAY_ETC    RESIDENT       COMM_PUB       AGR_FORE_FISH  OTHERS         SUB_TOTAL    
HARD_COAL           0.2835681E+06  0.1637171E+06  0.6992326E+05  0.3272014E+05  0.3423386E+05  0.1746567E+06  0.5940409E+05  0.0000000E+00  0.0000000E+00  0.0000000E+00  0.0000000E+00  0.0000000E+00  0.0000000E+00  0.0000000E+00  0.3936615E+04  0.5278575E+06  0.9470112E+05  0.4675440E+05  0.9431840E+05  0.1585791E+07
BROWN_COAL          0.0000000E+00  0.0000000E+00  0.0000000E+00  0.0000000E+00  0.0000000E+00  0.0000000E+00  0.0000000E+00  0.0000000E+00  0.0000000E+00  0.0000000E+00  0.0000000E+00  0.0000000E+00  0.0000000E+00  0.0000000E+00  0.0000000E+00  0.0000000E+00  0.0000000E+00  0.0000000E+00  0.0000000E+00  0.0000000E+00
DERIVED_COAL        0.0000000E+00  0.3924185E+03  0.4058585E+04  0.8567808E+04  0.4251201E+03  0.1635077E+03  0.6540310E+02  0.0000000E+00  0.0000000E+00  0.0000000E+00  0.0000000E+00  0.0000000E+00  0.0000000E+00  0.0000000E+00  0.4265250E+00  0.2525028E+04  0.4144402E+03  0.1219862E+04  0.0000000E+00  0.1783260E+05
NATURAL_GAS         0.3285776E+03  0.0000000E+00  0.0000000E+00  0.6480454E+03  0.0000000E+00  0.0000000E+00  0.4628896E+02  0.0000000E+00  0.0000000E+00  0.0000000E+00  0.0000000E+00  0.0000000E+00  0.0000000E+00  0.0000000E+00  0.0000000E+00  0.2343257E+04  0.1051137E+02  0.0000000E+00  0.9615957E+01  0.3386296E+04
COKE_OVEN_GAS       0.4218758E+03  0.0000000E+00  0.0000000E+00  0.1813990E+04  0.0000000E+00  0.0000000E+00  0.1295707E+03  0.0000000E+00  0.0000000E+00  0.0000000E+00  0.0000000E+00  0.0000000E+00  0.0000000E+00  0.0000000E+00  0.0000000E+00  0.0000000E+00  0.0000000E+00  0.0000000E+00  0.0000000E+00  0.2365436E+04
OTHER_GAS           0.5107524E+03  0.0000000E+00  0.0000000E+00  0.1063293E+04  0.0000000E+00  0.0000000E+00  0.7594947E+02  0.0000000E+00  0.0000000E+00  0.0000000E+00  0.0000000E+00  0.0000000E+00  0.0000000E+00  0.0000000E+00  0.0000000E+00  0.4734720E+03  0.0000000E+00  0.0000000E+00  0.0000000E+00  0.2123467E+04
MOTOR_GASOLINE      0.0000000E+00  0.0000000E+00  0.0000000E+00  0.0000000E+00  0.0000000E+00  0.0000000E+00  0.0000000E+00  0.4554271E+06  0.4249763E+05  0.5287697E+05  0.1371973E+06  0.1211958E+05  0.0000000E+00  0.0000000E+00  0.0000000E+00  0.0000000E+00  0.0000000E+00  0.2908389E+03  0.0000000E+00  0.7004094E+06
KEROSENE            0.0000000E+00  0.5652937E+01  0.5652937E+01  0.2826469E+01  0.5652937E+01  0.0000000E+00  0.2826469E+01  0.0000000E+00  0.0000000E+00  0.0000000E+00  0.0000000E+00  0.0000000E+00  0.0000000E+00  0.0000000E+00  0.0000000E+00  0.0000000E+00  0.0000000E+00  0.0000000E+00  0.0000000E+00  0.2261175E+02
OTHER_LF            0.0000000E+00  0.5270998E+01  0.5270998E+01  0.2635499E+01  0.5270998E+01  0.0000000E+00  0.2635499E+01  0.0000000E+00  0.0000000E+00  0.0000000E+00  0.0000000E+00  0.0000000E+00  0.0000000E+00  0.0000000E+00  0.0000000E+00  0.3607200E+02  0.0000000E+00  0.0000000E+00  0.0000000E+00  0.5715599E+02
DIESEL_OIL          0.3617191E+01  0.2384590E+03  0.9171498E+02  0.6114336E+01  0.2445733E+02  0.1834300E+02  0.1120455E+03  0.0000000E+00  0.1031567E+05  0.1188924E+05  0.7591882E+05  0.0000000E+00  0.1820397E+06  0.0000000E+00  0.5844652E+03  0.7136775E+02  0.2395958E+03  0.3032699E+03  0.1291280E+03  0.2819860E+06
CRUDE_OIL           0.0000000E+00  0.5996415E+02  0.0000000E+00  0.0000000E+00  0.0000000E+00  0.0000000E+00  0.0000000E+00  0.0000000E+00  0.0000000E+00  0.0000000E+00  0.0000000E+00  0.0000000E+00  0.0000000E+00  0.0000000E+00  0.0000000E+00  0.0000000E+00  0.0000000E+00  0.0000000E+00  0.0000000E+00  0.5996415E+02
HEAVY_FUEL_OIL      0.0000000E+00  0.0000000E+00  0.0000000E+00  0.0000000E+00  0.0000000E+00  0.4320000E+02  0.0000000E+00  0.0000000E+00  0.0000000E+00  0.0000000E+00  0.0000000E+00  0.0000000E+00  0.0000000E+00  0.0000000E+00  0.0000000E+00  0.0000000E+00  0.0000000E+00  0.0000000E+00  0.0000000E+00  0.4320000E+02
OTHER_HF            0.0000000E+00  0.0000000E+00  0.0000000E+00  0.0000000E+00  0.0000000E+00  0.8700000E+01  0.0000000E+00  0.0000000E+00  0.0000000E+00  0.0000000E+00  0.0000000E+00  0.0000000E+00  0.0000000E+00  0.0000000E+00  0.0000000E+00  0.0000000E+00  0.0000000E+00  0.0000000E+00  0.0000000E+00  0.8700000E+01
FUELWOOD            0.0000000E+00  0.0000000E+00  0.0000000E+00  0.0000000E+00  0.0000000E+00  0.0000000E+00  0.0000000E+00  0.0000000E+00  0.0000000E+00  0.0000000E+00  0.0000000E+00  0.0000000E+00  0.0000000E+00  0.0000000E+00  0.0000000E+00  0.1831273E+06  0.0000000E+00  0.0000000E+00  0.0000000E+00  0.1831273E+06
CROP_RESIDUE        0.0000000E+00  0.0000000E+00  0.0000000E+00  0.0000000E+00  0.0000000E+00  0.0000000E+00  0.0000000E+00  0.0000000E+00  0.0000000E+00  0.0000000E+00  0.0000000E+00  0.0000000E+00  0.0000000E+00  0.0000000E+00  0.0000000E+00  0.9232642E+06  0.0000000E+00  0.0000000E+00  0.0000000E+00  0.9232642E+06
ANIMAL_WASTE        0.0000000E+00  0.0000000E+00  0.0000000E+00  0.0000000E+00  0.0000000E+00  0.0000000E+00  0.0000000E+00  0.0000000E+00  0.0000000E+00  0.0000000E+00  0.0000000E+00  0.0000000E+00  0.0000000E+00  0.0000000E+00  0.0000000E+00  0.0000000E+00  0.0000000E+00  0.0000000E+00  0.0000000E+00  0.0000000E+00
OTHERS              0.0000000E+00  0.0000000E+00  0.0000000E+00  0.0000000E+00  0.0000000E+00  0.0000000E+00  0.0000000E+00  0.0000000E+00  0.0000000E+00  0.0000000E+00  0.0000000E+00  0.0000000E+00  0.0000000E+00  0.0000000E+00  0.0000000E+00  0.4220382E+04  0.0000000E+00  0.0000000E+00  0.0000000E+00  0.4220382E+04
SUB_TOTAL           0.2848329E+06  0.1644189E+06  0.7408448E+05  0.4482485E+05  0.3469436E+05  0.1748905E+06  0.5983881E+05  0.4554271E+06  0.5281330E+05  0.6476621E+05  0.2131161E+06  0.1211958E+05  0.1820397E+06  0.0000000E+00  0.4521507E+04  0.1643919E+07  0.9536567E+05  0.4856837E+05  0.9445714E+05  0.3704698E+07
  
Non-Combustion Sources [t/year]
  
Industry [t/year]
  
Sector
PIG_IRON            0.2754053E+06
CRUDE_STEEL         0.5269788E+06
IRON_STEEL_OTHERS   0.1900888E+06
ALUMINUM_ALUMINA    0.0000000E+00
COPPER              0.0000000E+00
ZINC                0.0000000E+00
LEAD                0.0000000E+00
CMENT               0.0000000E+00
BRICKS              0.0000000E+00
LIME                0.0000000E+00
COKE_OVENS          0.3418839E+05
OIL_REFINERY        0.0000000E+00
OTH_TRANSFORMATION  0.0000000E+00
SULPHRIC_ACID       0.0000000E+00
OTHERS              0.0000000E+00
SUB_TOTAL           0.1026661E+07
  
Total [t/year]
  
TOTAL               0.4731359E+07
