Year       : 2007
Country    : CHN
Sub-Region : GUAX
  
Combustion Sources [t/year]
  
Fuel Type           POWER_PLANTS   ENERGY         IRON_STEEL     CHEM_PETRCHEM  NON_FERR_MET   NON_MET_MINE   OTHERS         ROAD_CARS      ROAD_BUSES     ROAD_L_TRUCKS  ROAD_H_TRUCKS  ROAD_MC        ROAD_OTHERS    DOM_NAVI       RAILWAY_ETC    RESIDENT       COMM_PUB       AGR_FORE_FISH  OTHERS         SUB_TOTAL    
HARD_COAL           0.4456774E+05  0.1659976E+05  0.0000000E+00  0.0000000E+00  0.0000000E+00  0.6133024E+06  0.2014975E+07  0.0000000E+00  0.0000000E+00  0.0000000E+00  0.0000000E+00  0.0000000E+00  0.0000000E+00  0.0000000E+00  0.6081092E+03  0.2208750E+05  0.3314892E+05  0.2600940E+05  0.1840356E+05  0.2789702E+07
BROWN_COAL          0.0000000E+00  0.0000000E+00  0.0000000E+00  0.0000000E+00  0.0000000E+00  0.0000000E+00  0.0000000E+00  0.0000000E+00  0.0000000E+00  0.0000000E+00  0.0000000E+00  0.0000000E+00  0.0000000E+00  0.0000000E+00  0.0000000E+00  0.0000000E+00  0.0000000E+00  0.0000000E+00  0.0000000E+00  0.0000000E+00
DERIVED_COAL        0.0000000E+00  0.7395037E+03  0.0000000E+00  0.0000000E+00  0.0000000E+00  0.1206612E+04  0.5625121E+04  0.0000000E+00  0.0000000E+00  0.0000000E+00  0.0000000E+00  0.0000000E+00  0.0000000E+00  0.0000000E+00  0.0000000E+00  0.2009672E+04  0.0000000E+00  0.0000000E+00  0.0000000E+00  0.9580909E+04
NATURAL_GAS         0.0000000E+00  0.0000000E+00  0.0000000E+00  0.0000000E+00  0.0000000E+00  0.0000000E+00  0.3445394E+02  0.0000000E+00  0.0000000E+00  0.0000000E+00  0.0000000E+00  0.0000000E+00  0.0000000E+00  0.0000000E+00  0.0000000E+00  0.3795772E+03  0.0000000E+00  0.0000000E+00  0.0000000E+00  0.4140311E+03
COKE_OVEN_GAS       0.1082890E+03  0.0000000E+00  0.0000000E+00  0.0000000E+00  0.0000000E+00  0.0000000E+00  0.1065969E+04  0.0000000E+00  0.0000000E+00  0.0000000E+00  0.0000000E+00  0.0000000E+00  0.0000000E+00  0.0000000E+00  0.0000000E+00  0.0000000E+00  0.0000000E+00  0.0000000E+00  0.0000000E+00  0.1174258E+04
OTHER_GAS           0.2898534E+03  0.0000000E+00  0.0000000E+00  0.0000000E+00  0.0000000E+00  0.0000000E+00  0.7571168E+03  0.0000000E+00  0.0000000E+00  0.0000000E+00  0.0000000E+00  0.0000000E+00  0.0000000E+00  0.0000000E+00  0.0000000E+00  0.2341056E+03  0.0000000E+00  0.0000000E+00  0.0000000E+00  0.1281076E+04
MOTOR_GASOLINE      0.0000000E+00  0.0000000E+00  0.0000000E+00  0.0000000E+00  0.0000000E+00  0.0000000E+00  0.0000000E+00  0.2223099E+06  0.2729537E+05  0.3295689E+05  0.5131434E+05  0.2513960E+06  0.0000000E+00  0.0000000E+00  0.0000000E+00  0.0000000E+00  0.0000000E+00  0.8477468E+02  0.0000000E+00  0.5853573E+06
KEROSENE            0.0000000E+00  0.0000000E+00  0.0000000E+00  0.0000000E+00  0.0000000E+00  0.0000000E+00  0.2035057E+02  0.0000000E+00  0.0000000E+00  0.0000000E+00  0.0000000E+00  0.0000000E+00  0.0000000E+00  0.0000000E+00  0.0000000E+00  0.0000000E+00  0.0000000E+00  0.0000000E+00  0.0000000E+00  0.2035057E+02
OTHER_LF            0.3170887E+01  0.0000000E+00  0.0000000E+00  0.0000000E+00  0.0000000E+00  0.0000000E+00  0.2379020E+02  0.0000000E+00  0.0000000E+00  0.0000000E+00  0.0000000E+00  0.0000000E+00  0.0000000E+00  0.0000000E+00  0.0000000E+00  0.2521440E+03  0.4881600E+02  0.1760400E+02  0.3204000E+01  0.3487291E+03
DIESEL_OIL          0.1240180E+02  0.0000000E+00  0.0000000E+00  0.0000000E+00  0.0000000E+00  0.0000000E+00  0.2025053E+03  0.0000000E+00  0.8152737E+04  0.9118335E+04  0.3494010E+05  0.0000000E+00  0.1210342E+06  0.1178551E+03  0.1617663E+03  0.0000000E+00  0.8727192E+02  0.7877436E+02  0.1392331E+03  0.1740452E+06
CRUDE_OIL           0.0000000E+00  0.0000000E+00  0.0000000E+00  0.0000000E+00  0.0000000E+00  0.0000000E+00  0.0000000E+00  0.0000000E+00  0.0000000E+00  0.0000000E+00  0.0000000E+00  0.0000000E+00  0.0000000E+00  0.0000000E+00  0.0000000E+00  0.0000000E+00  0.0000000E+00  0.0000000E+00  0.0000000E+00  0.0000000E+00
HEAVY_FUEL_OIL      0.2460000E+01  0.5860793E+01  0.0000000E+00  0.0000000E+00  0.0000000E+00  0.0000000E+00  0.1167792E+03  0.0000000E+00  0.0000000E+00  0.0000000E+00  0.0000000E+00  0.0000000E+00  0.0000000E+00  0.0000000E+00  0.0000000E+00  0.0000000E+00  0.0000000E+00  0.0000000E+00  0.0000000E+00  0.1251000E+03
OTHER_HF            0.0000000E+00  0.2867315E+01  0.0000000E+00  0.0000000E+00  0.0000000E+00  0.0000000E+00  0.5713268E+02  0.0000000E+00  0.0000000E+00  0.0000000E+00  0.0000000E+00  0.0000000E+00  0.0000000E+00  0.0000000E+00  0.0000000E+00  0.0000000E+00  0.0000000E+00  0.0000000E+00  0.0000000E+00  0.5999999E+02
FUELWOOD            0.0000000E+00  0.0000000E+00  0.0000000E+00  0.0000000E+00  0.0000000E+00  0.0000000E+00  0.0000000E+00  0.0000000E+00  0.0000000E+00  0.0000000E+00  0.0000000E+00  0.0000000E+00  0.0000000E+00  0.0000000E+00  0.0000000E+00  0.1119608E+07  0.0000000E+00  0.0000000E+00  0.0000000E+00  0.1119608E+07
CROP_RESIDUE        0.0000000E+00  0.0000000E+00  0.0000000E+00  0.0000000E+00  0.0000000E+00  0.0000000E+00  0.0000000E+00  0.0000000E+00  0.0000000E+00  0.0000000E+00  0.0000000E+00  0.0000000E+00  0.0000000E+00  0.0000000E+00  0.0000000E+00  0.2140749E+07  0.0000000E+00  0.0000000E+00  0.0000000E+00  0.2140749E+07
ANIMAL_WASTE        0.0000000E+00  0.0000000E+00  0.0000000E+00  0.0000000E+00  0.0000000E+00  0.0000000E+00  0.0000000E+00  0.0000000E+00  0.0000000E+00  0.0000000E+00  0.0000000E+00  0.0000000E+00  0.0000000E+00  0.0000000E+00  0.0000000E+00  0.0000000E+00  0.0000000E+00  0.0000000E+00  0.0000000E+00  0.0000000E+00
OTHERS              0.0000000E+00  0.0000000E+00  0.0000000E+00  0.0000000E+00  0.0000000E+00  0.0000000E+00  0.0000000E+00  0.0000000E+00  0.0000000E+00  0.0000000E+00  0.0000000E+00  0.0000000E+00  0.0000000E+00  0.0000000E+00  0.0000000E+00  0.1140534E+06  0.0000000E+00  0.0000000E+00  0.0000000E+00  0.1140534E+06
SUB_TOTAL           0.4498392E+05  0.1734799E+05  0.0000000E+00  0.0000000E+00  0.0000000E+00  0.6145090E+06  0.2022878E+07  0.2223099E+06  0.3544811E+05  0.4207522E+05  0.8625444E+05  0.2513960E+06  0.1210342E+06  0.1178551E+03  0.7698755E+03  0.3399373E+07  0.3328501E+05  0.2619055E+05  0.1854600E+05  0.6936520E+07
  
Non-Combustion Sources [t/year]
  
Industry [t/year]
  
Sector
PIG_IRON            0.1397254E+06
CRUDE_STEEL         0.3878387E+06
IRON_STEEL_OTHERS   0.1082236E+06
ALUMINUM_ALUMINA    0.0000000E+00
COPPER              0.0000000E+00
ZINC                0.0000000E+00
LEAD                0.0000000E+00
CMENT               0.0000000E+00
BRICKS              0.0000000E+00
LIME                0.0000000E+00
COKE_OVENS          0.4101120E+04
OIL_REFINERY        0.0000000E+00
OTH_TRANSFORMATION  0.3901433E+02
SULPHRIC_ACID       0.0000000E+00
OTHERS              0.0000000E+00
SUB_TOTAL           0.6399278E+06
  
Total [t/year]
  
TOTAL               0.7576448E+07
