Year       : 2007
Country    : CHN
Sub-Region : HUNA
  
Combustion Sources [t/year]
  
Fuel Type           POWER_PLANTS   ENERGY         IRON_STEEL     CHEM_PETRCHEM  NON_FERR_MET   NON_MET_MINE   OTHERS         ROAD_CARS      ROAD_BUSES     ROAD_L_TRUCKS  ROAD_H_TRUCKS  ROAD_MC        ROAD_OTHERS    DOM_NAVI       RAILWAY_ETC    RESIDENT       COMM_PUB       AGR_FORE_FISH  OTHERS         SUB_TOTAL    
HARD_COAL           0.6381011E+05  0.2155946E+06  0.9781302E+05  0.1655359E+06  0.5307656E+05  0.1071640E+07  0.1650559E+06  0.0000000E+00  0.0000000E+00  0.0000000E+00  0.0000000E+00  0.0000000E+00  0.0000000E+00  0.0000000E+00  0.3133064E+03  0.1965750E+06  0.2562187E+06  0.2687531E+06  0.9648000E+04  0.2564034E+07
BROWN_COAL          0.0000000E+00  0.0000000E+00  0.0000000E+00  0.0000000E+00  0.0000000E+00  0.0000000E+00  0.0000000E+00  0.0000000E+00  0.0000000E+00  0.0000000E+00  0.0000000E+00  0.0000000E+00  0.0000000E+00  0.0000000E+00  0.0000000E+00  0.0000000E+00  0.0000000E+00  0.0000000E+00  0.0000000E+00  0.0000000E+00
DERIVED_COAL        0.0000000E+00  0.2821081E+00  0.3774777E+04  0.2821746E+04  0.1813473E+04  0.1840022E+04  0.9131673E+04  0.0000000E+00  0.0000000E+00  0.0000000E+00  0.0000000E+00  0.0000000E+00  0.0000000E+00  0.0000000E+00  0.8530500E+00  0.1823447E+06  0.3771044E+04  0.4890820E+03  0.0000000E+00  0.2059877E+06
NATURAL_GAS         0.0000000E+00  0.1155937E-01  0.3732521E+02  0.1537395E+02  0.6906722E+01  0.6639700E+02  0.7778942E+02  0.0000000E+00  0.0000000E+00  0.0000000E+00  0.0000000E+00  0.0000000E+00  0.0000000E+00  0.0000000E+00  0.0000000E+00  0.5415302E+03  0.6131632E+02  0.0000000E+00  0.0000000E+00  0.8066504E+03
COKE_OVEN_GAS       0.3496831E+02  0.7439497E+02  0.0000000E+00  0.2154903E+02  0.3890499E+00  0.4809087E+01  0.0000000E+00  0.0000000E+00  0.0000000E+00  0.0000000E+00  0.0000000E+00  0.0000000E+00  0.0000000E+00  0.0000000E+00  0.0000000E+00  0.0000000E+00  0.0000000E+00  0.0000000E+00  0.0000000E+00  0.1361104E+03
OTHER_GAS           0.2325798E+03  0.0000000E+00  0.0000000E+00  0.0000000E+00  0.4924298E+01  0.1014946E+02  0.2513719E+00  0.0000000E+00  0.0000000E+00  0.0000000E+00  0.0000000E+00  0.0000000E+00  0.0000000E+00  0.0000000E+00  0.0000000E+00  0.6917952E+03  0.3998208E+03  0.0000000E+00  0.0000000E+00  0.1339521E+04
MOTOR_GASOLINE      0.0000000E+00  0.0000000E+00  0.0000000E+00  0.0000000E+00  0.0000000E+00  0.0000000E+00  0.0000000E+00  0.3339125E+06  0.5551095E+05  0.5121766E+05  0.8805309E+05  0.1634459E+06  0.0000000E+00  0.0000000E+00  0.0000000E+00  0.0000000E+00  0.0000000E+00  0.9861307E+02  0.0000000E+00  0.6922387E+06
KEROSENE            0.0000000E+00  0.2440633E+01  0.3800865E+02  0.7732179E+01  0.7513364E+02  0.4870747E+01  0.7381247E+02  0.0000000E+00  0.0000000E+00  0.0000000E+00  0.0000000E+00  0.0000000E+00  0.0000000E+00  0.0000000E+00  0.0000000E+00  0.0000000E+00  0.1228572E+03  0.0000000E+00  0.0000000E+00  0.3248555E+03
OTHER_LF            0.1542382E+02  0.6106371E+02  0.5783216E+01  0.3224856E+02  0.8442434E+01  0.1343630E+02  0.6335843E+02  0.0000000E+00  0.0000000E+00  0.0000000E+00  0.0000000E+00  0.0000000E+00  0.3439612E+01  0.0000000E+00  0.0000000E+00  0.9579600E+02  0.7336800E+02  0.0000000E+00  0.0000000E+00  0.3723601E+03
DIESEL_OIL          0.1665056E+02  0.8632732E+01  0.2528156E+02  0.3781641E+02  0.5521319E+02  0.3397583E+02  0.3450277E+03  0.0000000E+00  0.1584530E+05  0.1354242E+05  0.5729772E+05  0.0000000E+00  0.6644302E+05  0.7474740E+02  0.1704569E+03  0.0000000E+00  0.1872901E+03  0.3152123E+02  0.5569326E+01  0.1541206E+06
CRUDE_OIL           0.0000000E+00  0.2686331E+02  0.3217179E-03  0.1425613E-01  0.0000000E+00  0.8946975E-01  0.3965172E-02  0.0000000E+00  0.0000000E+00  0.0000000E+00  0.0000000E+00  0.0000000E+00  0.0000000E+00  0.0000000E+00  0.0000000E+00  0.0000000E+00  0.0000000E+00  0.0000000E+00  0.0000000E+00  0.2697132E+02
HEAVY_FUEL_OIL      0.2796000E+02  0.2285719E+02  0.4621892E+01  0.4259343E+01  0.1532954E+02  0.3835994E+02  0.7692093E+01  0.0000000E+00  0.0000000E+00  0.0000000E+00  0.0000000E+00  0.0000000E+00  0.0000000E+00  0.1200000E+03  0.0000000E+00  0.0000000E+00  0.0000000E+00  0.0000000E+00  0.0000000E+00  0.2410800E+03
OTHER_HF            0.0000000E+00  0.2913328E+03  0.1009481E+01  0.6402672E+02  0.1274843E+01  0.2930029E+01  0.4826217E+01  0.0000000E+00  0.0000000E+00  0.0000000E+00  0.0000000E+00  0.0000000E+00  0.0000000E+00  0.0000000E+00  0.0000000E+00  0.0000000E+00  0.0000000E+00  0.0000000E+00  0.0000000E+00  0.3654001E+03
FUELWOOD            0.0000000E+00  0.0000000E+00  0.0000000E+00  0.0000000E+00  0.0000000E+00  0.0000000E+00  0.0000000E+00  0.0000000E+00  0.0000000E+00  0.0000000E+00  0.0000000E+00  0.0000000E+00  0.0000000E+00  0.0000000E+00  0.0000000E+00  0.6558536E+06  0.0000000E+00  0.0000000E+00  0.0000000E+00  0.6558536E+06
CROP_RESIDUE        0.0000000E+00  0.0000000E+00  0.0000000E+00  0.0000000E+00  0.0000000E+00  0.0000000E+00  0.0000000E+00  0.0000000E+00  0.0000000E+00  0.0000000E+00  0.0000000E+00  0.0000000E+00  0.0000000E+00  0.0000000E+00  0.0000000E+00  0.5482649E+06  0.0000000E+00  0.0000000E+00  0.0000000E+00  0.5482649E+06
ANIMAL_WASTE        0.0000000E+00  0.0000000E+00  0.0000000E+00  0.0000000E+00  0.0000000E+00  0.0000000E+00  0.0000000E+00  0.0000000E+00  0.0000000E+00  0.0000000E+00  0.0000000E+00  0.0000000E+00  0.0000000E+00  0.0000000E+00  0.0000000E+00  0.0000000E+00  0.0000000E+00  0.0000000E+00  0.0000000E+00  0.0000000E+00
OTHERS              0.0000000E+00  0.0000000E+00  0.0000000E+00  0.0000000E+00  0.0000000E+00  0.0000000E+00  0.0000000E+00  0.0000000E+00  0.0000000E+00  0.0000000E+00  0.0000000E+00  0.0000000E+00  0.0000000E+00  0.0000000E+00  0.0000000E+00  0.7749749E+05  0.0000000E+00  0.0000000E+00  0.0000000E+00  0.7749749E+05
SUB_TOTAL           0.6413769E+05  0.2160825E+06  0.1016998E+06  0.1685407E+06  0.5505765E+05  0.1073655E+07  0.1747603E+06  0.3339125E+06  0.7135625E+05  0.6476008E+05  0.1453508E+06  0.1634459E+06  0.6644646E+05  0.1947474E+03  0.4846164E+03  0.1661865E+07  0.2608344E+06  0.2693723E+06  0.9653569E+04  0.4901610E+07
  
Non-Combustion Sources [t/year]
  
Industry [t/year]
  
Sector
PIG_IRON            0.2727104E+06
CRUDE_STEEL         0.6745981E+06
IRON_STEEL_OTHERS   0.1997815E+06
ALUMINUM_ALUMINA    0.0000000E+00
COPPER              0.0000000E+00
ZINC                0.0000000E+00
LEAD                0.0000000E+00
CMENT               0.0000000E+00
BRICKS              0.0000000E+00
LIME                0.0000000E+00
COKE_OVENS          0.1686026E+05
OIL_REFINERY        0.0000000E+00
OTH_TRANSFORMATION  0.6677362E+03
SULPHRIC_ACID       0.0000000E+00
OTHERS              0.0000000E+00
SUB_TOTAL           0.1164618E+07
  
Total [t/year]
  
TOTAL               0.6066228E+07
