Year       : 2007
Country    : CHN
Sub-Region : HENA
  
Combustion Sources [t/year]
  
Fuel Type           POWER_PLANTS   ENERGY         IRON_STEEL     CHEM_PETRCHEM  NON_FERR_MET   NON_MET_MINE   OTHERS         ROAD_CARS      ROAD_BUSES     ROAD_L_TRUCKS  ROAD_H_TRUCKS  ROAD_MC        ROAD_OTHERS    DOM_NAVI       RAILWAY_ETC    RESIDENT       COMM_PUB       AGR_FORE_FISH  OTHERS         SUB_TOTAL    
HARD_COAL           0.2406006E+06  0.7050157E+06  0.3502902E+05  0.1514658E+06  0.8612189E+05  0.6563659E+06  0.1657661E+06  0.0000000E+00  0.0000000E+00  0.0000000E+00  0.0000000E+00  0.0000000E+00  0.0000000E+00  0.0000000E+00  0.6272400E+03  0.8228325E+06  0.2010000E+05  0.8040000E+05  0.0000000E+00  0.2964325E+07
BROWN_COAL          0.0000000E+00  0.0000000E+00  0.0000000E+00  0.0000000E+00  0.0000000E+00  0.0000000E+00  0.0000000E+00  0.0000000E+00  0.0000000E+00  0.0000000E+00  0.0000000E+00  0.0000000E+00  0.0000000E+00  0.0000000E+00  0.0000000E+00  0.0000000E+00  0.0000000E+00  0.0000000E+00  0.0000000E+00  0.0000000E+00
DERIVED_COAL        0.0000000E+00  0.5523749E+05  0.2467452E+03  0.1186724E+05  0.6747590E+04  0.9788373E+04  0.1107262E+05  0.0000000E+00  0.0000000E+00  0.0000000E+00  0.0000000E+00  0.0000000E+00  0.0000000E+00  0.0000000E+00  0.0000000E+00  0.0000000E+00  0.0000000E+00  0.0000000E+00  0.0000000E+00  0.9496006E+05
NATURAL_GAS         0.2725170E+02  0.2709342E+02  0.1033776E+04  0.5677614E+02  0.1167567E+03  0.6753017E+02  0.1165185E+03  0.0000000E+00  0.0000000E+00  0.0000000E+00  0.0000000E+00  0.0000000E+00  0.0000000E+00  0.0000000E+00  0.0000000E+00  0.2530515E+04  0.2978222E+02  0.0000000E+00  0.0000000E+00  0.4006000E+04
COKE_OVEN_GAS       0.2944106E+03  0.2576876E+02  0.0000000E+00  0.5400023E+02  0.1110481E+03  0.6422846E+02  0.1108217E+03  0.0000000E+00  0.0000000E+00  0.0000000E+00  0.0000000E+00  0.0000000E+00  0.0000000E+00  0.0000000E+00  0.0000000E+00  0.1839524E+03  0.0000000E+00  0.0000000E+00  0.0000000E+00  0.8442302E+03
OTHER_GAS           0.2429418E+03  0.2456626E+02  0.0000000E+00  0.5148032E+02  0.1058661E+03  0.6123123E+02  0.1056502E+03  0.0000000E+00  0.0000000E+00  0.0000000E+00  0.0000000E+00  0.0000000E+00  0.0000000E+00  0.0000000E+00  0.0000000E+00  0.6063072E+03  0.3156480E+02  0.0000000E+00  0.0000000E+00  0.1229608E+04
MOTOR_GASOLINE      0.0000000E+00  0.0000000E+00  0.0000000E+00  0.0000000E+00  0.0000000E+00  0.0000000E+00  0.0000000E+00  0.6510563E+06  0.9435680E+05  0.8258601E+05  0.1363183E+06  0.2967228E+06  0.0000000E+00  0.0000000E+00  0.0000000E+00  0.0000000E+00  0.0000000E+00  0.6977340E+02  0.0000000E+00  0.1261110E+07
KEROSENE            0.0000000E+00  0.1112513E+03  0.2136752E+01  0.7961926E+00  0.3270722E+01  0.3934217E+01  0.3729138E+01  0.0000000E+00  0.0000000E+00  0.0000000E+00  0.0000000E+00  0.0000000E+00  0.0000000E+00  0.0000000E+00  0.0000000E+00  0.0000000E+00  0.2110430E+02  0.0000000E+00  0.0000000E+00  0.1462226E+03
OTHER_LF            0.3918590E+02  0.5797022E+02  0.1113407E+01  0.4148756E+00  0.1704289E+01  0.2050019E+01  0.1943158E+01  0.0000000E+00  0.0000000E+00  0.0000000E+00  0.0000000E+00  0.0000000E+00  0.0000000E+00  0.0000000E+00  0.0000000E+00  0.8640000E+02  0.2214000E+02  0.0000000E+00  0.0000000E+00  0.2129219E+03
DIESEL_OIL          0.1929169E+02  0.1808646E+03  0.2557091E+02  0.2469520E+02  0.5096670E+02  0.3129226E+02  0.1712565E+03  0.0000000E+00  0.2604755E+05  0.2111811E+05  0.8578646E+05  0.0000000E+00  0.7189900E+06  0.2166209E+02  0.2936041E+03  0.0000000E+00  0.3444944E+02  0.5536025E+03  0.2296629E+02  0.8533723E+06
CRUDE_OIL           0.2697132E+01  0.1078101E+03  0.0000000E+00  0.0000000E+00  0.0000000E+00  0.0000000E+00  0.1243735E-01  0.0000000E+00  0.0000000E+00  0.0000000E+00  0.0000000E+00  0.0000000E+00  0.0000000E+00  0.0000000E+00  0.0000000E+00  0.0000000E+00  0.0000000E+00  0.0000000E+00  0.0000000E+00  0.1105197E+03
HEAVY_FUEL_OIL      0.9600000E+01  0.8147150E+02  0.5983540E+02  0.6417486E+01  0.7921008E+02  0.1266994E+03  0.1344616E+02  0.0000000E+00  0.0000000E+00  0.0000000E+00  0.0000000E+00  0.0000000E+00  0.0000000E+00  0.0000000E+00  0.0000000E+00  0.0000000E+00  0.0000000E+00  0.0000000E+00  0.0000000E+00  0.3766800E+03
OTHER_HF            0.0000000E+00  0.2418310E+02  0.1776088E+02  0.1904896E+01  0.2351185E+02  0.3760807E+02  0.1239912E+03  0.0000000E+00  0.0000000E+00  0.0000000E+00  0.0000000E+00  0.0000000E+00  0.0000000E+00  0.0000000E+00  0.0000000E+00  0.0000000E+00  0.0000000E+00  0.0000000E+00  0.0000000E+00  0.2289600E+03
FUELWOOD            0.0000000E+00  0.0000000E+00  0.0000000E+00  0.0000000E+00  0.0000000E+00  0.0000000E+00  0.0000000E+00  0.0000000E+00  0.0000000E+00  0.0000000E+00  0.0000000E+00  0.0000000E+00  0.0000000E+00  0.0000000E+00  0.0000000E+00  0.5536852E+06  0.0000000E+00  0.0000000E+00  0.0000000E+00  0.5536852E+06
CROP_RESIDUE        0.0000000E+00  0.0000000E+00  0.0000000E+00  0.0000000E+00  0.0000000E+00  0.0000000E+00  0.0000000E+00  0.0000000E+00  0.0000000E+00  0.0000000E+00  0.0000000E+00  0.0000000E+00  0.0000000E+00  0.0000000E+00  0.0000000E+00  0.2029565E+07  0.0000000E+00  0.0000000E+00  0.0000000E+00  0.2029565E+07
ANIMAL_WASTE        0.0000000E+00  0.0000000E+00  0.0000000E+00  0.0000000E+00  0.0000000E+00  0.0000000E+00  0.0000000E+00  0.0000000E+00  0.0000000E+00  0.0000000E+00  0.0000000E+00  0.0000000E+00  0.0000000E+00  0.0000000E+00  0.0000000E+00  0.0000000E+00  0.0000000E+00  0.0000000E+00  0.0000000E+00  0.0000000E+00
OTHERS              0.0000000E+00  0.0000000E+00  0.0000000E+00  0.0000000E+00  0.0000000E+00  0.0000000E+00  0.0000000E+00  0.0000000E+00  0.0000000E+00  0.0000000E+00  0.0000000E+00  0.0000000E+00  0.0000000E+00  0.0000000E+00  0.0000000E+00  0.8397482E+05  0.0000000E+00  0.0000000E+00  0.0000000E+00  0.8397482E+05
SUB_TOTAL           0.2412360E+06  0.7608942E+06  0.3641596E+05  0.1635295E+06  0.9336181E+05  0.6665488E+06  0.1774861E+06  0.6510563E+06  0.1204044E+06  0.1037041E+06  0.2221048E+06  0.2967228E+06  0.7189900E+06  0.2166209E+02  0.9208441E+03  0.3493465E+07  0.2023904E+05  0.8102338E+05  0.2296629E+02  0.7848147E+07
  
Non-Combustion Sources [t/year]
  
Industry [t/year]
  
Sector
PIG_IRON            0.4316451E+06
CRUDE_STEEL         0.1152565E+07
IRON_STEEL_OTHERS   0.1972399E+06
ALUMINUM_ALUMINA    0.0000000E+00
COPPER              0.0000000E+00
ZINC                0.0000000E+00
LEAD                0.0000000E+00
CMENT               0.0000000E+00
BRICKS              0.0000000E+00
LIME                0.0000000E+00
COKE_OVENS          0.4213212E+05
OIL_REFINERY        0.0000000E+00
OTH_TRANSFORMATION  0.5193823E+03
SULPHRIC_ACID       0.0000000E+00
OTHERS              0.0000000E+00
SUB_TOTAL           0.1824102E+07
  
Total [t/year]
  
TOTAL               0.9672249E+07
