Year       : 2007
Country    : CHN
Sub-Region : JINX
  
Combustion Sources [t/year]
  
Fuel Type           POWER_PLANTS   ENERGY         IRON_STEEL     CHEM_PETRCHEM  NON_FERR_MET   NON_MET_MINE   OTHERS         ROAD_CARS      ROAD_BUSES     ROAD_L_TRUCKS  ROAD_H_TRUCKS  ROAD_MC        ROAD_OTHERS    DOM_NAVI       RAILWAY_ETC    RESIDENT       COMM_PUB       AGR_FORE_FISH  OTHERS         SUB_TOTAL    
HARD_COAL           0.5225417E+05  0.9110976E+05  0.2049789E+05  0.2622448E+05  0.6237878E+04  0.3759761E+06  0.2998601E+05  0.0000000E+00  0.0000000E+00  0.0000000E+00  0.0000000E+00  0.0000000E+00  0.0000000E+00  0.0000000E+00  0.8687274E+02  0.1725000E+05  0.5628000E+04  0.2187684E+05  0.8040000E+03  0.6479320E+06
BROWN_COAL          0.0000000E+00  0.0000000E+00  0.0000000E+00  0.0000000E+00  0.0000000E+00  0.0000000E+00  0.0000000E+00  0.0000000E+00  0.0000000E+00  0.0000000E+00  0.0000000E+00  0.0000000E+00  0.0000000E+00  0.0000000E+00  0.0000000E+00  0.0000000E+00  0.0000000E+00  0.0000000E+00  0.0000000E+00  0.0000000E+00
DERIVED_COAL        0.0000000E+00  0.0000000E+00  0.3616905E+04  0.6899037E+03  0.3937741E+03  0.1363996E+02  0.2459095E+03  0.0000000E+00  0.0000000E+00  0.0000000E+00  0.0000000E+00  0.0000000E+00  0.0000000E+00  0.0000000E+00  0.0000000E+00  0.1513074E+06  0.0000000E+00  0.0000000E+00  0.0000000E+00  0.1562675E+06
NATURAL_GAS         0.0000000E+00  0.0000000E+00  0.0000000E+00  0.0000000E+00  0.0000000E+00  0.0000000E+00  0.2335860E+02  0.0000000E+00  0.0000000E+00  0.0000000E+00  0.0000000E+00  0.0000000E+00  0.0000000E+00  0.0000000E+00  0.0000000E+00  0.1872581E+03  0.1576705E+02  0.0000000E+00  0.0000000E+00  0.2263838E+03
COKE_OVEN_GAS       0.9024080E+01  0.0000000E+00  0.0000000E+00  0.0000000E+00  0.0000000E+00  0.0000000E+00  0.1660431E+04  0.0000000E+00  0.0000000E+00  0.0000000E+00  0.0000000E+00  0.0000000E+00  0.0000000E+00  0.0000000E+00  0.0000000E+00  0.2575334E+02  0.1128010E+02  0.0000000E+00  0.0000000E+00  0.1706489E+04
OTHER_GAS           0.2747814E+03  0.0000000E+00  0.0000000E+00  0.0000000E+00  0.0000000E+00  0.0000000E+00  0.1596125E+04  0.0000000E+00  0.0000000E+00  0.0000000E+00  0.0000000E+00  0.0000000E+00  0.0000000E+00  0.0000000E+00  0.0000000E+00  0.1972800E+03  0.3551040E+03  0.0000000E+00  0.0000000E+00  0.2423290E+04
MOTOR_GASOLINE      0.0000000E+00  0.0000000E+00  0.0000000E+00  0.0000000E+00  0.0000000E+00  0.0000000E+00  0.0000000E+00  0.1676413E+06  0.2603684E+05  0.2826106E+05  0.5445973E+05  0.1709035E+06  0.0000000E+00  0.0000000E+00  0.0000000E+00  0.0000000E+00  0.0000000E+00  0.5814450E+02  0.0000000E+00  0.4473606E+06
KEROSENE            0.0000000E+00  0.5846981E+00  0.4043123E+00  0.3209619E+01  0.1918929E+02  0.1088534E+01  0.1094862E+02  0.0000000E+00  0.0000000E+00  0.0000000E+00  0.0000000E+00  0.0000000E+00  0.0000000E+00  0.0000000E+00  0.0000000E+00  0.3553275E+00  0.7537250E+00  0.0000000E+00  0.4307000E+00  0.3696483E+02
OTHER_LF            0.2517137E+02  0.5865579E+01  0.3019815E+01  0.6994745E+01  0.9385798E+01  0.2982829E+01  0.2268560E+02  0.0000000E+00  0.0000000E+00  0.0000000E+00  0.0000000E+00  0.0000000E+00  0.3400079E+01  0.0000000E+00  0.0000000E+00  0.1077840E+03  0.2466000E+02  0.0000000E+00  0.0000000E+00  0.2119498E+03
DIESEL_OIL          0.5971236E+01  0.4680361E+01  0.1402432E+02  0.5606852E+01  0.3578695E+02  0.1114902E+02  0.1060523E+03  0.0000000E+00  0.7528303E+04  0.7569236E+04  0.3589676E+05  0.0000000E+00  0.2126420E+05  0.3837016E+02  0.1378301E+03  0.4191349E+02  0.2606674E+02  0.3272696E+03  0.4185607E+02  0.7305508E+05
CRUDE_OIL           0.0000000E+00  0.0000000E+00  0.0000000E+00  0.0000000E+00  0.0000000E+00  0.0000000E+00  0.0000000E+00  0.0000000E+00  0.0000000E+00  0.0000000E+00  0.0000000E+00  0.0000000E+00  0.0000000E+00  0.0000000E+00  0.0000000E+00  0.0000000E+00  0.0000000E+00  0.0000000E+00  0.0000000E+00  0.0000000E+00
HEAVY_FUEL_OIL      0.1416000E+02  0.2050438E+02  0.2297431E+01  0.2682937E+02  0.3464571E+02  0.1258793E+02  0.1055182E+01  0.0000000E+00  0.0000000E+00  0.0000000E+00  0.0000000E+00  0.0000000E+00  0.0000000E+00  0.0000000E+00  0.0000000E+00  0.0000000E+00  0.0000000E+00  0.0000000E+00  0.0000000E+00  0.1120800E+03
OTHER_HF            0.0000000E+00  0.5981701E+02  0.6702246E+01  0.7826874E+02  0.1010712E+03  0.3672251E+02  0.5707826E+02  0.0000000E+00  0.0000000E+00  0.0000000E+00  0.0000000E+00  0.0000000E+00  0.0000000E+00  0.2400000E+01  0.0000000E+00  0.6000000E+00  0.1200000E+01  0.0000000E+00  0.2400000E+01  0.3462600E+03
FUELWOOD            0.0000000E+00  0.0000000E+00  0.0000000E+00  0.0000000E+00  0.0000000E+00  0.0000000E+00  0.0000000E+00  0.0000000E+00  0.0000000E+00  0.0000000E+00  0.0000000E+00  0.0000000E+00  0.0000000E+00  0.0000000E+00  0.0000000E+00  0.3788445E+06  0.0000000E+00  0.0000000E+00  0.0000000E+00  0.3788445E+06
CROP_RESIDUE        0.0000000E+00  0.0000000E+00  0.0000000E+00  0.0000000E+00  0.0000000E+00  0.0000000E+00  0.0000000E+00  0.0000000E+00  0.0000000E+00  0.0000000E+00  0.0000000E+00  0.0000000E+00  0.0000000E+00  0.0000000E+00  0.0000000E+00  0.3948927E+06  0.0000000E+00  0.0000000E+00  0.0000000E+00  0.3948927E+06
ANIMAL_WASTE        0.0000000E+00  0.0000000E+00  0.0000000E+00  0.0000000E+00  0.0000000E+00  0.0000000E+00  0.0000000E+00  0.0000000E+00  0.0000000E+00  0.0000000E+00  0.0000000E+00  0.0000000E+00  0.0000000E+00  0.0000000E+00  0.0000000E+00  0.0000000E+00  0.0000000E+00  0.0000000E+00  0.0000000E+00  0.0000000E+00
OTHERS              0.0000000E+00  0.0000000E+00  0.0000000E+00  0.0000000E+00  0.0000000E+00  0.0000000E+00  0.0000000E+00  0.0000000E+00  0.0000000E+00  0.0000000E+00  0.0000000E+00  0.0000000E+00  0.0000000E+00  0.0000000E+00  0.0000000E+00  0.3976880E+05  0.0000000E+00  0.0000000E+00  0.0000000E+00  0.3976880E+05
SUB_TOTAL           0.5258328E+05  0.9120121E+05  0.2414124E+05  0.2703529E+05  0.6831731E+04  0.3760543E+06  0.3370965E+05  0.1676413E+06  0.3356514E+05  0.3583030E+05  0.9035649E+05  0.1709035E+06  0.2126760E+05  0.4077016E+02  0.2247028E+03  0.9826243E+06  0.6062832E+04  0.2226225E+05  0.8486868E+03  0.2143185E+07
  
Non-Combustion Sources [t/year]
  
Industry [t/year]
  
Sector
PIG_IRON            0.2289110E+06
CRUDE_STEEL         0.6619448E+06
IRON_STEEL_OTHERS   0.1621790E+06
ALUMINUM_ALUMINA    0.0000000E+00
COPPER              0.0000000E+00
ZINC                0.0000000E+00
LEAD                0.0000000E+00
CMENT               0.0000000E+00
BRICKS              0.0000000E+00
LIME                0.0000000E+00
COKE_OVENS          0.1014918E+05
OIL_REFINERY        0.0000000E+00
OTH_TRANSFORMATION  0.3515757E+03
SULPHRIC_ACID       0.0000000E+00
OTHERS              0.0000000E+00
SUB_TOTAL           0.1063536E+07
  
Total [t/year]
  
TOTAL               0.3206720E+07
