Year       : 2007
Country    : CHN
Sub-Region : SHAA
  
Combustion Sources [t/year]
  
Fuel Type           POWER_PLANTS   ENERGY         IRON_STEEL     CHEM_PETRCHEM  NON_FERR_MET   NON_MET_MINE   OTHERS         ROAD_CARS      ROAD_BUSES     ROAD_L_TRUCKS  ROAD_H_TRUCKS  ROAD_MC        ROAD_OTHERS    DOM_NAVI       RAILWAY_ETC    RESIDENT       COMM_PUB       AGR_FORE_FISH  OTHERS         SUB_TOTAL    
HARD_COAL           0.8100859E+05  0.1592567E+06  0.3326266E+04  0.4545250E+05  0.1458424E+05  0.1880855E+06  0.2724917E+05  0.0000000E+00  0.0000000E+00  0.0000000E+00  0.0000000E+00  0.0000000E+00  0.0000000E+00  0.0000000E+00  0.8104443E+03  0.3496500E+05  0.7286400E+05  0.7956160E+04  0.0000000E+00  0.6355586E+06
BROWN_COAL          0.0000000E+00  0.0000000E+00  0.0000000E+00  0.0000000E+00  0.0000000E+00  0.0000000E+00  0.0000000E+00  0.0000000E+00  0.0000000E+00  0.0000000E+00  0.0000000E+00  0.0000000E+00  0.0000000E+00  0.0000000E+00  0.0000000E+00  0.0000000E+00  0.0000000E+00  0.0000000E+00  0.0000000E+00  0.0000000E+00
DERIVED_COAL        0.0000000E+00  0.1114238E+01  0.1460971E+04  0.5326799E+04  0.5604616E+03  0.1968487E+02  0.1832919E+03  0.0000000E+00  0.0000000E+00  0.0000000E+00  0.0000000E+00  0.0000000E+00  0.0000000E+00  0.0000000E+00  0.0000000E+00  0.3491708E+05  0.0000000E+00  0.0000000E+00  0.0000000E+00  0.4246940E+05
NATURAL_GAS         0.1658461E+03  0.0000000E+00  0.0000000E+00  0.0000000E+00  0.0000000E+00  0.0000000E+00  0.1221655E+04  0.0000000E+00  0.0000000E+00  0.0000000E+00  0.0000000E+00  0.0000000E+00  0.0000000E+00  0.0000000E+00  0.0000000E+00  0.6473057E+04  0.3211807E+03  0.0000000E+00  0.0000000E+00  0.8181739E+04
COKE_OVEN_GAS       0.6993662E+02  0.0000000E+00  0.0000000E+00  0.0000000E+00  0.0000000E+00  0.0000000E+00  0.0000000E+00  0.0000000E+00  0.0000000E+00  0.0000000E+00  0.0000000E+00  0.0000000E+00  0.0000000E+00  0.0000000E+00  0.0000000E+00  0.0000000E+00  0.0000000E+00  0.0000000E+00  0.0000000E+00  0.6993662E+02
OTHER_GAS           0.1394160E+03  0.0000000E+00  0.0000000E+00  0.0000000E+00  0.0000000E+00  0.0000000E+00  0.2351232E+02  0.0000000E+00  0.0000000E+00  0.0000000E+00  0.0000000E+00  0.0000000E+00  0.0000000E+00  0.0000000E+00  0.0000000E+00  0.5024064E+03  0.5260800E+01  0.2630400E+01  0.0000000E+00  0.6732259E+03
MOTOR_GASOLINE      0.0000000E+00  0.0000000E+00  0.0000000E+00  0.0000000E+00  0.0000000E+00  0.0000000E+00  0.0000000E+00  0.3450079E+06  0.4368174E+05  0.3112581E+05  0.6208097E+05  0.1008104E+06  0.0000000E+00  0.0000000E+00  0.0000000E+00  0.0000000E+00  0.0000000E+00  0.6302864E+02  0.0000000E+00  0.5827698E+06
KEROSENE            0.0000000E+00  0.5599044E+02  0.2372477E+01  0.1644917E+02  0.5377614E+01  0.3637797E+01  0.3827596E+02  0.0000000E+00  0.0000000E+00  0.0000000E+00  0.0000000E+00  0.0000000E+00  0.0000000E+00  0.0000000E+00  0.0000000E+00  0.0000000E+00  0.0000000E+00  0.0000000E+00  0.0000000E+00  0.1221035E+03
OTHER_LF            0.9003753E+00  0.5896146E+01  0.2498367E+00  0.1732201E+01  0.5662966E+00  0.3830831E+00  0.4030699E+01  0.0000000E+00  0.0000000E+00  0.0000000E+00  0.0000000E+00  0.0000000E+00  0.0000000E+00  0.0000000E+00  0.0000000E+00  0.1692000E+03  0.1080000E+01  0.0000000E+00  0.0000000E+00  0.1840386E+03
DIESEL_OIL          0.6947302E+01  0.2089659E+03  0.4091639E+01  0.5728295E+01  0.1186576E+02  0.1081361E+02  0.2718308E+02  0.0000000E+00  0.1147364E+05  0.7573157E+04  0.3717329E+05  0.0000000E+00  0.9227793E+05  0.3840292E+00  0.1532276E+03  0.2870787E+02  0.1033483E+03  0.1607641E+03  0.9014268E+01  0.1492291E+06
CRUDE_OIL           0.0000000E+00  0.9792110E+01  0.2118426E+00  0.5034376E+00  0.5906669E+00  0.5183913E+00  0.1492867E+01  0.0000000E+00  0.0000000E+00  0.0000000E+00  0.0000000E+00  0.0000000E+00  0.0000000E+00  0.0000000E+00  0.0000000E+00  0.0000000E+00  0.0000000E+00  0.0000000E+00  0.0000000E+00  0.1310932E+02
HEAVY_FUEL_OIL      0.6000000E-01  0.4212843E+01  0.9114072E-01  0.2165932E+00  0.2541217E+00  0.2230267E+00  0.6422737E+00  0.0000000E+00  0.0000000E+00  0.0000000E+00  0.0000000E+00  0.0000000E+00  0.0000000E+00  0.1080000E+01  0.0000000E+00  0.0000000E+00  0.0000000E+00  0.0000000E+00  0.0000000E+00  0.6779999E+01
OTHER_HF            0.0000000E+00  0.3043107E+02  0.6583464E+00  0.1564540E+01  0.1835623E+01  0.1611011E+01  0.4639403E+01  0.0000000E+00  0.0000000E+00  0.0000000E+00  0.0000000E+00  0.0000000E+00  0.0000000E+00  0.0000000E+00  0.0000000E+00  0.0000000E+00  0.0000000E+00  0.0000000E+00  0.0000000E+00  0.4073999E+02
FUELWOOD            0.0000000E+00  0.0000000E+00  0.0000000E+00  0.0000000E+00  0.0000000E+00  0.0000000E+00  0.0000000E+00  0.0000000E+00  0.0000000E+00  0.0000000E+00  0.0000000E+00  0.0000000E+00  0.0000000E+00  0.0000000E+00  0.0000000E+00  0.4743000E+06  0.0000000E+00  0.0000000E+00  0.0000000E+00  0.4743000E+06
CROP_RESIDUE        0.0000000E+00  0.0000000E+00  0.0000000E+00  0.0000000E+00  0.0000000E+00  0.0000000E+00  0.0000000E+00  0.0000000E+00  0.0000000E+00  0.0000000E+00  0.0000000E+00  0.0000000E+00  0.0000000E+00  0.0000000E+00  0.0000000E+00  0.1054694E+07  0.0000000E+00  0.0000000E+00  0.0000000E+00  0.1054694E+07
ANIMAL_WASTE        0.0000000E+00  0.0000000E+00  0.0000000E+00  0.0000000E+00  0.0000000E+00  0.0000000E+00  0.0000000E+00  0.0000000E+00  0.0000000E+00  0.0000000E+00  0.0000000E+00  0.0000000E+00  0.0000000E+00  0.0000000E+00  0.0000000E+00  0.0000000E+00  0.0000000E+00  0.0000000E+00  0.0000000E+00  0.0000000E+00
OTHERS              0.0000000E+00  0.0000000E+00  0.0000000E+00  0.0000000E+00  0.0000000E+00  0.0000000E+00  0.0000000E+00  0.0000000E+00  0.0000000E+00  0.0000000E+00  0.0000000E+00  0.0000000E+00  0.0000000E+00  0.0000000E+00  0.0000000E+00  0.1742979E+05  0.0000000E+00  0.0000000E+00  0.0000000E+00  0.1742979E+05
SUB_TOTAL           0.8139170E+05  0.1595731E+06  0.4794912E+04  0.5080549E+05  0.1516519E+05  0.1881224E+06  0.2875389E+05  0.3450079E+06  0.5515538E+05  0.3869897E+05  0.9925426E+05  0.1008104E+06  0.9227793E+05  0.1464029E+01  0.9636719E+03  0.1623479E+07  0.7329487E+05  0.8182583E+04  0.9014268E+01  0.2965742E+07
  
Non-Combustion Sources [t/year]
  
Industry [t/year]
  
Sector
PIG_IRON            0.7989461E+05
CRUDE_STEEL         0.2007247E+06
IRON_STEEL_OTHERS   0.6787883E+05
ALUMINUM_ALUMINA    0.0000000E+00
COPPER              0.0000000E+00
ZINC                0.0000000E+00
LEAD                0.0000000E+00
CMENT               0.0000000E+00
BRICKS              0.0000000E+00
LIME                0.0000000E+00
COKE_OVENS          0.1333760E+06
OIL_REFINERY        0.0000000E+00
OTH_TRANSFORMATION  0.8867192E+02
SULPHRIC_ACID       0.0000000E+00
OTHERS              0.0000000E+00
SUB_TOTAL           0.4819628E+06
  
Total [t/year]
  
TOTAL               0.3447705E+07
