Year       : 2007
Country    : CHN
Sub-Region : XING
  
Combustion Sources [t/year]
  
Fuel Type           POWER_PLANTS   ENERGY         IRON_STEEL     CHEM_PETRCHEM  NON_FERR_MET   NON_MET_MINE   OTHERS         ROAD_CARS      ROAD_BUSES     ROAD_L_TRUCKS  ROAD_H_TRUCKS  ROAD_MC        ROAD_OTHERS    DOM_NAVI       RAILWAY_ETC    RESIDENT       COMM_PUB       AGR_FORE_FISH  OTHERS         SUB_TOTAL    
HARD_COAL           0.6467542E+05  0.9919209E+05  0.3575715E+05  0.2078847E+05  0.5732989E+04  0.2234277E+06  0.4323088E+05  0.0000000E+00  0.0000000E+00  0.0000000E+00  0.0000000E+00  0.0000000E+00  0.0000000E+00  0.0000000E+00  0.1724910E+04  0.1597500E+06  0.1361600E+05  0.3737040E+05  0.1472000E+05  0.7199860E+06
BROWN_COAL          0.0000000E+00  0.0000000E+00  0.0000000E+00  0.0000000E+00  0.0000000E+00  0.0000000E+00  0.0000000E+00  0.0000000E+00  0.0000000E+00  0.0000000E+00  0.0000000E+00  0.0000000E+00  0.0000000E+00  0.0000000E+00  0.0000000E+00  0.0000000E+00  0.0000000E+00  0.0000000E+00  0.0000000E+00  0.0000000E+00
DERIVED_COAL        0.0000000E+00  0.1524251E+02  0.1431787E+04  0.1422951E+04  0.1149540E+03  0.8923219E+02  0.1317842E+03  0.0000000E+00  0.0000000E+00  0.0000000E+00  0.0000000E+00  0.0000000E+00  0.0000000E+00  0.0000000E+00  0.0000000E+00  0.0000000E+00  0.0000000E+00  0.0000000E+00  0.0000000E+00  0.3205951E+04
NATURAL_GAS         0.1051137E+04  0.2327482E+04  0.1828346E+01  0.4744554E+03  0.0000000E+00  0.3656691E+01  0.3199604E+01  0.0000000E+00  0.0000000E+00  0.0000000E+00  0.0000000E+00  0.0000000E+00  0.0000000E+00  0.0000000E+00  0.0000000E+00  0.1366478E+04  0.6540408E+02  0.0000000E+00  0.1923191E+02  0.5312873E+04
COKE_OVEN_GAS       0.3338910E+03  0.2979804E+03  0.0000000E+00  0.6074302E+02  0.0000000E+00  0.4681546E+00  0.4096351E+00  0.0000000E+00  0.0000000E+00  0.0000000E+00  0.0000000E+00  0.0000000E+00  0.0000000E+00  0.0000000E+00  0.0000000E+00  0.1471619E+02  0.0000000E+00  0.0000000E+00  0.0000000E+00  0.7082084E+03
OTHER_GAS           0.3466560E+02  0.1788966E+03  0.0000000E+00  0.3646790E+02  0.0000000E+00  0.2810630E+00  0.2459301E+00  0.0000000E+00  0.0000000E+00  0.0000000E+00  0.0000000E+00  0.0000000E+00  0.0000000E+00  0.0000000E+00  0.0000000E+00  0.0000000E+00  0.0000000E+00  0.0000000E+00  0.0000000E+00  0.2505571E+03
MOTOR_GASOLINE      0.0000000E+00  0.0000000E+00  0.0000000E+00  0.0000000E+00  0.0000000E+00  0.0000000E+00  0.0000000E+00  0.2453466E+06  0.3963037E+05  0.4574028E+05  0.5610864E+05  0.3831940E+05  0.0000000E+00  0.0000000E+00  0.0000000E+00  0.0000000E+00  0.0000000E+00  0.1346627E+03  0.0000000E+00  0.4252800E+06
KEROSENE            0.0000000E+00  0.2584201E+01  0.8613997E+00  0.1722800E+01  0.0000000E+00  0.0000000E+00  0.8613997E+00  0.0000000E+00  0.0000000E+00  0.0000000E+00  0.0000000E+00  0.0000000E+00  0.0000000E+00  0.0000000E+00  0.0000000E+00  0.2984751E+01  0.3617880E+02  0.2067360E+02  0.3014900E+02  0.9601595E+02
OTHER_LF            0.7249978E+02  0.1276805E+03  0.2184350E+02  0.2782447E+02  0.6241000E+01  0.9881583E+01  0.4108659E+02  0.0000000E+00  0.0000000E+00  0.0000000E+00  0.0000000E+00  0.0000000E+00  0.3796762E+03  0.0000000E+00  0.0000000E+00  0.5230800E+02  0.1368000E+02  0.0000000E+00  0.7452000E+01  0.7601736E+03
DIESEL_OIL          0.2220266E+03  0.1315880E+03  0.4373523E+02  0.2316744E+02  0.2293806E+02  0.5635117E+02  0.1026568E+03  0.0000000E+00  0.9792353E+04  0.1046918E+05  0.3160529E+05  0.0000000E+00  0.6796783E+05  0.0000000E+00  0.6482172E+02  0.3513842E+02  0.1320562E+03  0.3450685E+03  0.1510034E+03  0.1211652E+06
CRUDE_OIL           0.5645160E+00  0.4932614E+03  0.0000000E+00  0.0000000E+00  0.0000000E+00  0.0000000E+00  0.0000000E+00  0.0000000E+00  0.0000000E+00  0.0000000E+00  0.0000000E+00  0.0000000E+00  0.0000000E+00  0.0000000E+00  0.0000000E+00  0.0000000E+00  0.0000000E+00  0.0000000E+00  0.0000000E+00  0.4938259E+03
HEAVY_FUEL_OIL      0.7800000E+00  0.1323026E+03  0.0000000E+00  0.0000000E+00  0.1193528E+00  0.0000000E+00  0.3580584E+00  0.0000000E+00  0.0000000E+00  0.0000000E+00  0.0000000E+00  0.0000000E+00  0.0000000E+00  0.0000000E+00  0.0000000E+00  0.0000000E+00  0.0000000E+00  0.0000000E+00  0.0000000E+00  0.1335600E+03
OTHER_HF            0.0000000E+00  0.1093335E+04  0.0000000E+00  0.0000000E+00  0.9863190E+00  0.0000000E+00  0.2995896E+02  0.0000000E+00  0.0000000E+00  0.0000000E+00  0.0000000E+00  0.0000000E+00  0.0000000E+00  0.5400000E+02  0.0000000E+00  0.9600000E+00  0.1200000E+01  0.0000000E+00  0.1800000E+01  0.1182240E+04
FUELWOOD            0.0000000E+00  0.0000000E+00  0.0000000E+00  0.0000000E+00  0.0000000E+00  0.0000000E+00  0.0000000E+00  0.0000000E+00  0.0000000E+00  0.0000000E+00  0.0000000E+00  0.0000000E+00  0.0000000E+00  0.0000000E+00  0.0000000E+00  0.2597634E+06  0.0000000E+00  0.0000000E+00  0.0000000E+00  0.2597634E+06
CROP_RESIDUE        0.0000000E+00  0.0000000E+00  0.0000000E+00  0.0000000E+00  0.0000000E+00  0.0000000E+00  0.0000000E+00  0.0000000E+00  0.0000000E+00  0.0000000E+00  0.0000000E+00  0.0000000E+00  0.0000000E+00  0.0000000E+00  0.0000000E+00  0.5039172E+06  0.0000000E+00  0.0000000E+00  0.0000000E+00  0.5039172E+06
ANIMAL_WASTE        0.0000000E+00  0.0000000E+00  0.0000000E+00  0.0000000E+00  0.0000000E+00  0.0000000E+00  0.0000000E+00  0.0000000E+00  0.0000000E+00  0.0000000E+00  0.0000000E+00  0.0000000E+00  0.0000000E+00  0.0000000E+00  0.0000000E+00  0.0000000E+00  0.0000000E+00  0.0000000E+00  0.0000000E+00  0.0000000E+00
OTHERS              0.0000000E+00  0.0000000E+00  0.0000000E+00  0.0000000E+00  0.0000000E+00  0.0000000E+00  0.0000000E+00  0.0000000E+00  0.0000000E+00  0.0000000E+00  0.0000000E+00  0.0000000E+00  0.0000000E+00  0.0000000E+00  0.0000000E+00  0.4666830E+04  0.0000000E+00  0.0000000E+00  0.0000000E+00  0.4666830E+04
SUB_TOTAL           0.6639098E+05  0.1039924E+06  0.3725721E+05  0.2283580E+05  0.5878228E+04  0.2235876E+06  0.4354144E+05  0.2453466E+06  0.4942272E+05  0.5620946E+05  0.8771393E+05  0.3831940E+05  0.6834751E+05  0.5400000E+02  0.1789732E+04  0.9295700E+06  0.1386452E+05  0.3787080E+05  0.1492964E+05  0.2046922E+07
  
Non-Combustion Sources [t/year]
  
Industry [t/year]
  
Sector
PIG_IRON            0.8563618E+05
CRUDE_STEEL         0.2263452E+06
IRON_STEEL_OTHERS   0.3517534E+05
ALUMINUM_ALUMINA    0.0000000E+00
COPPER              0.0000000E+00
ZINC                0.0000000E+00
LEAD                0.0000000E+00
CMENT               0.0000000E+00
BRICKS              0.0000000E+00
LIME                0.0000000E+00
COKE_OVENS          0.2256392E+05
OIL_REFINERY        0.0000000E+00
OTH_TRANSFORMATION  0.0000000E+00
SULPHRIC_ACID       0.0000000E+00
OTHERS              0.0000000E+00
SUB_TOTAL           0.3697206E+06
  
Total [t/year]
  
TOTAL               0.2416643E+07
