Year       : 2007
Country    : CHN
Sub-Region : FUJI
  
Combustion Sources [t/year]
  
Fuel Type           POWER_PLANTS   ENERGY         IRON_STEEL     CHEM_PETRCHEM  NON_FERR_MET   NON_MET_MINE   OTHERS         ROAD_CARS      ROAD_BUSES     ROAD_L_TRUCKS  ROAD_H_TRUCKS  ROAD_MC        ROAD_OTHERS    DOM_NAVI       RAILWAY_ETC    RESIDENT       COMM_PUB       AGR_FORE_FISH  OTHERS         SUB_TOTAL    
HARD_COAL           0.6847442E+05  0.1356238E+05  0.2177876E+05  0.1094843E+06  0.1090531E+04  0.9799805E+06  0.9616087E+05  0.0000000E+00  0.0000000E+00  0.0000000E+00  0.0000000E+00  0.0000000E+00  0.0000000E+00  0.0000000E+00  0.1818996E+03  0.1008750E+06  0.2288988E+05  0.5028216E+05  0.5132736E+05  0.1516088E+07
BROWN_COAL          0.0000000E+00  0.0000000E+00  0.0000000E+00  0.0000000E+00  0.0000000E+00  0.0000000E+00  0.0000000E+00  0.0000000E+00  0.0000000E+00  0.0000000E+00  0.0000000E+00  0.0000000E+00  0.0000000E+00  0.0000000E+00  0.0000000E+00  0.0000000E+00  0.0000000E+00  0.0000000E+00  0.0000000E+00  0.0000000E+00
DERIVED_COAL        0.0000000E+00  0.0000000E+00  0.2133276E+04  0.1008725E+04  0.9041103E+03  0.2754127E+02  0.1212659E+04  0.0000000E+00  0.0000000E+00  0.0000000E+00  0.0000000E+00  0.0000000E+00  0.0000000E+00  0.0000000E+00  0.0000000E+00  0.0000000E+00  0.0000000E+00  0.0000000E+00  0.0000000E+00  0.5286312E+04
NATURAL_GAS         0.0000000E+00  0.0000000E+00  0.0000000E+00  0.0000000E+00  0.0000000E+00  0.0000000E+00  0.2803032E+02  0.0000000E+00  0.0000000E+00  0.0000000E+00  0.0000000E+00  0.0000000E+00  0.0000000E+00  0.0000000E+00  0.0000000E+00  0.0000000E+00  0.0000000E+00  0.0000000E+00  0.0000000E+00  0.2803032E+02
COKE_OVEN_GAS       0.1545374E+03  0.0000000E+00  0.0000000E+00  0.0000000E+00  0.0000000E+00  0.0000000E+00  0.2470342E+03  0.0000000E+00  0.0000000E+00  0.0000000E+00  0.0000000E+00  0.0000000E+00  0.0000000E+00  0.0000000E+00  0.0000000E+00  0.0000000E+00  0.0000000E+00  0.0000000E+00  0.0000000E+00  0.4015716E+03
OTHER_GAS           0.9118560E+02  0.0000000E+00  0.0000000E+00  0.0000000E+00  0.0000000E+00  0.0000000E+00  0.4507533E+03  0.0000000E+00  0.0000000E+00  0.0000000E+00  0.0000000E+00  0.0000000E+00  0.0000000E+00  0.0000000E+00  0.0000000E+00  0.0000000E+00  0.0000000E+00  0.0000000E+00  0.0000000E+00  0.5419389E+03
MOTOR_GASOLINE      0.0000000E+00  0.0000000E+00  0.0000000E+00  0.0000000E+00  0.0000000E+00  0.0000000E+00  0.0000000E+00  0.3356916E+06  0.3678467E+05  0.6873188E+05  0.3583199E+05  0.2364949E+06  0.0000000E+00  0.0000000E+00  0.0000000E+00  0.0000000E+00  0.0000000E+00  0.1651304E+03  0.0000000E+00  0.7137002E+06
KEROSENE            0.0000000E+00  0.0000000E+00  0.2574880E+02  0.2169186E+03  0.3398243E+02  0.9311481E+02  0.2362302E+03  0.0000000E+00  0.0000000E+00  0.0000000E+00  0.0000000E+00  0.0000000E+00  0.0000000E+00  0.0000000E+00  0.0000000E+00  0.0000000E+00  0.0000000E+00  0.0000000E+00  0.0000000E+00  0.6059948E+03
OTHER_LF            0.2340976E+02  0.8643437E+00  0.3265726E+01  0.1330304E+02  0.8604952E+00  0.5962665E+01  0.5964203E+02  0.0000000E+00  0.0000000E+00  0.0000000E+00  0.0000000E+00  0.0000000E+00  0.1481335E+01  0.0000000E+00  0.0000000E+00  0.3090600E+03  0.1317600E+02  0.7200000E-01  0.0000000E+00  0.4310974E+03
DIESEL_OIL          0.6487978E+01  0.8017162E+01  0.6343350E+02  0.6411732E+02  0.6154410E+02  0.3049408E+03  0.3913933E+03  0.0000000E+00  0.1085341E+05  0.1878507E+05  0.2410136E+05  0.0000000E+00  0.2467504E+05  0.2720485E+03  0.2081201E+02  0.3777955E+02  0.5621000E+02  0.6563190E+03  0.1443431E+03  0.8050233E+05
CRUDE_OIL           0.0000000E+00  0.0000000E+00  0.0000000E+00  0.0000000E+00  0.0000000E+00  0.0000000E+00  0.0000000E+00  0.0000000E+00  0.0000000E+00  0.0000000E+00  0.0000000E+00  0.0000000E+00  0.0000000E+00  0.0000000E+00  0.0000000E+00  0.0000000E+00  0.0000000E+00  0.0000000E+00  0.0000000E+00  0.0000000E+00
HEAVY_FUEL_OIL      0.1584000E+02  0.6829266E+01  0.1959323E+02  0.6292992E+02  0.2729849E+02  0.2952769E+03  0.1666522E+03  0.0000000E+00  0.0000000E+00  0.0000000E+00  0.0000000E+00  0.0000000E+00  0.0000000E+00  0.1279800E+03  0.0000000E+00  0.0000000E+00  0.0000000E+00  0.2724000E+02  0.0000000E+00  0.7496400E+03
OTHER_HF            0.0000000E+00  0.3721640E+01  0.1067743E+02  0.3429398E+02  0.1487645E+02  0.1609126E+03  0.1637779E+03  0.0000000E+00  0.0000000E+00  0.0000000E+00  0.0000000E+00  0.0000000E+00  0.0000000E+00  0.0000000E+00  0.0000000E+00  0.2796000E+02  0.0000000E+00  0.6918000E+02  0.0000000E+00  0.4854000E+03
FUELWOOD            0.0000000E+00  0.0000000E+00  0.0000000E+00  0.0000000E+00  0.0000000E+00  0.0000000E+00  0.0000000E+00  0.0000000E+00  0.0000000E+00  0.0000000E+00  0.0000000E+00  0.0000000E+00  0.0000000E+00  0.0000000E+00  0.0000000E+00  0.3526984E+06  0.0000000E+00  0.0000000E+00  0.0000000E+00  0.3526984E+06
CROP_RESIDUE        0.0000000E+00  0.0000000E+00  0.0000000E+00  0.0000000E+00  0.0000000E+00  0.0000000E+00  0.0000000E+00  0.0000000E+00  0.0000000E+00  0.0000000E+00  0.0000000E+00  0.0000000E+00  0.0000000E+00  0.0000000E+00  0.0000000E+00  0.1416827E+06  0.0000000E+00  0.0000000E+00  0.0000000E+00  0.1416827E+06
ANIMAL_WASTE        0.0000000E+00  0.0000000E+00  0.0000000E+00  0.0000000E+00  0.0000000E+00  0.0000000E+00  0.0000000E+00  0.0000000E+00  0.0000000E+00  0.0000000E+00  0.0000000E+00  0.0000000E+00  0.0000000E+00  0.0000000E+00  0.0000000E+00  0.0000000E+00  0.0000000E+00  0.0000000E+00  0.0000000E+00  0.0000000E+00
OTHERS              0.0000000E+00  0.0000000E+00  0.0000000E+00  0.0000000E+00  0.0000000E+00  0.0000000E+00  0.0000000E+00  0.0000000E+00  0.0000000E+00  0.0000000E+00  0.0000000E+00  0.0000000E+00  0.0000000E+00  0.0000000E+00  0.0000000E+00  0.2250473E+05  0.0000000E+00  0.0000000E+00  0.0000000E+00  0.2250473E+05
SUB_TOTAL           0.6876588E+05  0.1358181E+05  0.2403475E+05  0.1108846E+06  0.2133203E+04  0.9808682E+06  0.9911704E+05  0.3356916E+06  0.4763808E+05  0.8751695E+05  0.5993335E+05  0.2364949E+06  0.2467652E+05  0.4000285E+03  0.2027116E+03  0.6181356E+06  0.2295927E+05  0.5120010E+05  0.5147170E+05  0.2835706E+07
  
Non-Combustion Sources [t/year]
  
Industry [t/year]
  
Sector
PIG_IRON            0.1044455E+06
CRUDE_STEEL         0.2982581E+06
IRON_STEEL_OTHERS   0.7298541E+05
ALUMINUM_ALUMINA    0.0000000E+00
COPPER              0.0000000E+00
ZINC                0.0000000E+00
LEAD                0.0000000E+00
CMENT               0.0000000E+00
BRICKS              0.0000000E+00
LIME                0.0000000E+00
COKE_OVENS          0.1523973E+04
OIL_REFINERY        0.0000000E+00
OTH_TRANSFORMATION  0.1017504E+02
SULPHRIC_ACID       0.0000000E+00
OTHERS              0.0000000E+00
SUB_TOTAL           0.4772232E+06
  
Total [t/year]
  
TOTAL               0.3312930E+07
