Year       : 2007
Country    : CHN
Sub-Region : GUAD
  
Combustion Sources [t/year]
  
Fuel Type           POWER_PLANTS   ENERGY         IRON_STEEL     CHEM_PETRCHEM  NON_FERR_MET   NON_MET_MINE   OTHERS         ROAD_CARS      ROAD_BUSES     ROAD_L_TRUCKS  ROAD_H_TRUCKS  ROAD_MC        ROAD_OTHERS    DOM_NAVI       RAILWAY_ETC    RESIDENT       COMM_PUB       AGR_FORE_FISH  OTHERS         SUB_TOTAL    
HARD_COAL           0.1900792E+06  0.1412512E+05  0.4484364E+05  0.4094019E+05  0.8929209E+04  0.1271179E+07  0.2676064E+06  0.0000000E+00  0.0000000E+00  0.0000000E+00  0.0000000E+00  0.0000000E+00  0.0000000E+00  0.0000000E+00  0.5237454E+02  0.3558750E+05  0.2244768E+05  0.4451748E+05  0.0000000E+00  0.1940308E+07
BROWN_COAL          0.0000000E+00  0.0000000E+00  0.0000000E+00  0.0000000E+00  0.0000000E+00  0.0000000E+00  0.0000000E+00  0.0000000E+00  0.0000000E+00  0.0000000E+00  0.0000000E+00  0.0000000E+00  0.0000000E+00  0.0000000E+00  0.0000000E+00  0.0000000E+00  0.0000000E+00  0.0000000E+00  0.0000000E+00  0.0000000E+00
DERIVED_COAL        0.0000000E+00  0.1991513E+04  0.2175843E+03  0.5772198E+04  0.1258938E+04  0.3411357E+05  0.3066259E+05  0.0000000E+00  0.0000000E+00  0.0000000E+00  0.0000000E+00  0.0000000E+00  0.0000000E+00  0.0000000E+00  0.0000000E+00  0.2162531E+05  0.0000000E+00  0.0000000E+00  0.0000000E+00  0.9564170E+05
NATURAL_GAS         0.2504820E+04  0.0000000E+00  0.0000000E+00  0.0000000E+00  0.0000000E+00  0.0000000E+00  0.2715438E+03  0.0000000E+00  0.0000000E+00  0.0000000E+00  0.0000000E+00  0.0000000E+00  0.0000000E+00  0.0000000E+00  0.0000000E+00  0.3719856E+04  0.0000000E+00  0.0000000E+00  0.0000000E+00  0.6496220E+04
COKE_OVEN_GAS       0.0000000E+00  0.0000000E+00  0.0000000E+00  0.0000000E+00  0.0000000E+00  0.0000000E+00  0.3598352E+03  0.0000000E+00  0.0000000E+00  0.0000000E+00  0.0000000E+00  0.0000000E+00  0.0000000E+00  0.0000000E+00  0.0000000E+00  0.0000000E+00  0.0000000E+00  0.0000000E+00  0.0000000E+00  0.3598352E+03
OTHER_GAS           0.3353520E+02  0.0000000E+00  0.0000000E+00  0.0000000E+00  0.0000000E+00  0.0000000E+00  0.9374784E+03  0.0000000E+00  0.0000000E+00  0.0000000E+00  0.0000000E+00  0.0000000E+00  0.0000000E+00  0.0000000E+00  0.0000000E+00  0.1052160E+04  0.4866240E+03  0.0000000E+00  0.0000000E+00  0.2509798E+04
MOTOR_GASOLINE      0.0000000E+00  0.0000000E+00  0.0000000E+00  0.0000000E+00  0.0000000E+00  0.0000000E+00  0.0000000E+00  0.1460329E+07  0.2108169E+06  0.2679575E+06  0.1259775E+06  0.1137202E+07  0.0000000E+00  0.0000000E+00  0.0000000E+00  0.0000000E+00  0.0000000E+00  0.1580368E+03  0.0000000E+00  0.3202441E+07
KEROSENE            0.0000000E+00  0.0000000E+00  0.0000000E+00  0.0000000E+00  0.0000000E+00  0.0000000E+00  0.5781071E+03  0.0000000E+00  0.0000000E+00  0.0000000E+00  0.0000000E+00  0.0000000E+00  0.0000000E+00  0.0000000E+00  0.0000000E+00  0.2465973E+02  0.0000000E+00  0.0000000E+00  0.0000000E+00  0.6027668E+03
OTHER_LF            0.2838139E+02  0.0000000E+00  0.0000000E+00  0.0000000E+00  0.0000000E+00  0.0000000E+00  0.8032366E+03  0.0000000E+00  0.0000000E+00  0.0000000E+00  0.0000000E+00  0.0000000E+00  0.6759963E+04  0.0000000E+00  0.0000000E+00  0.1466568E+04  0.7851600E+02  0.0000000E+00  0.5616000E+01  0.9142281E+04
DIESEL_OIL          0.1226974E+03  0.0000000E+00  0.0000000E+00  0.0000000E+00  0.0000000E+00  0.0000000E+00  0.3016450E+04  0.0000000E+00  0.6426104E+05  0.7565942E+05  0.8753995E+05  0.0000000E+00  0.5717939E+05  0.9639468E+03  0.6530244E+02  0.6183674E+02  0.6191712E+03  0.4598426E+03  0.6820986E+02  0.2900173E+06
CRUDE_OIL           0.0000000E+00  0.4823508E+01  0.0000000E+00  0.0000000E+00  0.0000000E+00  0.0000000E+00  0.9647575E+02  0.0000000E+00  0.0000000E+00  0.0000000E+00  0.0000000E+00  0.0000000E+00  0.0000000E+00  0.0000000E+00  0.0000000E+00  0.0000000E+00  0.0000000E+00  0.0000000E+00  0.0000000E+00  0.1012993E+03
HEAVY_FUEL_OIL      0.2855220E+04  0.2095484E+03  0.0000000E+00  0.0000000E+00  0.0000000E+00  0.0000000E+00  0.4191212E+04  0.0000000E+00  0.0000000E+00  0.0000000E+00  0.0000000E+00  0.0000000E+00  0.0000000E+00  0.5310600E+03  0.0000000E+00  0.0000000E+00  0.5850000E+02  0.0000000E+00  0.0000000E+00  0.7845540E+04
OTHER_HF            0.4799400E+03  0.1705906E+02  0.0000000E+00  0.0000000E+00  0.0000000E+00  0.0000000E+00  0.3412009E+03  0.0000000E+00  0.0000000E+00  0.0000000E+00  0.0000000E+00  0.0000000E+00  0.0000000E+00  0.0000000E+00  0.0000000E+00  0.0000000E+00  0.0000000E+00  0.3906000E+02  0.0000000E+00  0.8772600E+03
FUELWOOD            0.0000000E+00  0.0000000E+00  0.0000000E+00  0.0000000E+00  0.0000000E+00  0.0000000E+00  0.0000000E+00  0.0000000E+00  0.0000000E+00  0.0000000E+00  0.0000000E+00  0.0000000E+00  0.0000000E+00  0.0000000E+00  0.0000000E+00  0.9378125E+06  0.0000000E+00  0.0000000E+00  0.0000000E+00  0.9378125E+06
CROP_RESIDUE        0.0000000E+00  0.0000000E+00  0.0000000E+00  0.0000000E+00  0.0000000E+00  0.0000000E+00  0.0000000E+00  0.0000000E+00  0.0000000E+00  0.0000000E+00  0.0000000E+00  0.0000000E+00  0.0000000E+00  0.0000000E+00  0.0000000E+00  0.6717598E+06  0.0000000E+00  0.0000000E+00  0.0000000E+00  0.6717598E+06
ANIMAL_WASTE        0.0000000E+00  0.0000000E+00  0.0000000E+00  0.0000000E+00  0.0000000E+00  0.0000000E+00  0.0000000E+00  0.0000000E+00  0.0000000E+00  0.0000000E+00  0.0000000E+00  0.0000000E+00  0.0000000E+00  0.0000000E+00  0.0000000E+00  0.0000000E+00  0.0000000E+00  0.0000000E+00  0.0000000E+00  0.0000000E+00
OTHERS              0.0000000E+00  0.0000000E+00  0.0000000E+00  0.0000000E+00  0.0000000E+00  0.0000000E+00  0.0000000E+00  0.0000000E+00  0.0000000E+00  0.0000000E+00  0.0000000E+00  0.0000000E+00  0.0000000E+00  0.0000000E+00  0.0000000E+00  0.1639717E+05  0.0000000E+00  0.0000000E+00  0.0000000E+00  0.1639717E+05
SUB_TOTAL           0.1961038E+06  0.1634806E+05  0.4506122E+05  0.4671239E+05  0.1018815E+05  0.1305293E+07  0.3088645E+06  0.1460329E+07  0.2750779E+06  0.3436169E+06  0.2135175E+06  0.1137202E+07  0.6393935E+05  0.1495007E+04  0.1176770E+03  0.1689507E+07  0.2369049E+05  0.4517442E+05  0.7382586E+02  0.7182312E+07
  
Non-Combustion Sources [t/year]
  
Industry [t/year]
  
Sector
PIG_IRON            0.1650674E+06
CRUDE_STEEL         0.5845569E+06
IRON_STEEL_OTHERS   0.9719109E+05
ALUMINUM_ALUMINA    0.0000000E+00
COPPER              0.0000000E+00
ZINC                0.0000000E+00
LEAD                0.0000000E+00
CMENT               0.0000000E+00
BRICKS              0.0000000E+00
LIME                0.0000000E+00
COKE_OVENS          0.1510240E+04
OIL_REFINERY        0.0000000E+00
OTH_TRANSFORMATION  0.8615035E+02
SULPHRIC_ACID       0.0000000E+00
OTHERS              0.0000000E+00
SUB_TOTAL           0.8484118E+06
  
Total [t/year]
  
TOTAL               0.8030724E+07
