Year       : 2007
Country    : CHN
Sub-Region : JILI
  
Combustion Sources [t/year]
  
Fuel Type           POWER_PLANTS   ENERGY         IRON_STEEL     CHEM_PETRCHEM  NON_FERR_MET   NON_MET_MINE   OTHERS         ROAD_CARS      ROAD_BUSES     ROAD_L_TRUCKS  ROAD_H_TRUCKS  ROAD_MC        ROAD_OTHERS    DOM_NAVI       RAILWAY_ETC    RESIDENT       COMM_PUB       AGR_FORE_FISH  OTHERS         SUB_TOTAL    
HARD_COAL           0.1008033E+06  0.1197704E+06  0.1662836E+05  0.5775201E+05  0.5082936E+04  0.4273035E+06  0.1716126E+06  0.0000000E+00  0.0000000E+00  0.0000000E+00  0.0000000E+00  0.0000000E+00  0.0000000E+00  0.0000000E+00  0.2833588E+04  0.1964700E+06  0.6380384E+05  0.2822928E+05  0.9743168E+05  0.1287721E+07
BROWN_COAL          0.0000000E+00  0.0000000E+00  0.0000000E+00  0.0000000E+00  0.0000000E+00  0.0000000E+00  0.0000000E+00  0.0000000E+00  0.0000000E+00  0.0000000E+00  0.0000000E+00  0.0000000E+00  0.0000000E+00  0.0000000E+00  0.0000000E+00  0.0000000E+00  0.0000000E+00  0.0000000E+00  0.0000000E+00  0.0000000E+00
DERIVED_COAL        0.0000000E+00  0.1776511E+03  0.2369934E+04  0.4442729E+03  0.2996152E+02  0.3020757E+04  0.1626061E+04  0.0000000E+00  0.0000000E+00  0.0000000E+00  0.0000000E+00  0.0000000E+00  0.0000000E+00  0.0000000E+00  0.0000000E+00  0.5408267E+04  0.0000000E+00  0.0000000E+00  0.0000000E+00  0.1307690E+05
NATURAL_GAS         0.5216754E+02  0.1913683E+03  0.7864455E+01  0.1887469E+02  0.2621485E+01  0.1730180E+02  0.7497447E+02  0.0000000E+00  0.0000000E+00  0.0000000E+00  0.0000000E+00  0.0000000E+00  0.0000000E+00  0.0000000E+00  0.0000000E+00  0.1973802E+03  0.2919825E+01  0.0000000E+00  0.0000000E+00  0.5654728E+03
COKE_OVEN_GAS       0.1624334E+03  0.0000000E+00  0.0000000E+00  0.6514879E+02  0.0000000E+00  0.3428884E+01  0.1142961E+01  0.0000000E+00  0.0000000E+00  0.0000000E+00  0.0000000E+00  0.0000000E+00  0.0000000E+00  0.0000000E+00  0.0000000E+00  0.3219167E+03  0.3384030E+01  0.0000000E+00  0.0000000E+00  0.5574548E+03
OTHER_GAS           0.8534520E+02  0.2730675E+03  0.0000000E+00  0.2693268E+02  0.3740650E+01  0.2468829E+02  0.1069826E+03  0.0000000E+00  0.0000000E+00  0.0000000E+00  0.0000000E+00  0.0000000E+00  0.0000000E+00  0.0000000E+00  0.0000000E+00  0.0000000E+00  0.0000000E+00  0.0000000E+00  0.0000000E+00  0.5207569E+03
MOTOR_GASOLINE      0.0000000E+00  0.0000000E+00  0.0000000E+00  0.0000000E+00  0.0000000E+00  0.0000000E+00  0.0000000E+00  0.3841817E+06  0.4086675E+05  0.4712335E+05  0.6024494E+05  0.8090150E+05  0.0000000E+00  0.0000000E+00  0.0000000E+00  0.0000000E+00  0.0000000E+00  0.9105429E+02  0.0000000E+00  0.6134093E+06
KEROSENE            0.0000000E+00  0.1205959E+02  0.7537250E+00  0.5276075E+01  0.3014900E+01  0.8290975E+01  0.8064858E+02  0.0000000E+00  0.0000000E+00  0.0000000E+00  0.0000000E+00  0.0000000E+00  0.0000000E+00  0.0000000E+00  0.0000000E+00  0.0000000E+00  0.0000000E+00  0.0000000E+00  0.0000000E+00  0.1100438E+03
OTHER_LF            0.0000000E+00  0.1354305E+02  0.0000000E+00  0.1031187E+03  0.0000000E+00  0.2742143E+02  0.4727832E+01  0.0000000E+00  0.0000000E+00  0.0000000E+00  0.0000000E+00  0.0000000E+00  0.0000000E+00  0.0000000E+00  0.0000000E+00  0.1563120E+03  0.1872000E+01  0.0000000E+00  0.0000000E+00  0.3069950E+03
DIESEL_OIL          0.2296630E+01  0.1477203E+03  0.2569837E+02  0.3156365E+02  0.8767680E+01  0.2660537E+02  0.1439856E+03  0.0000000E+00  0.1000196E+05  0.1068330E+05  0.3361292E+05  0.0000000E+00  0.1710776E+06  0.2888448E+00  0.1384144E+03  0.1534722E+03  0.1790797E+03  0.4832108E+03  0.1861992E+03  0.2269031E+06
CRUDE_OIL           0.0000000E+00  0.1437315E+03  0.0000000E+00  0.6300081E+03  0.0000000E+00  0.7266612E+01  0.1584867E+00  0.0000000E+00  0.0000000E+00  0.0000000E+00  0.0000000E+00  0.0000000E+00  0.0000000E+00  0.0000000E+00  0.0000000E+00  0.0000000E+00  0.0000000E+00  0.0000000E+00  0.0000000E+00  0.7811647E+03
HEAVY_FUEL_OIL      0.4020000E+01  0.2482949E+01  0.1293202E+00  0.9145524E+02  0.0000000E+00  0.1034562E+00  0.5690090E+00  0.0000000E+00  0.0000000E+00  0.0000000E+00  0.0000000E+00  0.0000000E+00  0.0000000E+00  0.0000000E+00  0.0000000E+00  0.0000000E+00  0.0000000E+00  0.0000000E+00  0.0000000E+00  0.9875997E+02
OTHER_HF            0.5160000E+01  0.2559703E+01  0.3324290E-01  0.3079954E+03  0.0000000E+00  0.2991860E+00  0.3324290E+00  0.0000000E+00  0.0000000E+00  0.0000000E+00  0.0000000E+00  0.0000000E+00  0.0000000E+00  0.0000000E+00  0.0000000E+00  0.0000000E+00  0.0000000E+00  0.0000000E+00  0.0000000E+00  0.3163800E+03
FUELWOOD            0.0000000E+00  0.0000000E+00  0.0000000E+00  0.0000000E+00  0.0000000E+00  0.0000000E+00  0.0000000E+00  0.0000000E+00  0.0000000E+00  0.0000000E+00  0.0000000E+00  0.0000000E+00  0.0000000E+00  0.0000000E+00  0.0000000E+00  0.1989430E+06  0.0000000E+00  0.0000000E+00  0.0000000E+00  0.1989430E+06
CROP_RESIDUE        0.0000000E+00  0.0000000E+00  0.0000000E+00  0.0000000E+00  0.0000000E+00  0.0000000E+00  0.0000000E+00  0.0000000E+00  0.0000000E+00  0.0000000E+00  0.0000000E+00  0.0000000E+00  0.0000000E+00  0.0000000E+00  0.0000000E+00  0.1202254E+07  0.0000000E+00  0.0000000E+00  0.0000000E+00  0.1202254E+07
ANIMAL_WASTE        0.0000000E+00  0.0000000E+00  0.0000000E+00  0.0000000E+00  0.0000000E+00  0.0000000E+00  0.0000000E+00  0.0000000E+00  0.0000000E+00  0.0000000E+00  0.0000000E+00  0.0000000E+00  0.0000000E+00  0.0000000E+00  0.0000000E+00  0.0000000E+00  0.0000000E+00  0.0000000E+00  0.0000000E+00  0.0000000E+00
OTHERS              0.0000000E+00  0.0000000E+00  0.0000000E+00  0.0000000E+00  0.0000000E+00  0.0000000E+00  0.0000000E+00  0.0000000E+00  0.0000000E+00  0.0000000E+00  0.0000000E+00  0.0000000E+00  0.0000000E+00  0.0000000E+00  0.0000000E+00  0.1721466E+04  0.0000000E+00  0.0000000E+00  0.0000000E+00  0.1721466E+04
SUB_TOTAL           0.1011147E+06  0.1207346E+06  0.1903277E+05  0.5947666E+05  0.5131042E+04  0.4304397E+06  0.1736522E+06  0.3841817E+06  0.5086871E+05  0.5780665E+05  0.9385786E+05  0.8090150E+05  0.1710776E+06  0.2888448E+00  0.2972002E+04  0.1605626E+07  0.6399110E+05  0.2880355E+05  0.9761788E+05  0.3547286E+07
  
Non-Combustion Sources [t/year]
  
Industry [t/year]
  
Sector
PIG_IRON            0.1192595E+06
CRUDE_STEEL         0.3037540E+06
IRON_STEEL_OTHERS   0.7780051E+05
ALUMINUM_ALUMINA    0.0000000E+00
COPPER              0.0000000E+00
ZINC                0.0000000E+00
LEAD                0.0000000E+00
CMENT               0.0000000E+00
BRICKS              0.0000000E+00
LIME                0.0000000E+00
COKE_OVENS          0.1225715E+05
OIL_REFINERY        0.0000000E+00
OTH_TRANSFORMATION  0.3140092E+03
SULPHRIC_ACID       0.0000000E+00
OTHERS              0.0000000E+00
SUB_TOTAL           0.5133852E+06
  
Total [t/year]
  
TOTAL               0.4060671E+07
