Year       : 2007
Country    : CHN
Sub-Region : SICH
  
Combustion Sources [t/year]
  
Fuel Type           POWER_PLANTS   ENERGY         IRON_STEEL     CHEM_PETRCHEM  NON_FERR_MET   NON_MET_MINE   OTHERS         ROAD_CARS      ROAD_BUSES     ROAD_L_TRUCKS  ROAD_H_TRUCKS  ROAD_MC        ROAD_OTHERS    DOM_NAVI       RAILWAY_ETC    RESIDENT       COMM_PUB       AGR_FORE_FISH  OTHERS         SUB_TOTAL    
HARD_COAL           0.8533633E+05  0.1548917E+05  0.0000000E+00  0.0000000E+00  0.0000000E+00  0.3037924E+06  0.3296951E+07  0.0000000E+00  0.0000000E+00  0.0000000E+00  0.0000000E+00  0.0000000E+00  0.0000000E+00  0.0000000E+00  0.3985672E+03  0.4515825E+06  0.3954072E+05  0.2445768E+05  0.1132032E+05  0.4228869E+07
BROWN_COAL          0.0000000E+00  0.0000000E+00  0.0000000E+00  0.0000000E+00  0.0000000E+00  0.0000000E+00  0.0000000E+00  0.0000000E+00  0.0000000E+00  0.0000000E+00  0.0000000E+00  0.0000000E+00  0.0000000E+00  0.0000000E+00  0.0000000E+00  0.0000000E+00  0.0000000E+00  0.0000000E+00  0.0000000E+00  0.0000000E+00
DERIVED_COAL        0.0000000E+00  0.1230503E+04  0.0000000E+00  0.0000000E+00  0.0000000E+00  0.0000000E+00  0.7083432E+04  0.0000000E+00  0.0000000E+00  0.0000000E+00  0.0000000E+00  0.0000000E+00  0.0000000E+00  0.0000000E+00  0.6824400E+01  0.4640592E+03  0.2467874E+03  0.0000000E+00  0.2456784E+03  0.9277284E+04
NATURAL_GAS         0.1541667E+03  0.0000000E+00  0.0000000E+00  0.0000000E+00  0.0000000E+00  0.2939850E+03  0.1883036E+04  0.0000000E+00  0.0000000E+00  0.0000000E+00  0.0000000E+00  0.0000000E+00  0.0000000E+00  0.0000000E+00  0.0000000E+00  0.1410003E+05  0.2405936E+03  0.7396890E+00  0.5177823E+01  0.1667773E+05
COKE_OVEN_GAS       0.9024080E+02  0.0000000E+00  0.0000000E+00  0.0000000E+00  0.0000000E+00  0.0000000E+00  0.0000000E+00  0.0000000E+00  0.0000000E+00  0.0000000E+00  0.0000000E+00  0.0000000E+00  0.0000000E+00  0.0000000E+00  0.0000000E+00  0.0000000E+00  0.0000000E+00  0.0000000E+00  0.0000000E+00  0.9024080E+02
OTHER_GAS           0.2334276E+03  0.0000000E+00  0.0000000E+00  0.0000000E+00  0.0000000E+00  0.0000000E+00  0.0000000E+00  0.0000000E+00  0.0000000E+00  0.0000000E+00  0.0000000E+00  0.0000000E+00  0.0000000E+00  0.0000000E+00  0.0000000E+00  0.0000000E+00  0.0000000E+00  0.0000000E+00  0.0000000E+00  0.2334276E+03
MOTOR_GASOLINE      0.0000000E+00  0.0000000E+00  0.0000000E+00  0.0000000E+00  0.0000000E+00  0.0000000E+00  0.0000000E+00  0.8418302E+06  0.7220013E+05  0.1104937E+06  0.1463689E+06  0.1530270E+06  0.0000000E+00  0.0000000E+00  0.0000000E+00  0.0000000E+00  0.0000000E+00  0.5756306E+02  0.0000000E+00  0.1323977E+07
KEROSENE            0.0000000E+00  0.0000000E+00  0.0000000E+00  0.0000000E+00  0.0000000E+00  0.0000000E+00  0.3746013E+03  0.0000000E+00  0.0000000E+00  0.0000000E+00  0.0000000E+00  0.0000000E+00  0.0000000E+00  0.0000000E+00  0.0000000E+00  0.5543108E+01  0.2110430E+03  0.5599100E+01  0.9044700E+01  0.6058312E+03
OTHER_LF            0.0000000E+00  0.0000000E+00  0.0000000E+00  0.0000000E+00  0.0000000E+00  0.0000000E+00  0.2750400E+02  0.0000000E+00  0.0000000E+00  0.0000000E+00  0.0000000E+00  0.0000000E+00  0.0000000E+00  0.0000000E+00  0.0000000E+00  0.0000000E+00  0.0000000E+00  0.0000000E+00  0.0000000E+00  0.2750400E+02
DIESEL_OIL          0.0000000E+00  0.0000000E+00  0.0000000E+00  0.0000000E+00  0.0000000E+00  0.0000000E+00  0.2794424E+03  0.0000000E+00  0.1844657E+05  0.2614991E+05  0.8525065E+05  0.0000000E+00  0.3746762E+05  0.1027505E+02  0.7471836E+02  0.1601899E+02  0.2701984E+03  0.5868462E+03  0.9588426E+02  0.1686481E+06
CRUDE_OIL           0.0000000E+00  0.7741764E+00  0.0000000E+00  0.0000000E+00  0.0000000E+00  0.0000000E+00  0.1553406E+02  0.0000000E+00  0.0000000E+00  0.0000000E+00  0.0000000E+00  0.0000000E+00  0.0000000E+00  0.0000000E+00  0.0000000E+00  0.0000000E+00  0.0000000E+00  0.0000000E+00  0.0000000E+00  0.1630824E+02
HEAVY_FUEL_OIL      0.1284000E+02  0.5725063E+00  0.0000000E+00  0.0000000E+00  0.0000000E+00  0.0000000E+00  0.2330749E+02  0.0000000E+00  0.0000000E+00  0.0000000E+00  0.0000000E+00  0.0000000E+00  0.0000000E+00  0.0000000E+00  0.0000000E+00  0.0000000E+00  0.5760000E+01  0.4200000E+00  0.0000000E+00  0.4290000E+02
OTHER_HF            0.0000000E+00  0.2699039E+02  0.0000000E+00  0.0000000E+00  0.0000000E+00  0.0000000E+00  0.5415696E+03  0.0000000E+00  0.0000000E+00  0.0000000E+00  0.0000000E+00  0.0000000E+00  0.0000000E+00  0.0000000E+00  0.0000000E+00  0.0000000E+00  0.0000000E+00  0.0000000E+00  0.0000000E+00  0.5685600E+03
FUELWOOD            0.0000000E+00  0.0000000E+00  0.0000000E+00  0.0000000E+00  0.0000000E+00  0.0000000E+00  0.0000000E+00  0.0000000E+00  0.0000000E+00  0.0000000E+00  0.0000000E+00  0.0000000E+00  0.0000000E+00  0.0000000E+00  0.0000000E+00  0.8844036E+06  0.0000000E+00  0.0000000E+00  0.0000000E+00  0.8844036E+06
CROP_RESIDUE        0.0000000E+00  0.0000000E+00  0.0000000E+00  0.0000000E+00  0.0000000E+00  0.0000000E+00  0.0000000E+00  0.0000000E+00  0.0000000E+00  0.0000000E+00  0.0000000E+00  0.0000000E+00  0.0000000E+00  0.0000000E+00  0.0000000E+00  0.3649265E+07  0.0000000E+00  0.0000000E+00  0.0000000E+00  0.3649265E+07
ANIMAL_WASTE        0.0000000E+00  0.0000000E+00  0.0000000E+00  0.0000000E+00  0.0000000E+00  0.0000000E+00  0.0000000E+00  0.0000000E+00  0.0000000E+00  0.0000000E+00  0.0000000E+00  0.0000000E+00  0.0000000E+00  0.0000000E+00  0.0000000E+00  0.0000000E+00  0.0000000E+00  0.0000000E+00  0.0000000E+00  0.0000000E+00
OTHERS              0.0000000E+00  0.0000000E+00  0.0000000E+00  0.0000000E+00  0.0000000E+00  0.0000000E+00  0.0000000E+00  0.0000000E+00  0.0000000E+00  0.0000000E+00  0.0000000E+00  0.0000000E+00  0.0000000E+00  0.0000000E+00  0.0000000E+00  0.1275942E+06  0.0000000E+00  0.0000000E+00  0.0000000E+00  0.1275942E+06
SUB_TOTAL           0.8582701E+05  0.1674801E+05  0.0000000E+00  0.0000000E+00  0.0000000E+00  0.3040864E+06  0.3307179E+07  0.8418302E+06  0.9064670E+05  0.1366436E+06  0.2316195E+06  0.1530270E+06  0.3746762E+05  0.1027505E+02  0.4801100E+03  0.5127431E+07  0.4051510E+05  0.2510885E+05  0.1167611E+05  0.1041030E+08
  
Non-Combustion Sources [t/year]
  
Industry [t/year]
  
Sector
PIG_IRON            0.3214428E+06
CRUDE_STEEL         0.7169196E+06
IRON_STEEL_OTHERS   0.2670769E+06
ALUMINUM_ALUMINA    0.0000000E+00
COPPER              0.0000000E+00
ZINC                0.0000000E+00
LEAD                0.0000000E+00
CMENT               0.0000000E+00
BRICKS              0.0000000E+00
LIME                0.0000000E+00
COKE_OVENS          0.3159179E+05
OIL_REFINERY        0.0000000E+00
OTH_TRANSFORMATION  0.0000000E+00
SULPHRIC_ACID       0.0000000E+00
OTHERS              0.0000000E+00
SUB_TOTAL           0.1337031E+07
  
Total [t/year]
  
TOTAL               0.1174733E+08
