Year       : 2007
Country    : CHN
Sub-Region : SHAN
  
Combustion Sources [t/year]
  
Fuel Type           POWER_PLANTS   ENERGY         IRON_STEEL     CHEM_PETRCHEM  NON_FERR_MET   NON_MET_MINE   OTHERS         ROAD_CARS      ROAD_BUSES     ROAD_L_TRUCKS  ROAD_H_TRUCKS  ROAD_MC        ROAD_OTHERS    DOM_NAVI       RAILWAY_ETC    RESIDENT       COMM_PUB       AGR_FORE_FISH  OTHERS         SUB_TOTAL    
HARD_COAL           0.6366300E+05  0.1170922E+05  0.0000000E+00  0.0000000E+00  0.0000000E+00  0.3719117E+05  0.1121406E+07  0.0000000E+00  0.0000000E+00  0.0000000E+00  0.0000000E+00  0.0000000E+00  0.0000000E+00  0.0000000E+00  0.1856631E+03  0.6922500E+05  0.3391272E+05  0.1608000E+04  0.3778800E+05  0.1376689E+07
BROWN_COAL          0.0000000E+00  0.0000000E+00  0.0000000E+00  0.0000000E+00  0.0000000E+00  0.0000000E+00  0.0000000E+00  0.0000000E+00  0.0000000E+00  0.0000000E+00  0.0000000E+00  0.0000000E+00  0.0000000E+00  0.0000000E+00  0.0000000E+00  0.0000000E+00  0.0000000E+00  0.0000000E+00  0.0000000E+00  0.0000000E+00
DERIVED_COAL        0.0000000E+00  0.8106881E+03  0.0000000E+00  0.0000000E+00  0.0000000E+00  0.2557396E+03  0.9105764E+04  0.0000000E+00  0.0000000E+00  0.0000000E+00  0.0000000E+00  0.0000000E+00  0.0000000E+00  0.0000000E+00  0.0000000E+00  0.0000000E+00  0.3127850E+03  0.0000000E+00  0.1397637E+05  0.2446135E+05
NATURAL_GAS         0.6217506E+03  0.0000000E+00  0.0000000E+00  0.0000000E+00  0.0000000E+00  0.0000000E+00  0.6207548E+03  0.0000000E+00  0.0000000E+00  0.0000000E+00  0.0000000E+00  0.0000000E+00  0.0000000E+00  0.0000000E+00  0.0000000E+00  0.2328074E+04  0.3386997E+02  0.0000000E+00  0.5917512E+02  0.3663624E+04
COKE_OVEN_GAS       0.1003929E+03  0.0000000E+00  0.0000000E+00  0.0000000E+00  0.0000000E+00  0.0000000E+00  0.2561710E+04  0.0000000E+00  0.0000000E+00  0.0000000E+00  0.0000000E+00  0.0000000E+00  0.0000000E+00  0.0000000E+00  0.0000000E+00  0.3679048E+02  0.0000000E+00  0.0000000E+00  0.3679048E+01  0.2702572E+04
OTHER_GAS           0.9318264E+03  0.0000000E+00  0.0000000E+00  0.0000000E+00  0.0000000E+00  0.0000000E+00  0.5064192E+02  0.0000000E+00  0.0000000E+00  0.0000000E+00  0.0000000E+00  0.0000000E+00  0.0000000E+00  0.0000000E+00  0.1105280E+01  0.1354656E+04  0.5523840E+03  0.0000000E+00  0.3432672E+03  0.3233881E+04
MOTOR_GASOLINE      0.0000000E+00  0.0000000E+00  0.0000000E+00  0.0000000E+00  0.0000000E+00  0.0000000E+00  0.0000000E+00  0.3870574E+06  0.7595354E+05  0.2111300E+05  0.5749579E+05  0.7274769E+05  0.0000000E+00  0.0000000E+00  0.0000000E+00  0.0000000E+00  0.0000000E+00  0.1929235E+03  0.0000000E+00  0.6145603E+06
KEROSENE            0.0000000E+00  0.0000000E+00  0.0000000E+00  0.0000000E+00  0.0000000E+00  0.0000000E+00  0.1100438E+03  0.0000000E+00  0.0000000E+00  0.0000000E+00  0.0000000E+00  0.0000000E+00  0.0000000E+00  0.0000000E+00  0.0000000E+00  0.1421310E+00  0.7537250E+01  0.0000000E+00  0.1292100E+01  0.1190153E+03
OTHER_LF            0.2347044E+01  0.0000000E+00  0.0000000E+00  0.0000000E+00  0.0000000E+00  0.0000000E+00  0.6102952E+03  0.0000000E+00  0.0000000E+00  0.0000000E+00  0.0000000E+00  0.0000000E+00  0.5593386E+03  0.0000000E+00  0.0000000E+00  0.1035000E+03  0.2455200E+02  0.0000000E+00  0.3405600E+02  0.1334089E+04
DIESEL_OIL          0.1837303E+02  0.0000000E+00  0.0000000E+00  0.0000000E+00  0.0000000E+00  0.0000000E+00  0.5703678E+03  0.0000000E+00  0.2169785E+05  0.5586934E+04  0.3744343E+05  0.0000000E+00  0.2276129E+04  0.6316482E+03  0.1545011E+01  0.2089933E+03  0.3043034E+03  0.1247644E+03  0.4162640E+03  0.6928060E+05
CRUDE_OIL           0.0000000E+00  0.0000000E+00  0.0000000E+00  0.0000000E+00  0.0000000E+00  0.0000000E+00  0.0000000E+00  0.0000000E+00  0.0000000E+00  0.0000000E+00  0.0000000E+00  0.0000000E+00  0.0000000E+00  0.0000000E+00  0.0000000E+00  0.0000000E+00  0.0000000E+00  0.0000000E+00  0.0000000E+00  0.0000000E+00
HEAVY_FUEL_OIL      0.2917800E+03  0.2628619E+02  0.0000000E+00  0.0000000E+00  0.0000000E+00  0.0000000E+00  0.5838538E+03  0.0000000E+00  0.0000000E+00  0.0000000E+00  0.0000000E+00  0.0000000E+00  0.0000000E+00  0.4132500E+04  0.0000000E+00  0.0000000E+00  0.3600000E+02  0.0000000E+00  0.9780000E+01  0.5080200E+04
OTHER_HF            0.2202600E+03  0.2111068E+03  0.0000000E+00  0.0000000E+00  0.0000000E+00  0.0000000E+00  0.4293573E+04  0.0000000E+00  0.0000000E+00  0.0000000E+00  0.0000000E+00  0.0000000E+00  0.0000000E+00  0.1767000E+03  0.0000000E+00  0.9426000E+02  0.4908000E+02  0.1200000E+02  0.1747200E+03  0.5231700E+04
FUELWOOD            0.0000000E+00  0.0000000E+00  0.0000000E+00  0.0000000E+00  0.0000000E+00  0.0000000E+00  0.0000000E+00  0.0000000E+00  0.0000000E+00  0.0000000E+00  0.0000000E+00  0.0000000E+00  0.0000000E+00  0.0000000E+00  0.0000000E+00  0.6530000E+02  0.0000000E+00  0.0000000E+00  0.0000000E+00  0.6530000E+02
CROP_RESIDUE        0.0000000E+00  0.0000000E+00  0.0000000E+00  0.0000000E+00  0.0000000E+00  0.0000000E+00  0.0000000E+00  0.0000000E+00  0.0000000E+00  0.0000000E+00  0.0000000E+00  0.0000000E+00  0.0000000E+00  0.0000000E+00  0.0000000E+00  0.9270000E+02  0.0000000E+00  0.0000000E+00  0.0000000E+00  0.9270000E+02
ANIMAL_WASTE        0.0000000E+00  0.0000000E+00  0.0000000E+00  0.0000000E+00  0.0000000E+00  0.0000000E+00  0.0000000E+00  0.0000000E+00  0.0000000E+00  0.0000000E+00  0.0000000E+00  0.0000000E+00  0.0000000E+00  0.0000000E+00  0.0000000E+00  0.0000000E+00  0.0000000E+00  0.0000000E+00  0.0000000E+00  0.0000000E+00
OTHERS              0.0000000E+00  0.0000000E+00  0.0000000E+00  0.0000000E+00  0.0000000E+00  0.0000000E+00  0.0000000E+00  0.0000000E+00  0.0000000E+00  0.0000000E+00  0.0000000E+00  0.0000000E+00  0.0000000E+00  0.0000000E+00  0.0000000E+00  0.3953280E+03  0.0000000E+00  0.0000000E+00  0.0000000E+00  0.3953280E+03
SUB_TOTAL           0.6584973E+05  0.1275730E+05  0.0000000E+00  0.0000000E+00  0.0000000E+00  0.3744691E+05  0.1139913E+07  0.3870574E+06  0.9765139E+05  0.2669993E+05  0.9493922E+05  0.7274769E+05  0.2835468E+04  0.4940848E+04  0.1883134E+03  0.7390474E+05  0.3523323E+05  0.1937688E+04  0.5280660E+05  0.2106909E+07
  
Non-Combustion Sources [t/year]
  
Industry [t/year]
  
Sector
PIG_IRON            0.3913011E+06
CRUDE_STEEL         0.1054394E+07
IRON_STEEL_OTHERS   0.5171595E+06
ALUMINUM_ALUMINA    0.0000000E+00
COPPER              0.0000000E+00
ZINC                0.0000000E+00
LEAD                0.0000000E+00
CMENT               0.0000000E+00
BRICKS              0.0000000E+00
LIME                0.0000000E+00
COKE_OVENS          0.1220832E+05
OIL_REFINERY        0.0000000E+00
OTH_TRANSFORMATION  0.2828575E+03
SULPHRIC_ACID       0.0000000E+00
OTHERS              0.0000000E+00
SUB_TOTAL           0.1975346E+07
  
Total [t/year]
  
TOTAL               0.4082255E+07
