Year       : 2007
Country    : CHN
Sub-Region : GANS
  
Combustion Sources [t/year]
  
Fuel Type           POWER_PLANTS   ENERGY         IRON_STEEL     CHEM_PETRCHEM  NON_FERR_MET   NON_MET_MINE   OTHERS         ROAD_CARS      ROAD_BUSES     ROAD_L_TRUCKS  ROAD_H_TRUCKS  ROAD_MC        ROAD_OTHERS    DOM_NAVI       RAILWAY_ETC    RESIDENT       COMM_PUB       AGR_FORE_FISH  OTHERS         SUB_TOTAL    
HARD_COAL           0.5574242E+05  0.2187274E+05  0.5555892E+05  0.2228596E+05  0.1214167E+05  0.1673216E+06  0.1819294E+05  0.0000000E+00  0.0000000E+00  0.0000000E+00  0.0000000E+00  0.0000000E+00  0.0000000E+00  0.0000000E+00  0.1712052E+04  0.2677500E+06  0.8464000E+04  0.1391040E+05  0.5704000E+04  0.6506567E+06
BROWN_COAL          0.0000000E+00  0.0000000E+00  0.0000000E+00  0.0000000E+00  0.0000000E+00  0.0000000E+00  0.0000000E+00  0.0000000E+00  0.0000000E+00  0.0000000E+00  0.0000000E+00  0.0000000E+00  0.0000000E+00  0.0000000E+00  0.0000000E+00  0.0000000E+00  0.0000000E+00  0.0000000E+00  0.0000000E+00  0.0000000E+00
DERIVED_COAL        0.0000000E+00  0.0000000E+00  0.2948830E+04  0.1117271E+04  0.1022516E+04  0.5760782E+03  0.7919898E+02  0.0000000E+00  0.0000000E+00  0.0000000E+00  0.0000000E+00  0.0000000E+00  0.0000000E+00  0.0000000E+00  0.0000000E+00  0.3879675E+05  0.0000000E+00  0.0000000E+00  0.0000000E+00  0.4454064E+05
NATURAL_GAS         0.4827444E+02  0.1547193E+03  0.2762844E+00  0.7487309E+02  0.1215652E+02  0.3149644E+02  0.1086928E+02  0.0000000E+00  0.0000000E+00  0.0000000E+00  0.0000000E+00  0.0000000E+00  0.0000000E+00  0.0000000E+00  0.0000000E+00  0.3643942E+03  0.2627842E+02  0.0000000E+00  0.8506424E+01  0.7318444E+03
COKE_OVEN_GAS       0.2267301E+03  0.7119583E+03  0.0000000E+00  0.3445370E+03  0.5593958E+02  0.1449345E+03  0.4195470E+02  0.0000000E+00  0.0000000E+00  0.0000000E+00  0.0000000E+00  0.0000000E+00  0.0000000E+00  0.0000000E+00  0.0000000E+00  0.3771024E+02  0.0000000E+00  0.0000000E+00  0.0000000E+00  0.1563764E+04
OTHER_GAS           0.7441800E+01  0.2112143E+02  0.0000000E+00  0.1022126E+02  0.1659540E+01  0.4299722E+01  0.1244656E+01  0.0000000E+00  0.0000000E+00  0.0000000E+00  0.0000000E+00  0.0000000E+00  0.0000000E+00  0.0000000E+00  0.0000000E+00  0.3945600E+01  0.0000000E+00  0.0000000E+00  0.0000000E+00  0.4993401E+02
MOTOR_GASOLINE      0.0000000E+00  0.0000000E+00  0.0000000E+00  0.0000000E+00  0.0000000E+00  0.0000000E+00  0.0000000E+00  0.1327989E+06  0.2799149E+05  0.3120671E+05  0.4650433E+05  0.1942518E+05  0.0000000E+00  0.0000000E+00  0.0000000E+00  0.0000000E+00  0.0000000E+00  0.3779393E+02  0.0000000E+00  0.2579644E+06
KEROSENE            0.0000000E+00  0.5111198E+01  0.2190514E+01  0.1460342E+01  0.6571541E+01  0.1460342E+01  0.8078991E+01  0.0000000E+00  0.0000000E+00  0.0000000E+00  0.0000000E+00  0.0000000E+00  0.0000000E+00  0.0000000E+00  0.0000000E+00  0.7106550E-01  0.7537250E+00  0.4307000E+00  0.8614000E+00  0.2698982E+02
OTHER_LF            0.6917231E+02  0.7259252E+02  0.1582145E+02  0.2180150E+02  0.2434150E+02  0.9306735E+01  0.3791939E+02  0.0000000E+00  0.0000000E+00  0.0000000E+00  0.0000000E+00  0.0000000E+00  0.1392467E+03  0.0000000E+00  0.0000000E+00  0.1796400E+02  0.7200000E-01  0.0000000E+00  0.0000000E+00  0.4082381E+03
DIESEL_OIL          0.1722472E+01  0.2052969E+02  0.8757810E+01  0.5004464E+01  0.1757249E+02  0.9269634E+01  0.6219491E+02  0.0000000E+00  0.6894477E+04  0.7119970E+04  0.2611197E+05  0.0000000E+00  0.8489171E+05  0.6633366E-01  0.5044010E+02  0.1722472E+00  0.4306180E+01  0.1395202E+03  0.6315732E+01  0.1253440E+06
CRUDE_OIL           0.0000000E+00  0.3600357E+02  0.0000000E+00  0.0000000E+00  0.0000000E+00  0.0000000E+00  0.0000000E+00  0.0000000E+00  0.0000000E+00  0.0000000E+00  0.0000000E+00  0.0000000E+00  0.0000000E+00  0.0000000E+00  0.0000000E+00  0.0000000E+00  0.0000000E+00  0.0000000E+00  0.0000000E+00  0.3600357E+02
HEAVY_FUEL_OIL      0.2910000E+02  0.1690907E+02  0.4426459E-01  0.6241308E+01  0.3297712E+02  0.4426459E+00  0.2655875E+00  0.0000000E+00  0.0000000E+00  0.0000000E+00  0.0000000E+00  0.0000000E+00  0.0000000E+00  0.0000000E+00  0.0000000E+00  0.0000000E+00  0.0000000E+00  0.0000000E+00  0.0000000E+00  0.8598000E+02
OTHER_HF            0.0000000E+00  0.4828361E+02  0.1263969E+00  0.1782196E+02  0.9416568E+02  0.1263969E+01  0.3998381E+01  0.0000000E+00  0.0000000E+00  0.0000000E+00  0.0000000E+00  0.0000000E+00  0.0000000E+00  0.6000000E-01  0.0000000E+00  0.0000000E+00  0.6000000E-01  0.0000000E+00  0.6000000E-01  0.1658400E+03
FUELWOOD            0.0000000E+00  0.0000000E+00  0.0000000E+00  0.0000000E+00  0.0000000E+00  0.0000000E+00  0.0000000E+00  0.0000000E+00  0.0000000E+00  0.0000000E+00  0.0000000E+00  0.0000000E+00  0.0000000E+00  0.0000000E+00  0.0000000E+00  0.2450252E+06  0.0000000E+00  0.0000000E+00  0.0000000E+00  0.2450252E+06
CROP_RESIDUE        0.0000000E+00  0.0000000E+00  0.0000000E+00  0.0000000E+00  0.0000000E+00  0.0000000E+00  0.0000000E+00  0.0000000E+00  0.0000000E+00  0.0000000E+00  0.0000000E+00  0.0000000E+00  0.0000000E+00  0.0000000E+00  0.0000000E+00  0.6339290E+06  0.0000000E+00  0.0000000E+00  0.0000000E+00  0.6339290E+06
ANIMAL_WASTE        0.0000000E+00  0.0000000E+00  0.0000000E+00  0.0000000E+00  0.0000000E+00  0.0000000E+00  0.0000000E+00  0.0000000E+00  0.0000000E+00  0.0000000E+00  0.0000000E+00  0.0000000E+00  0.0000000E+00  0.0000000E+00  0.0000000E+00  0.0000000E+00  0.0000000E+00  0.0000000E+00  0.0000000E+00  0.0000000E+00
OTHERS              0.0000000E+00  0.0000000E+00  0.0000000E+00  0.0000000E+00  0.0000000E+00  0.0000000E+00  0.0000000E+00  0.0000000E+00  0.0000000E+00  0.0000000E+00  0.0000000E+00  0.0000000E+00  0.0000000E+00  0.0000000E+00  0.0000000E+00  0.9626748E+04  0.0000000E+00  0.0000000E+00  0.0000000E+00  0.9626748E+04
SUB_TOTAL           0.5612486E+05  0.2295997E+05  0.5853497E+05  0.2388519E+05  0.1340957E+05  0.1681002E+06  0.1843866E+05  0.1327989E+06  0.3488597E+05  0.3832668E+05  0.7261630E+05  0.1942518E+05  0.8503096E+05  0.1263337E+00  0.1762492E+04  0.1195552E+07  0.8495470E+04  0.1408814E+05  0.5719744E+04  0.1970155E+07
  
Non-Combustion Sources [t/year]
  
Industry [t/year]
  
Sector
PIG_IRON            0.1295580E+06
CRUDE_STEEL         0.3053393E+06
IRON_STEEL_OTHERS   0.1378489E+06
ALUMINUM_ALUMINA    0.0000000E+00
COPPER              0.0000000E+00
ZINC                0.0000000E+00
LEAD                0.0000000E+00
CMENT               0.0000000E+00
BRICKS              0.0000000E+00
LIME                0.0000000E+00
COKE_OVENS          0.1219560E+05
OIL_REFINERY        0.0000000E+00
OTH_TRANSFORMATION  0.1817312E+02
SULPHRIC_ACID       0.0000000E+00
OTHERS              0.0000000E+00
SUB_TOTAL           0.5849600E+06
  
Total [t/year]
  
TOTAL               0.2555115E+07
