Year       : 2007
Country    : CHN
Sub-Region : HEBE
  
Combustion Sources [t/year]
  
Fuel Type           POWER_PLANTS   ENERGY         IRON_STEEL     CHEM_PETRCHEM  NON_FERR_MET   NON_MET_MINE   OTHERS         ROAD_CARS      ROAD_BUSES     ROAD_L_TRUCKS  ROAD_H_TRUCKS  ROAD_MC        ROAD_OTHERS    DOM_NAVI       RAILWAY_ETC    RESIDENT       COMM_PUB       AGR_FORE_FISH  OTHERS         SUB_TOTAL    
HARD_COAL           0.1976928E+06  0.9604490E+05  0.0000000E+00  0.0000000E+00  0.0000000E+00  0.1197120E+07  0.7415562E+07  0.0000000E+00  0.0000000E+00  0.0000000E+00  0.0000000E+00  0.0000000E+00  0.0000000E+00  0.0000000E+00  0.1377419E+04  0.7892475E+06  0.1679552E+05  0.7970880E+04  0.7715856E+05  0.9798970E+07
BROWN_COAL          0.0000000E+00  0.0000000E+00  0.0000000E+00  0.0000000E+00  0.0000000E+00  0.0000000E+00  0.0000000E+00  0.0000000E+00  0.0000000E+00  0.0000000E+00  0.0000000E+00  0.0000000E+00  0.0000000E+00  0.0000000E+00  0.0000000E+00  0.0000000E+00  0.0000000E+00  0.0000000E+00  0.0000000E+00  0.0000000E+00
DERIVED_COAL        0.0000000E+00  0.8693794E+04  0.0000000E+00  0.0000000E+00  0.0000000E+00  0.7495856E+04  0.6036432E+05  0.0000000E+00  0.0000000E+00  0.0000000E+00  0.0000000E+00  0.0000000E+00  0.0000000E+00  0.0000000E+00  0.1187693E+02  0.4695182E+05  0.1514698E+04  0.2992411E+03  0.2814480E+04  0.1281461E+06
NATURAL_GAS         0.0000000E+00  0.0000000E+00  0.0000000E+00  0.0000000E+00  0.0000000E+00  0.0000000E+00  0.6277625E+03  0.0000000E+00  0.0000000E+00  0.0000000E+00  0.0000000E+00  0.0000000E+00  0.0000000E+00  0.0000000E+00  0.0000000E+00  0.1771360E+03  0.1167930E+02  0.0000000E+00  0.1479378E+02  0.8313716E+03
COKE_OVEN_GAS       0.6305576E+03  0.0000000E+00  0.0000000E+00  0.0000000E+00  0.0000000E+00  0.0000000E+00  0.2332725E+04  0.0000000E+00  0.0000000E+00  0.0000000E+00  0.0000000E+00  0.0000000E+00  0.0000000E+00  0.0000000E+00  0.0000000E+00  0.1307902E+04  0.3384030E+01  0.0000000E+00  0.1020936E+03  0.4376662E+04
OTHER_GAS           0.1391334E+04  0.0000000E+00  0.0000000E+00  0.0000000E+00  0.0000000E+00  0.0000000E+00  0.2395343E+04  0.0000000E+00  0.0000000E+00  0.0000000E+00  0.0000000E+00  0.0000000E+00  0.0000000E+00  0.0000000E+00  0.0000000E+00  0.0000000E+00  0.0000000E+00  0.0000000E+00  0.0000000E+00  0.3786677E+04
MOTOR_GASOLINE      0.0000000E+00  0.0000000E+00  0.0000000E+00  0.0000000E+00  0.0000000E+00  0.0000000E+00  0.0000000E+00  0.1168935E+07  0.6481198E+05  0.1673071E+06  0.2051427E+06  0.3976530E+06  0.0000000E+00  0.0000000E+00  0.0000000E+00  0.0000000E+00  0.0000000E+00  0.9628729E+02  0.0000000E+00  0.2003946E+07
KEROSENE            0.0000000E+00  0.0000000E+00  0.0000000E+00  0.0000000E+00  0.0000000E+00  0.0000000E+00  0.1092902E+03  0.0000000E+00  0.0000000E+00  0.0000000E+00  0.0000000E+00  0.0000000E+00  0.0000000E+00  0.0000000E+00  0.0000000E+00  0.1016237E+02  0.3014900E+01  0.4307000E+01  0.1938150E+02  0.1461560E+03
OTHER_LF            0.1546297E+02  0.0000000E+00  0.0000000E+00  0.0000000E+00  0.0000000E+00  0.0000000E+00  0.1252603E+03  0.0000000E+00  0.0000000E+00  0.0000000E+00  0.0000000E+00  0.0000000E+00  0.7420461E+01  0.0000000E+00  0.0000000E+00  0.1263240E+03  0.3132000E+01  0.5760000E+00  0.6300000E+01  0.2844757E+03
DIESEL_OIL          0.1464101E+02  0.0000000E+00  0.0000000E+00  0.0000000E+00  0.0000000E+00  0.0000000E+00  0.8263273E+03  0.0000000E+00  0.1675944E+05  0.4007498E+05  0.1209292E+06  0.0000000E+00  0.5668362E+06  0.5328694E+03  0.2520939E+03  0.1044966E+03  0.4909045E+02  0.1375107E+03  0.3875562E+02  0.7465556E+06
CRUDE_OIL           0.0000000E+00  0.1076512E+02  0.0000000E+00  0.0000000E+00  0.0000000E+00  0.0000000E+00  0.2152293E+03  0.0000000E+00  0.0000000E+00  0.0000000E+00  0.0000000E+00  0.0000000E+00  0.0000000E+00  0.0000000E+00  0.0000000E+00  0.0000000E+00  0.0000000E+00  0.0000000E+00  0.0000000E+00  0.2259944E+03
HEAVY_FUEL_OIL      0.1200000E+01  0.1276699E+02  0.0000000E+00  0.0000000E+00  0.0000000E+00  0.0000000E+00  0.2571130E+03  0.0000000E+00  0.0000000E+00  0.0000000E+00  0.0000000E+00  0.0000000E+00  0.0000000E+00  0.2520000E+01  0.0000000E+00  0.0000000E+00  0.7620000E+01  0.2580000E+01  0.2040000E+01  0.2858400E+03
OTHER_HF            0.0000000E+00  0.1386734E+02  0.0000000E+00  0.0000000E+00  0.0000000E+00  0.0000000E+00  0.8659726E+03  0.0000000E+00  0.0000000E+00  0.0000000E+00  0.0000000E+00  0.0000000E+00  0.0000000E+00  0.0000000E+00  0.0000000E+00  0.0000000E+00  0.0000000E+00  0.0000000E+00  0.0000000E+00  0.8798399E+03
FUELWOOD            0.0000000E+00  0.0000000E+00  0.0000000E+00  0.0000000E+00  0.0000000E+00  0.0000000E+00  0.0000000E+00  0.0000000E+00  0.0000000E+00  0.0000000E+00  0.0000000E+00  0.0000000E+00  0.0000000E+00  0.0000000E+00  0.0000000E+00  0.5827372E+06  0.0000000E+00  0.0000000E+00  0.0000000E+00  0.5827372E+06
CROP_RESIDUE        0.0000000E+00  0.0000000E+00  0.0000000E+00  0.0000000E+00  0.0000000E+00  0.0000000E+00  0.0000000E+00  0.0000000E+00  0.0000000E+00  0.0000000E+00  0.0000000E+00  0.0000000E+00  0.0000000E+00  0.0000000E+00  0.0000000E+00  0.1697838E+07  0.0000000E+00  0.0000000E+00  0.0000000E+00  0.1697838E+07
ANIMAL_WASTE        0.0000000E+00  0.0000000E+00  0.0000000E+00  0.0000000E+00  0.0000000E+00  0.0000000E+00  0.0000000E+00  0.0000000E+00  0.0000000E+00  0.0000000E+00  0.0000000E+00  0.0000000E+00  0.0000000E+00  0.0000000E+00  0.0000000E+00  0.0000000E+00  0.0000000E+00  0.0000000E+00  0.0000000E+00  0.0000000E+00
OTHERS              0.0000000E+00  0.0000000E+00  0.0000000E+00  0.0000000E+00  0.0000000E+00  0.0000000E+00  0.0000000E+00  0.0000000E+00  0.0000000E+00  0.0000000E+00  0.0000000E+00  0.0000000E+00  0.0000000E+00  0.0000000E+00  0.0000000E+00  0.6900561E+05  0.0000000E+00  0.0000000E+00  0.0000000E+00  0.6900561E+05
SUB_TOTAL           0.1997460E+06  0.1047761E+06  0.0000000E+00  0.0000000E+00  0.0000000E+00  0.1204616E+07  0.7483681E+07  0.1168935E+07  0.8157142E+05  0.2073821E+06  0.3260719E+06  0.3976530E+06  0.5668436E+06  0.5353894E+03  0.1641390E+04  0.3187506E+07  0.1838814E+05  0.8511382E+04  0.8015640E+05  0.1503802E+08
  
Non-Combustion Sources [t/year]
  
Industry [t/year]
  
Sector
PIG_IRON            0.2299909E+07
CRUDE_STEEL         0.5353717E+07
IRON_STEEL_OTHERS   0.1139446E+07
ALUMINUM_ALUMINA    0.0000000E+00
COPPER              0.0000000E+00
ZINC                0.0000000E+00
LEAD                0.0000000E+00
CMENT               0.0000000E+00
BRICKS              0.0000000E+00
LIME                0.0000000E+00
COKE_OVENS          0.8164531E+05
OIL_REFINERY        0.0000000E+00
OTH_TRANSFORMATION  0.7811898E+02
SULPHRIC_ACID       0.0000000E+00
OTHERS              0.0000000E+00
SUB_TOTAL           0.8874795E+07
  
Total [t/year]
  
TOTAL               0.2391281E+08
