Year       : 2007
Country    : CHN
Sub-Region : NINX
  
Combustion Sources [t/year]
  
Fuel Type           POWER_PLANTS   ENERGY         IRON_STEEL     CHEM_PETRCHEM  NON_FERR_MET   NON_MET_MINE   OTHERS         ROAD_CARS      ROAD_BUSES     ROAD_L_TRUCKS  ROAD_H_TRUCKS  ROAD_MC        ROAD_OTHERS    DOM_NAVI       RAILWAY_ETC    RESIDENT       COMM_PUB       AGR_FORE_FISH  OTHERS         SUB_TOTAL    
HARD_COAL           0.5535498E+05  0.8535100E+05  0.8106179E+04  0.3177224E+05  0.3707657E+04  0.7899340E+05  0.2440770E+05  0.0000000E+00  0.0000000E+00  0.0000000E+00  0.0000000E+00  0.0000000E+00  0.0000000E+00  0.0000000E+00  0.4186827E+03  0.7231500E+05  0.1472000E+04  0.1656000E+04  0.1472000E+04  0.3650268E+06
BROWN_COAL          0.0000000E+00  0.0000000E+00  0.0000000E+00  0.0000000E+00  0.0000000E+00  0.0000000E+00  0.0000000E+00  0.0000000E+00  0.0000000E+00  0.0000000E+00  0.0000000E+00  0.0000000E+00  0.0000000E+00  0.0000000E+00  0.0000000E+00  0.0000000E+00  0.0000000E+00  0.0000000E+00  0.0000000E+00  0.0000000E+00
DERIVED_COAL        0.0000000E+00  0.1237613E+03  0.2909209E+03  0.1534476E+04  0.1839220E+03  0.1711236E+04  0.6945650E+02  0.0000000E+00  0.0000000E+00  0.0000000E+00  0.0000000E+00  0.0000000E+00  0.0000000E+00  0.0000000E+00  0.0000000E+00  0.0000000E+00  0.0000000E+00  0.0000000E+00  0.0000000E+00  0.3913773E+04
NATURAL_GAS         0.2180136E+02  0.0000000E+00  0.6523000E-02  0.4646550E+02  0.3512998E+01  0.3218013E+00  0.1082093E+01  0.0000000E+00  0.0000000E+00  0.0000000E+00  0.0000000E+00  0.0000000E+00  0.0000000E+00  0.0000000E+00  0.0000000E+00  0.7591545E+03  0.0000000E+00  0.0000000E+00  0.0000000E+00  0.8323448E+03
COKE_OVEN_GAS       0.0000000E+00  0.0000000E+00  0.0000000E+00  0.7817245E+00  0.1337422E+03  0.0000000E+00  0.0000000E+00  0.0000000E+00  0.0000000E+00  0.0000000E+00  0.0000000E+00  0.0000000E+00  0.0000000E+00  0.0000000E+00  0.0000000E+00  0.0000000E+00  0.0000000E+00  0.0000000E+00  0.0000000E+00  0.1345239E+03
OTHER_GAS           0.0000000E+00  0.6146467E+00  0.0000000E+00  0.0000000E+00  0.0000000E+00  0.0000000E+00  0.0000000E+00  0.0000000E+00  0.0000000E+00  0.0000000E+00  0.0000000E+00  0.0000000E+00  0.0000000E+00  0.0000000E+00  0.0000000E+00  0.0000000E+00  0.0000000E+00  0.0000000E+00  0.0000000E+00  0.6146467E+00
MOTOR_GASOLINE      0.0000000E+00  0.0000000E+00  0.0000000E+00  0.0000000E+00  0.0000000E+00  0.0000000E+00  0.0000000E+00  0.7195354E+05  0.1121489E+05  0.1819457E+05  0.2201635E+05  0.1716692E+05  0.0000000E+00  0.0000000E+00  0.0000000E+00  0.0000000E+00  0.0000000E+00  0.1395468E+02  0.0000000E+00  0.1405602E+06
KEROSENE            0.0000000E+00  0.0000000E+00  0.0000000E+00  0.0000000E+00  0.0000000E+00  0.0000000E+00  0.0000000E+00  0.0000000E+00  0.0000000E+00  0.0000000E+00  0.0000000E+00  0.0000000E+00  0.0000000E+00  0.0000000E+00  0.0000000E+00  0.0000000E+00  0.0000000E+00  0.0000000E+00  0.0000000E+00  0.0000000E+00
OTHER_LF            0.0000000E+00  0.2259534E+01  0.2501893E+01  0.2613752E+01  0.1830744E+01  0.1655500E+01  0.9534039E+01  0.0000000E+00  0.0000000E+00  0.0000000E+00  0.0000000E+00  0.0000000E+00  0.0000000E+00  0.0000000E+00  0.0000000E+00  0.1015200E+02  0.0000000E+00  0.0000000E+00  0.0000000E+00  0.3054746E+02
DIESEL_OIL          0.0000000E+00  0.1774612E+02  0.1311820E+01  0.1530335E+02  0.2269194E+01  0.6287784E+01  0.1110993E+02  0.0000000E+00  0.2845492E+04  0.4276209E+04  0.1273441E+05  0.0000000E+00  0.7212966E+05  0.0000000E+00  0.5810546E+02  0.0000000E+00  0.1148315E+02  0.2468876E+02  0.1148315E+02  0.9214556E+05
CRUDE_OIL           0.0000000E+00  0.0000000E+00  0.0000000E+00  0.0000000E+00  0.0000000E+00  0.0000000E+00  0.0000000E+00  0.0000000E+00  0.0000000E+00  0.0000000E+00  0.0000000E+00  0.0000000E+00  0.0000000E+00  0.0000000E+00  0.0000000E+00  0.0000000E+00  0.0000000E+00  0.0000000E+00  0.0000000E+00  0.0000000E+00
HEAVY_FUEL_OIL      0.0000000E+00  0.7825584E+00  0.2885008E-02  0.1912039E+01  0.0000000E+00  0.1009753E-01  0.4724202E+00  0.0000000E+00  0.0000000E+00  0.0000000E+00  0.0000000E+00  0.0000000E+00  0.0000000E+00  0.0000000E+00  0.0000000E+00  0.0000000E+00  0.0000000E+00  0.0000000E+00  0.0000000E+00  0.3180000E+01
OTHER_HF            0.0000000E+00  0.5364013E+01  0.7950336E+02  0.6842868E+02  0.2747230E+02  0.7095828E+01  0.2215803E+01  0.0000000E+00  0.0000000E+00  0.0000000E+00  0.0000000E+00  0.0000000E+00  0.0000000E+00  0.0000000E+00  0.0000000E+00  0.0000000E+00  0.0000000E+00  0.0000000E+00  0.0000000E+00  0.1900800E+03
FUELWOOD            0.0000000E+00  0.0000000E+00  0.0000000E+00  0.0000000E+00  0.0000000E+00  0.0000000E+00  0.0000000E+00  0.0000000E+00  0.0000000E+00  0.0000000E+00  0.0000000E+00  0.0000000E+00  0.0000000E+00  0.0000000E+00  0.0000000E+00  0.9161590E+04  0.0000000E+00  0.0000000E+00  0.0000000E+00  0.9161590E+04
CROP_RESIDUE        0.0000000E+00  0.0000000E+00  0.0000000E+00  0.0000000E+00  0.0000000E+00  0.0000000E+00  0.0000000E+00  0.0000000E+00  0.0000000E+00  0.0000000E+00  0.0000000E+00  0.0000000E+00  0.0000000E+00  0.0000000E+00  0.0000000E+00  0.1312447E+06  0.0000000E+00  0.0000000E+00  0.0000000E+00  0.1312447E+06
ANIMAL_WASTE        0.0000000E+00  0.0000000E+00  0.0000000E+00  0.0000000E+00  0.0000000E+00  0.0000000E+00  0.0000000E+00  0.0000000E+00  0.0000000E+00  0.0000000E+00  0.0000000E+00  0.0000000E+00  0.0000000E+00  0.0000000E+00  0.0000000E+00  0.0000000E+00  0.0000000E+00  0.0000000E+00  0.0000000E+00  0.0000000E+00
OTHERS              0.0000000E+00  0.0000000E+00  0.0000000E+00  0.0000000E+00  0.0000000E+00  0.0000000E+00  0.0000000E+00  0.0000000E+00  0.0000000E+00  0.0000000E+00  0.0000000E+00  0.0000000E+00  0.0000000E+00  0.0000000E+00  0.0000000E+00  0.4105788E+04  0.0000000E+00  0.0000000E+00  0.0000000E+00  0.4105788E+04
SUB_TOTAL           0.5537678E+05  0.8550153E+05  0.8480426E+04  0.3344222E+05  0.4060406E+04  0.8072001E+05  0.2450157E+05  0.7195354E+05  0.1406038E+05  0.2247078E+05  0.3475076E+05  0.1716692E+05  0.7212966E+05  0.0000000E+00  0.4767882E+03  0.2175964E+06  0.1483483E+04  0.1694643E+04  0.1483483E+04  0.7473498E+06
  
Non-Combustion Sources [t/year]
  
Industry [t/year]
  
Sector
PIG_IRON            0.1010840E+05
CRUDE_STEEL         0.1823518E+03
IRON_STEEL_OTHERS   0.0000000E+00
ALUMINUM_ALUMINA    0.0000000E+00
COPPER              0.0000000E+00
ZINC                0.0000000E+00
LEAD                0.0000000E+00
CMENT               0.0000000E+00
BRICKS              0.0000000E+00
LIME                0.0000000E+00
COKE_OVENS          0.6394795E+04
OIL_REFINERY        0.0000000E+00
OTH_TRANSFORMATION  0.0000000E+00
SULPHRIC_ACID       0.0000000E+00
OTHERS              0.0000000E+00
SUB_TOTAL           0.1668555E+05
  
Total [t/year]
  
TOTAL               0.7640353E+06
